3.000000000000000000e+00 1.656249999999999953e-03
8.000000000000000000e+00 1.635497999999999987e-03
1.200000000000000000e+01 1.632813000000000103e-03
1.700000000000000000e+01 1.635497999999999987e-03
2.300000000000000000e+01 1.630860000000000035e-03
2.900000000000000000e+01 1.629395000000000062e-03
3.400000000000000000e+01 1.615478999999999960e-03
4.000000000000000000e+01 1.658203999999999928e-03
4.600000000000000000e+01 1.626220999999999960e-03
5.200000000000000000e+01 1.636719000000000021e-03
5.800000000000000000e+01 1.630860000000000035e-03
6.300000000000000000e+01 1.654786000000000104e-03
6.900000000000000000e+01 1.629882999999999939e-03
7.500000000000000000e+01 1.661865000000000000e-03
8.100000000000000000e+01 1.630860000000000035e-03
8.700000000000000000e+01 1.642823000000000070e-03
9.200000000000000000e+01 1.648193999999999961e-03
9.800000000000000000e+01 1.637695999999999900e-03
1.040000000000000000e+02 1.642089999999999913e-03
1.100000000000000000e+02 1.639892999999999906e-03
1.160000000000000000e+02 1.629639000000000001e-03
1.220000000000000000e+02 1.631103999999999974e-03
1.270000000000000000e+02 1.647461000000000021e-03
1.330000000000000000e+02 1.644286999999999919e-03
1.390000000000000000e+02 1.652587999999999974e-03
1.450000000000000000e+02 1.657714999999999926e-03
1.510000000000000000e+02 1.663575000000000036e-03
1.560000000000000000e+02 1.641113999999999941e-03
1.620000000000000000e+02 1.641113999999999941e-03
1.680000000000000000e+02 1.660156000000000088e-03
1.740000000000000000e+02 1.637451999999999961e-03
1.800000000000000000e+02 1.646972999999999927e-03
1.850000000000000000e+02 1.657470999999999988e-03
1.910000000000000000e+02 1.640381000000000001e-03
1.970000000000000000e+02 1.641845999999999974e-03
2.030000000000000000e+02 1.653076999999999975e-03
2.090000000000000000e+02 1.651368000000000063e-03
2.150000000000000000e+02 1.653320999999999914e-03
2.200000000000000000e+02 1.639648999999999968e-03
2.260000000000000000e+02 1.658935999999999961e-03
2.320000000000000000e+02 1.635741999999999925e-03
2.380000000000000000e+02 1.646485000000000049e-03
2.440000000000000000e+02 1.660645000000000090e-03
2.490000000000000000e+02 1.664307000000000069e-03
2.550000000000000000e+02 1.644286999999999919e-03
2.610000000000000000e+02 1.650390999999999967e-03
2.670000000000000000e+02 1.659911999999999933e-03
2.730000000000000000e+02 1.637940000000000056e-03
2.790000000000000000e+02 1.661865000000000000e-03
2.840000000000000000e+02 1.614746000000000020e-03
2.900000000000000000e+02 1.640624999999999939e-03
2.960000000000000000e+02 1.645020000000000076e-03
3.020000000000000000e+02 1.644286999999999919e-03
3.080000000000000000e+02 1.630371999999999941e-03
3.130000000000000000e+02 1.641602000000000035e-03
3.190000000000000000e+02 1.654052999999999947e-03
3.250000000000000000e+02 1.649903000000000090e-03
3.310000000000000000e+02 1.636230999999999927e-03
3.370000000000000000e+02 1.656006000000000014e-03
3.420000000000000000e+02 1.646240999999999894e-03
3.480000000000000000e+02 1.638672000000000089e-03
3.540000000000000000e+02 1.638916000000000027e-03
3.600000000000000000e+02 1.641113999999999941e-03
3.660000000000000000e+02 1.633544999999999919e-03
3.720000000000000000e+02 1.632568999999999947e-03
3.770000000000000000e+02 1.663818999999999975e-03
3.830000000000000000e+02 1.636962999999999960e-03
3.890000000000000000e+02 1.650147000000000029e-03
3.950000000000000000e+02 1.641358000000000096e-03
4.010000000000000000e+02 1.626220999999999960e-03
4.060000000000000000e+02 1.648682000000000055e-03
4.120000000000000000e+02 1.623534999999999952e-03
4.180000000000000000e+02 1.664551000000000008e-03
4.240000000000000000e+02 1.647461000000000021e-03
4.300000000000000000e+02 1.635497999999999987e-03
4.350000000000000000e+02 1.634522000000000015e-03
4.410000000000000000e+02 1.636962999999999960e-03
4.470000000000000000e+02 1.619140999999999940e-03
4.530000000000000000e+02 1.641845999999999974e-03
4.590000000000000000e+02 1.640624999999999939e-03
4.650000000000000000e+02 1.629395000000000062e-03
4.700000000000000000e+02 1.634522000000000015e-03
4.760000000000000000e+02 1.632325000000000009e-03
4.820000000000000000e+02 1.596680000000000061e-03
4.880000000000000000e+02 1.645996000000000048e-03
4.940000000000000000e+02 1.635497999999999987e-03
4.990000000000000000e+02 1.624999999999999925e-03
5.050000000000000000e+02 1.658692000000000022e-03
5.110000000000000000e+02 1.637940000000000056e-03
5.170000000000000000e+02 1.645507999999999953e-03
5.230000000000000000e+02 1.639161000000000090e-03
5.280000000000000000e+02 1.623780000000000015e-03
5.340000000000000000e+02 1.628661999999999905e-03
5.400000000000000000e+02 1.666015999999999981e-03
5.460000000000000000e+02 1.635497999999999987e-03
5.520000000000000000e+02 1.641845999999999974e-03
5.580000000000000000e+02 1.657470999999999988e-03
5.630000000000000000e+02 1.624267999999999892e-03
5.690000000000000000e+02 1.658935999999999961e-03
5.750000000000000000e+02 1.616454999999999932e-03
5.810000000000000000e+02 1.669434000000000022e-03
5.870000000000000000e+02 1.634522000000000015e-03
5.920000000000000000e+02 1.636719000000000021e-03
5.980000000000000000e+02 1.663818999999999975e-03
6.040000000000000000e+02 1.643799000000000041e-03
6.100000000000000000e+02 1.625733000000000083e-03
6.160000000000000000e+02 1.644531999999999982e-03
6.220000000000000000e+02 1.629150999999999907e-03
6.270000000000000000e+02 1.651368000000000063e-03
6.330000000000000000e+02 1.656249999999999953e-03
6.390000000000000000e+02 1.628174000000000027e-03
6.450000000000000000e+02 1.647704999999999960e-03
6.510000000000000000e+02 1.630371999999999941e-03
6.560000000000000000e+02 1.643067000000000008e-03
6.620000000000000000e+02 1.644531999999999982e-03
6.680000000000000000e+02 1.642578999999999914e-03
6.740000000000000000e+02 1.638916000000000027e-03
6.800000000000000000e+02 1.646728999999999988e-03
6.850000000000000000e+02 1.633544999999999919e-03
6.910000000000000000e+02 1.645507999999999953e-03
6.970000000000000000e+02 1.625488999999999927e-03
7.030000000000000000e+02 1.655030000000000043e-03
7.090000000000000000e+02 1.657227000000000049e-03
7.150000000000000000e+02 1.645020000000000076e-03
7.200000000000000000e+02 1.643555000000000103e-03
7.260000000000000000e+02 1.643067000000000008e-03
7.320000000000000000e+02 1.648682000000000055e-03
7.380000000000000000e+02 1.633544999999999919e-03
7.440000000000000000e+02 1.618897000000000001e-03
7.490000000000000000e+02 1.654052999999999947e-03
7.550000000000000000e+02 1.646972999999999927e-03
7.610000000000000000e+02 1.651855999999999941e-03
7.670000000000000000e+02 1.660156000000000088e-03
7.730000000000000000e+02 1.668456999999999926e-03
7.780000000000000000e+02 1.623780000000000015e-03
7.840000000000000000e+02 1.624755999999999987e-03
7.900000000000000000e+02 1.639405000000000029e-03
7.960000000000000000e+02 1.637940000000000056e-03
8.020000000000000000e+02 1.660400999999999934e-03
8.080000000000000000e+02 1.636719000000000021e-03
8.130000000000000000e+02 1.646240999999999894e-03
8.190000000000000000e+02 1.642089999999999913e-03
8.250000000000000000e+02 1.657227000000000049e-03
8.310000000000000000e+02 1.643555000000000103e-03
8.370000000000000000e+02 1.646240999999999894e-03
8.420000000000000000e+02 1.652587999999999974e-03
8.480000000000000000e+02 1.680908000000000055e-03
8.540000000000000000e+02 1.662597999999999940e-03
8.600000000000000000e+02 1.665772000000000043e-03
8.660000000000000000e+02 1.658692000000000022e-03
8.710000000000000000e+02 1.660400999999999934e-03
8.770000000000000000e+02 1.634033999999999921e-03
8.830000000000000000e+02 1.652100000000000096e-03
8.890000000000000000e+02 1.663575000000000036e-03
8.950000000000000000e+02 1.632325000000000009e-03
9.010000000000000000e+02 1.646728999999999988e-03
9.060000000000000000e+02 1.634522000000000015e-03
9.120000000000000000e+02 1.639161000000000090e-03
9.180000000000000000e+02 1.667724999999999893e-03
9.240000000000000000e+02 1.644042999999999980e-03
9.300000000000000000e+02 1.628174000000000027e-03
9.350000000000000000e+02 1.661865000000000000e-03
9.410000000000000000e+02 1.662842000000000096e-03
9.470000000000000000e+02 1.648925999999999994e-03
9.530000000000000000e+02 1.661865000000000000e-03
9.590000000000000000e+02 1.633789000000000075e-03
9.640000000000000000e+02 1.631103999999999974e-03
9.700000000000000000e+02 1.649414000000000088e-03
9.760000000000000000e+02 1.659179999999999900e-03
9.820000000000000000e+02 1.686524000000000009e-03
9.880000000000000000e+02 1.632568999999999947e-03
9.940000000000000000e+02 1.656249999999999953e-03
9.990000000000000000e+02 1.655517999999999920e-03
1.005000000000000000e+03 1.634278000000000076e-03
1.011000000000000000e+03 1.641113999999999941e-03
1.017000000000000000e+03 1.678466999999999893e-03
1.023000000000000000e+03 1.652100000000000096e-03
1.028000000000000000e+03 1.635741999999999925e-03
1.034000000000000000e+03 1.640137000000000062e-03
1.040000000000000000e+03 1.652100000000000096e-03
1.046000000000000000e+03 1.629395000000000062e-03
1.052000000000000000e+03 1.645264000000000015e-03
1.058000000000000000e+03 1.636230999999999927e-03
1.063000000000000000e+03 1.647461000000000021e-03
1.069000000000000000e+03 1.679932000000000083e-03
1.075000000000000000e+03 1.648437999999999900e-03
1.081000000000000000e+03 1.662842000000000096e-03
1.087000000000000000e+03 1.638427999999999933e-03
1.092000000000000000e+03 1.677001999999999920e-03
1.098000000000000000e+03 1.657470999999999988e-03
1.104000000000000000e+03 1.659667999999999994e-03
1.110000000000000000e+03 1.680663999999999899e-03
1.116000000000000000e+03 1.639405000000000029e-03
1.121000000000000000e+03 1.631347999999999913e-03
1.127000000000000000e+03 1.657714999999999926e-03
1.133000000000000000e+03 1.638916000000000027e-03
1.139000000000000000e+03 1.641113999999999941e-03
1.145000000000000000e+03 1.687012000000000103e-03
1.151000000000000000e+03 1.639892999999999906e-03
1.156000000000000000e+03 1.631836000000000007e-03
1.162000000000000000e+03 1.656249999999999953e-03
1.168000000000000000e+03 1.641602000000000035e-03
1.174000000000000000e+03 1.649658999999999934e-03
1.180000000000000000e+03 1.665039000000000102e-03
1.185000000000000000e+03 1.640137000000000062e-03
1.191000000000000000e+03 1.664794999999999947e-03
1.197000000000000000e+03 1.661865000000000000e-03
1.203000000000000000e+03 1.647217000000000082e-03
1.209000000000000000e+03 1.632079999999999946e-03
1.214000000000000000e+03 1.645020000000000076e-03
1.220000000000000000e+03 1.671387000000000090e-03
1.226000000000000000e+03 1.656493999999999892e-03
1.232000000000000000e+03 1.658446999999999959e-03
1.238000000000000000e+03 1.673096000000000002e-03
1.244000000000000000e+03 1.668701000000000082e-03
1.249000000000000000e+03 1.661376999999999906e-03
1.255000000000000000e+03 1.669677999999999961e-03
1.261000000000000000e+03 1.666015999999999981e-03
1.267000000000000000e+03 1.650147000000000029e-03
1.273000000000000000e+03 1.669434000000000022e-03
1.278000000000000000e+03 1.676514000000000042e-03
1.284000000000000000e+03 1.648682000000000055e-03
1.290000000000000000e+03 1.654052999999999947e-03
1.296000000000000000e+03 1.680908000000000055e-03
1.302000000000000000e+03 1.682373000000000028e-03
1.307000000000000000e+03 1.672120000000000030e-03
1.313000000000000000e+03 1.640381000000000001e-03
1.319000000000000000e+03 1.646485000000000049e-03
1.325000000000000000e+03 1.672607999999999907e-03
1.331000000000000000e+03 1.666993000000000077e-03
1.337000000000000000e+03 1.659179999999999900e-03
1.342000000000000000e+03 1.653565000000000070e-03
1.348000000000000000e+03 1.672852000000000063e-03
1.354000000000000000e+03 1.677490999999999921e-03
1.360000000000000000e+03 1.661621000000000061e-03
1.366000000000000000e+03 1.672607999999999907e-03
1.371000000000000000e+03 1.664062999999999914e-03
1.377000000000000000e+03 1.660156000000000088e-03
1.383000000000000000e+03 1.666504000000000076e-03
1.389000000000000000e+03 1.629150999999999907e-03
1.395000000000000000e+03 1.667237000000000016e-03
1.401000000000000000e+03 1.714112000000000057e-03
1.406000000000000000e+03 1.685546999999999913e-03
1.412000000000000000e+03 1.653809000000000008e-03
1.418000000000000000e+03 1.701905000000000084e-03
1.424000000000000000e+03 1.684081999999999940e-03
1.430000000000000000e+03 1.679200000000000050e-03
1.435000000000000000e+03 1.662597999999999940e-03
1.441000000000000000e+03 1.692139000000000056e-03
1.447000000000000000e+03 1.701905000000000084e-03
1.453000000000000000e+03 1.679443999999999989e-03
1.459000000000000000e+03 1.736817000000000092e-03
1.464000000000000000e+03 1.790038999999999996e-03
1.470000000000000000e+03 1.667237000000000016e-03
1.476000000000000000e+03 1.728272000000000098e-03
1.482000000000000000e+03 1.696288999999999913e-03
1.488000000000000000e+03 1.680176000000000022e-03
1.494000000000000000e+03 1.732178000000000016e-03
1.499000000000000000e+03 1.675049000000000069e-03
1.505000000000000000e+03 1.674073000000000097e-03
1.511000000000000000e+03 1.761231000000000038e-03
1.517000000000000000e+03 1.699219000000000077e-03
1.523000000000000000e+03 1.684815000000000097e-03
1.528000000000000000e+03 1.744873999999999991e-03
1.534000000000000000e+03 1.714355999999999996e-03
1.540000000000000000e+03 1.774902999999999984e-03
1.546000000000000000e+03 1.730956999999999982e-03
1.552000000000000000e+03 1.771240000000000097e-03
1.557000000000000000e+03 1.980712999999999831e-03
1.563000000000000000e+03 1.743652999999999956e-03
1.569000000000000000e+03 1.844726999999999999e-03
1.575000000000000000e+03 1.905762000000000081e-03
1.581000000000000000e+03 1.828612999999999983e-03
1.587000000000000000e+03 1.756348000000000024e-03
1.592000000000000000e+03 1.854980999999999904e-03
1.598000000000000000e+03 1.808837999999999896e-03
1.604000000000000000e+03 1.844238999999999904e-03
1.610000000000000000e+03 1.827880999999999950e-03
1.616000000000000000e+03 1.831055000000000052e-03
1.621000000000000000e+03 2.048096000000000118e-03
1.627000000000000000e+03 1.942383000000000000e-03
1.633000000000000000e+03 1.976074999999999880e-03
1.639000000000000000e+03 1.996827000000000064e-03
1.645000000000000000e+03 1.959961000000000082e-03
1.650000000000000000e+03 1.976563000000000191e-03
1.656000000000000000e+03 1.950927999999999994e-03
1.662000000000000000e+03 1.772949999999999917e-03
1.668000000000000000e+03 1.877685999999999938e-03
1.674000000000000000e+03 1.962403000000000151e-03
1.680000000000000000e+03 1.963134999999999967e-03
1.685000000000000000e+03 2.095215000000000098e-03
1.691000000000000000e+03 2.033936000000000077e-03
1.697000000000000000e+03 2.034911999999999832e-03
1.703000000000000000e+03 2.048827999999999934e-03
1.709000000000000000e+03 2.010497999999999886e-03
1.714000000000000000e+03 2.035888999999999928e-03
1.720000000000000000e+03 2.036866000000000024e-03
1.726000000000000000e+03 1.925538000000000076e-03
1.732000000000000000e+03 2.053711000000000165e-03
1.738000000000000000e+03 2.102295000000000118e-03
1.744000000000000000e+03 2.101562999999999869e-03
1.749000000000000000e+03 2.175293000000000018e-03
1.755000000000000000e+03 2.047119000000000022e-03
1.761000000000000000e+03 2.130126999999999889e-03
1.767000000000000000e+03 2.182861999999999823e-03
1.773000000000000000e+03 2.132568999999999958e-03
1.778000000000000000e+03 2.059083000000000181e-03
1.784000000000000000e+03 2.090331999999999867e-03
1.790000000000000000e+03 2.058106000000000085e-03
1.796000000000000000e+03 2.108155000000000012e-03
1.802000000000000000e+03 2.124756000000000214e-03
1.807000000000000000e+03 2.106446000000000100e-03
1.813000000000000000e+03 2.220215000000000209e-03
1.819000000000000000e+03 2.167236999999999809e-03
1.825000000000000000e+03 2.120606000000000140e-03
1.831000000000000000e+03 2.187011999999999897e-03
1.837000000000000000e+03 2.091308999999999963e-03
1.842000000000000000e+03 2.126709000000000065e-03
1.848000000000000000e+03 2.194335999999999856e-03
1.854000000000000000e+03 2.085205000000000131e-03
1.860000000000000000e+03 2.179443999999999999e-03
1.866000000000000000e+03 2.159668000000000004e-03
1.871000000000000000e+03 2.253662999999999934e-03
1.877000000000000000e+03 2.441163000000000100e-03
1.883000000000000000e+03 2.317627000000000055e-03
1.889000000000000000e+03 2.228271999999999892e-03
1.895000000000000000e+03 2.324707999999999983e-03
1.900000000000000000e+03 2.195556999999999891e-03
1.906000000000000000e+03 2.151856000000000168e-03
1.912000000000000000e+03 2.232665999999999904e-03
1.918000000000000000e+03 2.290038999999999790e-03
1.924000000000000000e+03 2.263671999999999993e-03
1.930000000000000000e+03 2.287108999999999843e-03
1.935000000000000000e+03 2.293457000000000048e-03
1.941000000000000000e+03 2.459473000000000215e-03
1.947000000000000000e+03 2.408448000000000099e-03
1.953000000000000000e+03 2.265136999999999966e-03
1.959000000000000000e+03 2.373779999999999814e-03
1.964000000000000000e+03 2.268310999999999852e-03
1.970000000000000000e+03 2.317139000000000178e-03
1.976000000000000000e+03 2.358643000000000111e-03
1.982000000000000000e+03 2.303223000000000076e-03
1.988000000000000000e+03 2.474853999999999856e-03
1.993000000000000000e+03 2.453858000000000168e-03
1.999000000000000000e+03 2.421631000000000044e-03
2.005000000000000000e+03 2.461182000000000127e-03
2.011000000000000000e+03 2.425048999999999868e-03
2.017000000000000000e+03 2.436279999999999869e-03
2.023000000000000000e+03 2.404541000000000057e-03
2.028000000000000000e+03 2.407958999999999881e-03
2.034000000000000000e+03 2.393798999999999840e-03
2.040000000000000000e+03 2.423829000000000174e-03
2.046000000000000000e+03 2.408935999999999977e-03
2.052000000000000000e+03 2.563965000000000081e-03
2.057000000000000000e+03 2.526856000000000067e-03
2.063000000000000000e+03 2.456298999999999896e-03
2.069000000000000000e+03 2.621582999999999813e-03
2.075000000000000000e+03 2.558837999999999911e-03
2.081000000000000000e+03 2.524413999999999998e-03
2.086000000000000000e+03 2.607421999999999865e-03
2.092000000000000000e+03 2.531006000000000141e-03
2.098000000000000000e+03 2.500977000000000148e-03
2.104000000000000000e+03 2.573975000000000048e-03
2.110000000000000000e+03 2.489013999999999897e-03
2.116000000000000000e+03 2.515381000000000127e-03
2.121000000000000000e+03 2.473877000000000194e-03
2.127000000000000000e+03 2.512939000000000058e-03
2.133000000000000000e+03 2.599610000000000028e-03
2.139000000000000000e+03 2.470704000000000216e-03
2.145000000000000000e+03 2.451660000000000037e-03
2.150000000000000000e+03 2.531494999999999926e-03
2.156000000000000000e+03 2.585449000000000080e-03
2.162000000000000000e+03 2.612305000000000096e-03
2.168000000000000000e+03 2.565430000000000054e-03
2.174000000000000000e+03 2.495606000000000040e-03
2.180000000000000000e+03 2.619385000000000116e-03
2.185000000000000000e+03 2.742431999999999943e-03
2.191000000000000000e+03 2.611328000000000000e-03
2.197000000000000000e+03 2.653321000000000152e-03
2.203000000000000000e+03 2.519288000000000170e-03
2.209000000000000000e+03 2.549561000000000102e-03
2.214000000000000000e+03 2.640136999999999866e-03
2.220000000000000000e+03 2.560302999999999884e-03
2.226000000000000000e+03 2.532715000000000053e-03
2.232000000000000000e+03 2.493897000000000128e-03
2.238000000000000000e+03 2.543702000000000116e-03
2.243000000000000000e+03 2.647216999999999886e-03
2.249000000000000000e+03 2.609131000000000210e-03
2.255000000000000000e+03 2.530517999999999830e-03
2.261000000000000000e+03 2.645020000000000097e-03
2.267000000000000000e+03 2.578613999999999906e-03
2.273000000000000000e+03 2.519531000000000201e-03
2.278000000000000000e+03 2.611084000000000061e-03
2.284000000000000000e+03 2.661620999999999865e-03
2.290000000000000000e+03 2.665771999999999847e-03
2.296000000000000000e+03 2.783691999999999937e-03
2.302000000000000000e+03 2.622071000000000124e-03
2.307000000000000000e+03 2.798829000000000074e-03
2.313000000000000000e+03 2.729004000000000152e-03
2.319000000000000000e+03 2.561767999999999858e-03
2.325000000000000000e+03 2.695312999999999962e-03
2.331000000000000000e+03 2.640380999999999805e-03
2.336000000000000000e+03 2.570556999999999790e-03
2.342000000000000000e+03 2.697510000000000185e-03
2.348000000000000000e+03 2.574462999999999925e-03
2.354000000000000000e+03 2.565430000000000054e-03
2.360000000000000000e+03 2.650391000000000205e-03
2.366000000000000000e+03 2.618408000000000020e-03
2.371000000000000000e+03 2.749999999999999840e-03
2.377000000000000000e+03 2.861083999999999850e-03
2.383000000000000000e+03 2.809326999999999918e-03
2.389000000000000000e+03 2.891358000000000122e-03
2.395000000000000000e+03 2.740235000000000153e-03
2.400000000000000000e+03 2.689453999999999977e-03
2.406000000000000000e+03 2.792724999999999808e-03
2.412000000000000000e+03 2.573241999999999891e-03
2.418000000000000000e+03 2.715332999999999896e-03
2.424000000000000000e+03 2.702880999999999860e-03
2.429000000000000000e+03 2.605469000000000014e-03
2.435000000000000000e+03 2.658203999999999949e-03
2.441000000000000000e+03 2.701415999999999887e-03
2.447000000000000000e+03 2.669190000000000104e-03
2.453000000000000000e+03 2.599122000000000151e-03
2.459000000000000000e+03 2.543212999999999897e-03
2.464000000000000000e+03 2.624755999999999791e-03
2.470000000000000000e+03 2.624023000000000067e-03
2.476000000000000000e+03 2.472657000000000067e-03
2.482000000000000000e+03 2.386963000000000192e-03
2.488000000000000000e+03 2.502198000000000182e-03
2.493000000000000000e+03 2.452393000000000194e-03
2.499000000000000000e+03 2.594971000000000170e-03
2.505000000000000000e+03 2.410888999999999827e-03
2.511000000000000000e+03 2.430176000000000038e-03
2.517000000000000000e+03 2.479003999999999930e-03
2.523000000000000000e+03 2.351807000000000029e-03
2.528000000000000000e+03 2.322753999999999791e-03
2.534000000000000000e+03 2.346191999999999982e-03
2.540000000000000000e+03 2.292724999999999798e-03
2.546000000000000000e+03 2.314941999999999955e-03
2.552000000000000000e+03 2.358887000000000050e-03
2.557000000000000000e+03 2.203124999999999788e-03
2.563000000000000000e+03 2.105469000000000004e-03
2.569000000000000000e+03 2.158936000000000188e-03
2.575000000000000000e+03 2.075927999999999888e-03
2.581000000000000000e+03 2.159180000000000127e-03
2.586000000000000000e+03 2.142334000000000079e-03
2.592000000000000000e+03 2.229004000000000141e-03
2.598000000000000000e+03 2.256591999999999973e-03
2.604000000000000000e+03 2.178222999999999965e-03
2.610000000000000000e+03 2.204590000000000195e-03
2.616000000000000000e+03 2.217530000000000109e-03
2.621000000000000000e+03 2.105225000000000065e-03
2.627000000000000000e+03 2.186767999999999958e-03
2.633000000000000000e+03 2.257081000000000191e-03
2.639000000000000000e+03 2.218017999999999986e-03
2.645000000000000000e+03 2.070068999999999902e-03
2.650000000000000000e+03 2.050538000000000187e-03
2.656000000000000000e+03 2.109619999999999985e-03
2.662000000000000000e+03 2.185790999999999863e-03
2.668000000000000000e+03 2.090821000000000086e-03
2.674000000000000000e+03 2.015625000000000056e-03
2.679000000000000000e+03 2.149658000000000038e-03
2.685000000000000000e+03 1.982422000000000177e-03
2.691000000000000000e+03 1.972167999999999838e-03
2.697000000000000000e+03 1.991455000000000048e-03
2.703000000000000000e+03 1.941650999999999967e-03
2.709000000000000000e+03 1.985840000000000001e-03
2.714000000000000000e+03 1.915039000000000107e-03
2.720000000000000000e+03 1.894775999999999926e-03
2.726000000000000000e+03 1.973388999999999872e-03
2.732000000000000000e+03 1.730713000000000043e-03
2.738000000000000000e+03 1.798095999999999896e-03
2.743000000000000000e+03 1.927490000000000019e-03
2.749000000000000000e+03 1.802002000000000031e-03
2.755000000000000000e+03 1.880860000000000041e-03
2.761000000000000000e+03 1.810547000000000024e-03
2.767000000000000000e+03 1.791503999999999970e-03
2.772000000000000000e+03 1.939208999999999898e-03
2.778000000000000000e+03 1.783691999999999916e-03
2.784000000000000000e+03 1.797608000000000018e-03
2.790000000000000000e+03 1.896485000000000054e-03
2.796000000000000000e+03 1.774170000000000044e-03
2.802000000000000000e+03 1.747559000000000091e-03
2.807000000000000000e+03 1.788819000000000086e-03
2.813000000000000000e+03 1.713134999999999962e-03
2.819000000000000000e+03 1.721436000000000016e-03
2.825000000000000000e+03 1.682618000000000091e-03
2.831000000000000000e+03 1.676514000000000042e-03
2.836000000000000000e+03 1.695069000000000003e-03
2.842000000000000000e+03 1.672120000000000030e-03
2.848000000000000000e+03 1.709229000000000043e-03
2.854000000000000000e+03 1.678954999999999987e-03
2.860000000000000000e+03 1.652344000000000035e-03
2.866000000000000000e+03 1.679200000000000050e-03
2.871000000000000000e+03 1.688721000000000015e-03
2.877000000000000000e+03 1.674073000000000097e-03
2.883000000000000000e+03 1.670410999999999901e-03
2.889000000000000000e+03 1.686524000000000009e-03
2.895000000000000000e+03 1.666015999999999981e-03
2.900000000000000000e+03 1.668945999999999928e-03
2.906000000000000000e+03 1.672852000000000063e-03
2.912000000000000000e+03 1.662842000000000096e-03
2.918000000000000000e+03 1.666993000000000077e-03
2.924000000000000000e+03 1.675049000000000069e-03
2.929000000000000000e+03 1.675782000000000009e-03
2.935000000000000000e+03 1.677735000000000077e-03
2.941000000000000000e+03 1.653565000000000070e-03
2.947000000000000000e+03 1.672607999999999907e-03
2.953000000000000000e+03 1.650879000000000062e-03
2.959000000000000000e+03 1.625977000000000021e-03
2.964000000000000000e+03 1.660645000000000090e-03
2.970000000000000000e+03 1.656249999999999953e-03
2.976000000000000000e+03 1.680663999999999899e-03
2.982000000000000000e+03 1.690429999999999927e-03
2.988000000000000000e+03 1.689453000000000048e-03
2.993000000000000000e+03 1.652587999999999974e-03
2.999000000000000000e+03 1.666015999999999981e-03
3.005000000000000000e+03 1.652831999999999912e-03
3.011000000000000000e+03 1.689942000000000050e-03
3.017000000000000000e+03 1.657470999999999988e-03
3.022000000000000000e+03 1.658446999999999959e-03
3.028000000000000000e+03 1.670410999999999901e-03
3.034000000000000000e+03 1.653565000000000070e-03
3.040000000000000000e+03 1.661376999999999906e-03
3.046000000000000000e+03 1.675293000000000008e-03
3.052000000000000000e+03 1.669921999999999900e-03
3.057000000000000000e+03 1.661376999999999906e-03
3.063000000000000000e+03 1.685791000000000069e-03
3.069000000000000000e+03 1.655273999999999981e-03
3.075000000000000000e+03 1.676514000000000042e-03
3.081000000000000000e+03 1.657714999999999926e-03
3.086000000000000000e+03 1.637206999999999898e-03
3.092000000000000000e+03 1.666015999999999981e-03
3.098000000000000000e+03 1.638916000000000027e-03
3.104000000000000000e+03 1.649903000000000090e-03
3.110000000000000000e+03 1.673584000000000096e-03
3.115000000000000000e+03 1.672120000000000030e-03
3.121000000000000000e+03 1.673828000000000035e-03
3.127000000000000000e+03 1.645751999999999892e-03
3.133000000000000000e+03 1.678954999999999987e-03
3.139000000000000000e+03 1.651368000000000063e-03
3.145000000000000000e+03 1.640624999999999939e-03
3.150000000000000000e+03 1.662842000000000096e-03
3.156000000000000000e+03 1.670410999999999901e-03
3.162000000000000000e+03 1.654541000000000041e-03
3.168000000000000000e+03 1.654541000000000041e-03
3.174000000000000000e+03 1.646972999999999927e-03
3.179000000000000000e+03 1.656249999999999953e-03
3.185000000000000000e+03 1.675782000000000009e-03
3.191000000000000000e+03 1.658935999999999961e-03
3.197000000000000000e+03 1.669677999999999961e-03
3.203000000000000000e+03 1.660156000000000088e-03
3.209000000000000000e+03 1.663329999999999973e-03
3.214000000000000000e+03 1.632813000000000103e-03
3.220000000000000000e+03 1.648925999999999994e-03
3.226000000000000000e+03 1.650147000000000029e-03
3.232000000000000000e+03 1.658203999999999928e-03
3.238000000000000000e+03 1.662842000000000096e-03
3.243000000000000000e+03 1.664307000000000069e-03
3.249000000000000000e+03 1.635254000000000048e-03
3.255000000000000000e+03 1.625244999999999988e-03
3.261000000000000000e+03 1.651855999999999941e-03
3.267000000000000000e+03 1.660156000000000088e-03
3.272000000000000000e+03 1.640381000000000001e-03
3.278000000000000000e+03 1.659911999999999933e-03
3.284000000000000000e+03 1.643555000000000103e-03
3.290000000000000000e+03 1.652831999999999912e-03
3.296000000000000000e+03 1.647461000000000021e-03
3.302000000000000000e+03 1.648437999999999900e-03
3.307000000000000000e+03 1.652344000000000035e-03
3.313000000000000000e+03 1.641602000000000035e-03
3.319000000000000000e+03 1.630371999999999941e-03
3.325000000000000000e+03 1.629882999999999939e-03
3.331000000000000000e+03 1.659667999999999994e-03
3.336000000000000000e+03 1.629882999999999939e-03
3.342000000000000000e+03 1.652100000000000096e-03
3.348000000000000000e+03 1.622802999999999919e-03
3.354000000000000000e+03 1.623780000000000015e-03
3.360000000000000000e+03 1.641113999999999941e-03
3.365000000000000000e+03 1.642089999999999913e-03
3.371000000000000000e+03 1.643067000000000008e-03
3.377000000000000000e+03 1.617675999999999966e-03
3.383000000000000000e+03 1.641113999999999941e-03
3.389000000000000000e+03 1.625488999999999927e-03
3.395000000000000000e+03 1.642334000000000068e-03
3.400000000000000000e+03 1.632079999999999946e-03
3.406000000000000000e+03 1.651123000000000000e-03
3.412000000000000000e+03 1.641602000000000035e-03
3.418000000000000000e+03 1.640870000000000002e-03
3.424000000000000000e+03 1.634765999999999954e-03
3.429000000000000000e+03 1.638916000000000027e-03
3.435000000000000000e+03 1.636475000000000082e-03
3.441000000000000000e+03 1.650879000000000062e-03
3.447000000000000000e+03 1.634765999999999954e-03
3.453000000000000000e+03 1.656738999999999955e-03
3.458000000000000000e+03 1.637206999999999898e-03
3.464000000000000000e+03 1.645996000000000048e-03
3.470000000000000000e+03 1.634522000000000015e-03
3.476000000000000000e+03 1.638183999999999994e-03
3.482000000000000000e+03 1.669434000000000022e-03
3.488000000000000000e+03 1.631103999999999974e-03
3.493000000000000000e+03 1.645996000000000048e-03
3.499000000000000000e+03 1.622558999999999980e-03
3.505000000000000000e+03 1.640381000000000001e-03
3.511000000000000000e+03 1.668701000000000082e-03
3.517000000000000000e+03 1.652831999999999912e-03
3.522000000000000000e+03 1.633300999999999980e-03
3.528000000000000000e+03 1.659667999999999994e-03
3.534000000000000000e+03 1.642334000000000068e-03
3.540000000000000000e+03 1.641113999999999941e-03
3.546000000000000000e+03 1.625488999999999927e-03
3.552000000000000000e+03 1.649169999999999933e-03
3.557000000000000000e+03 1.651855999999999941e-03
3.563000000000000000e+03 1.654541000000000041e-03
3.569000000000000000e+03 1.637940000000000056e-03
3.575000000000000000e+03 1.646240999999999894e-03
3.581000000000000000e+03 1.632813000000000103e-03
3.586000000000000000e+03 1.654052999999999947e-03
3.592000000000000000e+03 1.641113999999999941e-03
3.598000000000000000e+03 1.641845999999999974e-03
3.604000000000000000e+03 1.623291000000000013e-03
3.610000000000000000e+03 1.627930000000000089e-03
3.615000000000000000e+03 1.641113999999999941e-03
3.621000000000000000e+03 1.660889000000000029e-03
3.627000000000000000e+03 1.598145000000000034e-03
3.633000000000000000e+03 1.655517999999999920e-03
3.639000000000000000e+03 1.653809000000000008e-03
3.645000000000000000e+03 1.638427999999999933e-03
3.650000000000000000e+03 1.628661999999999905e-03
3.656000000000000000e+03 1.646972999999999927e-03
3.662000000000000000e+03 1.644775999999999920e-03
3.668000000000000000e+03 1.630127000000000095e-03
3.674000000000000000e+03 1.644286999999999919e-03
3.679000000000000000e+03 1.649414000000000088e-03
3.685000000000000000e+03 1.661865000000000000e-03
3.691000000000000000e+03 1.631592000000000068e-03
3.697000000000000000e+03 1.642334000000000068e-03
3.703000000000000000e+03 1.631103999999999974e-03
3.708000000000000000e+03 1.636230999999999927e-03
3.714000000000000000e+03 1.654541000000000041e-03
3.720000000000000000e+03 1.645264000000000015e-03
3.726000000000000000e+03 1.617675999999999966e-03
3.732000000000000000e+03 1.618653000000000062e-03
3.738000000000000000e+03 1.637451999999999961e-03
3.743000000000000000e+03 1.662354000000000002e-03
3.749000000000000000e+03 1.651368000000000063e-03
3.755000000000000000e+03 1.635254000000000048e-03
3.761000000000000000e+03 1.650147000000000029e-03
3.767000000000000000e+03 1.648682000000000055e-03
3.772000000000000000e+03 1.666015999999999981e-03
3.778000000000000000e+03 1.632325000000000009e-03
3.784000000000000000e+03 1.660400999999999934e-03
3.790000000000000000e+03 1.629882999999999939e-03
3.796000000000000000e+03 1.623780000000000015e-03
3.801000000000000000e+03 1.632325000000000009e-03
3.807000000000000000e+03 1.625977000000000021e-03
3.813000000000000000e+03 1.643799000000000041e-03
3.819000000000000000e+03 1.637206999999999898e-03
3.825000000000000000e+03 1.608643000000000095e-03
3.831000000000000000e+03 1.647704999999999960e-03
3.836000000000000000e+03 1.638672000000000089e-03
3.842000000000000000e+03 1.644286999999999919e-03
3.848000000000000000e+03 1.669921999999999900e-03
3.854000000000000000e+03 1.662597999999999940e-03
3.860000000000000000e+03 1.644042999999999980e-03
3.865000000000000000e+03 1.654541000000000041e-03
3.871000000000000000e+03 1.647948999999999898e-03
3.877000000000000000e+03 1.637451999999999961e-03
3.883000000000000000e+03 1.643067000000000008e-03
3.889000000000000000e+03 1.624267999999999892e-03
3.895000000000000000e+03 1.631103999999999974e-03
3.900000000000000000e+03 1.637206999999999898e-03
3.906000000000000000e+03 1.637206999999999898e-03
3.912000000000000000e+03 1.649658999999999934e-03
3.918000000000000000e+03 1.630371999999999941e-03
3.924000000000000000e+03 1.659911999999999933e-03
3.929000000000000000e+03 1.648437999999999900e-03
3.935000000000000000e+03 1.627685999999999933e-03
3.941000000000000000e+03 1.637451999999999961e-03
3.947000000000000000e+03 1.613770000000000048e-03
3.953000000000000000e+03 1.629639000000000001e-03
3.958000000000000000e+03 1.653565000000000070e-03
3.964000000000000000e+03 1.646240999999999894e-03
3.970000000000000000e+03 1.632568999999999947e-03
3.976000000000000000e+03 1.645751999999999892e-03
3.982000000000000000e+03 1.626220999999999960e-03
3.988000000000000000e+03 1.630860000000000035e-03
3.993000000000000000e+03 1.651123000000000000e-03
3.999000000000000000e+03 1.668212999999999988e-03
4.005000000000000000e+03 1.643799000000000041e-03
4.011000000000000000e+03 1.635497999999999987e-03
4.017000000000000000e+03 1.644286999999999919e-03
4.022000000000000000e+03 1.661865000000000000e-03
4.028000000000000000e+03 1.642823000000000070e-03
4.034000000000000000e+03 1.619629000000000034e-03
4.040000000000000000e+03 1.639405000000000029e-03
4.046000000000000000e+03 1.630127000000000095e-03
4.051000000000000000e+03 1.636962999999999960e-03
4.057000000000000000e+03 1.605225000000000055e-03
4.063000000000000000e+03 1.638672000000000089e-03
4.069000000000000000e+03 1.643310999999999947e-03
4.075000000000000000e+03 1.642334000000000068e-03
4.081000000000000000e+03 1.614257999999999926e-03
4.086000000000000000e+03 1.643799000000000041e-03
4.092000000000000000e+03 1.654786000000000104e-03
4.098000000000000000e+03 1.638183999999999994e-03
4.104000000000000000e+03 1.631836000000000007e-03
4.110000000000000000e+03 1.634033999999999921e-03
4.115000000000000000e+03 1.625733000000000083e-03
4.121000000000000000e+03 1.666259999999999920e-03
4.127000000000000000e+03 1.624267999999999892e-03
4.133000000000000000e+03 1.651123000000000000e-03
4.139000000000000000e+03 1.645751999999999892e-03
4.144000000000000000e+03 1.644531999999999982e-03
4.150000000000000000e+03 1.634033999999999921e-03
4.156000000000000000e+03 1.646485000000000049e-03
4.162000000000000000e+03 1.633789000000000075e-03
4.168000000000000000e+03 1.644042999999999980e-03
4.174000000000000000e+03 1.642578999999999914e-03
4.179000000000000000e+03 1.644775999999999920e-03
4.185000000000000000e+03 1.661865000000000000e-03
4.191000000000000000e+03 1.618897000000000001e-03
4.197000000000000000e+03 1.615235000000000021e-03
4.203000000000000000e+03 1.631592000000000068e-03
4.208000000000000000e+03 1.635254000000000048e-03
4.214000000000000000e+03 1.654052999999999947e-03
4.220000000000000000e+03 1.645507999999999953e-03
4.226000000000000000e+03 1.631836000000000007e-03
4.232000000000000000e+03 1.659911999999999933e-03
4.237000000000000000e+03 1.662842000000000096e-03
4.243000000000000000e+03 1.636475000000000082e-03
4.249000000000000000e+03 1.641602000000000035e-03
4.255000000000000000e+03 1.638183999999999994e-03
4.261000000000000000e+03 1.651123000000000000e-03
4.267000000000000000e+03 1.640624999999999939e-03
4.272000000000000000e+03 1.635009999999999892e-03
4.278000000000000000e+03 1.645507999999999953e-03
4.284000000000000000e+03 1.647461000000000021e-03
4.290000000000000000e+03 1.648925999999999994e-03
4.296000000000000000e+03 1.638916000000000027e-03
4.301000000000000000e+03 1.643555000000000103e-03
4.307000000000000000e+03 1.640624999999999939e-03
4.313000000000000000e+03 1.647217000000000082e-03
4.319000000000000000e+03 1.644531999999999982e-03
4.325000000000000000e+03 1.634278000000000076e-03
4.331000000000000000e+03 1.613281000000000047e-03
4.336000000000000000e+03 1.620605999999999913e-03
4.342000000000000000e+03 1.658692000000000022e-03
4.348000000000000000e+03 1.618897000000000001e-03
4.354000000000000000e+03 1.637206999999999898e-03
4.360000000000000000e+03 1.638916000000000027e-03
4.365000000000000000e+03 1.650390999999999967e-03
4.371000000000000000e+03 1.646485000000000049e-03
4.377000000000000000e+03 1.670410999999999901e-03
4.383000000000000000e+03 1.653809000000000008e-03
4.389000000000000000e+03 1.631836000000000007e-03
4.394000000000000000e+03 1.631103999999999974e-03
4.400000000000000000e+03 1.619629000000000034e-03
4.406000000000000000e+03 1.634765999999999954e-03
4.412000000000000000e+03 1.649169999999999933e-03
4.418000000000000000e+03 1.642334000000000068e-03
4.424000000000000000e+03 1.640870000000000002e-03
4.429000000000000000e+03 1.645996000000000048e-03
4.435000000000000000e+03 1.640870000000000002e-03
4.441000000000000000e+03 1.661132999999999967e-03
4.447000000000000000e+03 1.614746000000000020e-03
4.453000000000000000e+03 1.664062999999999914e-03
4.458000000000000000e+03 1.664551000000000008e-03
4.464000000000000000e+03 1.633789000000000075e-03
4.470000000000000000e+03 1.669434000000000022e-03
4.476000000000000000e+03 1.614257999999999926e-03
4.482000000000000000e+03 1.640137000000000062e-03
4.487000000000000000e+03 1.648925999999999994e-03
4.493000000000000000e+03 1.633300999999999980e-03
4.499000000000000000e+03 1.649903000000000090e-03
4.505000000000000000e+03 1.636230999999999927e-03
4.511000000000000000e+03 1.659179999999999900e-03
4.517000000000000000e+03 1.644286999999999919e-03
4.522000000000000000e+03 1.629639000000000001e-03
4.528000000000000000e+03 1.645020000000000076e-03
4.534000000000000000e+03 1.626953999999999900e-03
4.540000000000000000e+03 1.629395000000000062e-03
4.546000000000000000e+03 1.645751999999999892e-03
4.551000000000000000e+03 1.620116999999999911e-03
4.557000000000000000e+03 1.648682000000000055e-03
4.563000000000000000e+03 1.634033999999999921e-03
4.569000000000000000e+03 1.645020000000000076e-03
4.575000000000000000e+03 1.638427999999999933e-03
4.580000000000000000e+03 1.641358000000000096e-03
4.586000000000000000e+03 1.631592000000000068e-03
4.592000000000000000e+03 1.642823000000000070e-03
4.598000000000000000e+03 1.649903000000000090e-03
4.604000000000000000e+03 1.638183999999999994e-03
4.610000000000000000e+03 1.658203999999999928e-03
4.615000000000000000e+03 1.675536999999999947e-03
4.621000000000000000e+03 1.639405000000000029e-03
4.627000000000000000e+03 1.640137000000000062e-03
4.633000000000000000e+03 1.635741999999999925e-03
4.639000000000000000e+03 1.644286999999999919e-03
4.644000000000000000e+03 1.644042999999999980e-03
4.650000000000000000e+03 1.623291000000000013e-03
4.656000000000000000e+03 1.654541000000000041e-03
4.662000000000000000e+03 1.630371999999999941e-03
4.668000000000000000e+03 1.627198000000000056e-03
4.674000000000000000e+03 1.651368000000000063e-03
4.679000000000000000e+03 1.641602000000000035e-03
4.685000000000000000e+03 1.662354000000000002e-03
4.691000000000000000e+03 1.631836000000000007e-03
4.697000000000000000e+03 1.631836000000000007e-03
4.703000000000000000e+03 1.633057000000000042e-03
4.708000000000000000e+03 1.651368000000000063e-03
4.714000000000000000e+03 1.621337999999999946e-03
4.720000000000000000e+03 1.663086000000000035e-03
4.726000000000000000e+03 1.690918000000000022e-03
4.732000000000000000e+03 1.642578999999999914e-03
4.737000000000000000e+03 1.645020000000000076e-03
4.743000000000000000e+03 1.631103999999999974e-03
4.749000000000000000e+03 1.649658999999999934e-03
4.755000000000000000e+03 1.663575000000000036e-03
4.761000000000000000e+03 1.676514000000000042e-03
4.767000000000000000e+03 1.639648999999999968e-03
4.772000000000000000e+03 1.653320999999999914e-03
4.778000000000000000e+03 1.645507999999999953e-03
4.784000000000000000e+03 1.635497999999999987e-03
4.790000000000000000e+03 1.662110000000000063e-03
4.796000000000000000e+03 1.626464999999999899e-03
4.801000000000000000e+03 1.660645000000000090e-03
4.807000000000000000e+03 1.625977000000000021e-03
4.813000000000000000e+03 1.669434000000000022e-03
4.819000000000000000e+03 1.640381000000000001e-03
4.825000000000000000e+03 1.633057000000000042e-03
4.830000000000000000e+03 1.625977000000000021e-03
4.836000000000000000e+03 1.670898999999999995e-03
4.842000000000000000e+03 1.627685999999999933e-03
4.848000000000000000e+03 1.634765999999999954e-03
4.854000000000000000e+03 1.655273999999999981e-03
4.860000000000000000e+03 1.639161000000000090e-03
4.865000000000000000e+03 1.645996000000000048e-03
4.871000000000000000e+03 1.666259999999999920e-03
4.877000000000000000e+03 1.614257999999999926e-03
4.883000000000000000e+03 1.636962999999999960e-03
4.889000000000000000e+03 1.660645000000000090e-03
4.894000000000000000e+03 1.648925999999999994e-03
4.900000000000000000e+03 1.639405000000000029e-03
4.906000000000000000e+03 1.645264000000000015e-03
4.912000000000000000e+03 1.641845999999999974e-03
4.918000000000000000e+03 1.658203999999999928e-03
4.923000000000000000e+03 1.644531999999999982e-03
4.929000000000000000e+03 1.635986999999999988e-03
4.935000000000000000e+03 1.633300999999999980e-03
4.941000000000000000e+03 1.635497999999999987e-03
4.947000000000000000e+03 1.640381000000000001e-03
4.953000000000000000e+03 1.645264000000000015e-03
4.958000000000000000e+03 1.630860000000000035e-03
4.964000000000000000e+03 1.635497999999999987e-03
4.970000000000000000e+03 1.639892999999999906e-03
4.976000000000000000e+03 1.626220999999999960e-03
4.982000000000000000e+03 1.631103999999999974e-03
4.987000000000000000e+03 1.662354000000000002e-03
4.993000000000000000e+03 1.626220999999999960e-03
4.999000000000000000e+03 1.648682000000000055e-03
5.005000000000000000e+03 1.624023999999999954e-03
5.011000000000000000e+03 1.648682000000000055e-03
5.017000000000000000e+03 1.656006000000000014e-03
5.022000000000000000e+03 1.648925999999999994e-03
5.028000000000000000e+03 1.652100000000000096e-03
5.034000000000000000e+03 1.632813000000000103e-03
5.040000000000000000e+03 1.661132999999999967e-03
5.046000000000000000e+03 1.657714999999999926e-03
5.051000000000000000e+03 1.643555000000000103e-03
5.057000000000000000e+03 1.653076999999999975e-03
5.063000000000000000e+03 1.655273999999999981e-03
5.069000000000000000e+03 1.625244999999999988e-03
5.075000000000000000e+03 1.628906999999999968e-03
5.080000000000000000e+03 1.647217000000000082e-03
5.086000000000000000e+03 1.632568999999999947e-03
5.092000000000000000e+03 1.655030000000000043e-03
5.098000000000000000e+03 1.660400999999999934e-03
5.104000000000000000e+03 1.645507999999999953e-03
5.110000000000000000e+03 1.658692000000000022e-03
5.115000000000000000e+03 1.632813000000000103e-03
5.121000000000000000e+03 1.655762000000000076e-03
5.127000000000000000e+03 1.626220999999999960e-03
5.133000000000000000e+03 1.638183999999999994e-03
5.139000000000000000e+03 1.614746000000000020e-03
5.144000000000000000e+03 1.640624999999999939e-03
5.150000000000000000e+03 1.660889000000000029e-03
5.156000000000000000e+03 1.622315000000000042e-03
5.162000000000000000e+03 1.667480999999999955e-03
5.168000000000000000e+03 1.671387000000000090e-03
5.173000000000000000e+03 1.640381000000000001e-03
5.179000000000000000e+03 1.625977000000000021e-03
5.185000000000000000e+03 1.654297000000000102e-03
5.191000000000000000e+03 1.635009999999999892e-03
5.197000000000000000e+03 1.618897000000000001e-03
5.203000000000000000e+03 1.656006000000000014e-03
5.208000000000000000e+03 1.635986999999999988e-03
5.214000000000000000e+03 1.649169999999999933e-03
5.220000000000000000e+03 1.632568999999999947e-03
5.226000000000000000e+03 1.650147000000000029e-03
5.232000000000000000e+03 1.638916000000000027e-03
5.237000000000000000e+03 1.654541000000000041e-03
5.243000000000000000e+03 1.650390999999999967e-03
5.249000000000000000e+03 1.646240999999999894e-03
5.255000000000000000e+03 1.656493999999999892e-03
5.261000000000000000e+03 1.655762000000000076e-03
5.266000000000000000e+03 1.651612000000000002e-03
5.272000000000000000e+03 1.630371999999999941e-03
5.278000000000000000e+03 1.624023999999999954e-03
5.284000000000000000e+03 1.644531999999999982e-03
5.290000000000000000e+03 1.655273999999999981e-03
5.296000000000000000e+03 1.625977000000000021e-03
5.301000000000000000e+03 1.623780000000000015e-03
5.307000000000000000e+03 1.647948999999999898e-03
5.313000000000000000e+03 1.642089999999999913e-03
5.319000000000000000e+03 1.624999999999999925e-03
5.325000000000000000e+03 1.652344000000000035e-03
5.330000000000000000e+03 1.647704999999999960e-03
5.336000000000000000e+03 1.655273999999999981e-03
5.342000000000000000e+03 1.619629000000000034e-03
5.348000000000000000e+03 1.612549000000000014e-03
5.354000000000000000e+03 1.614257999999999926e-03
5.359000000000000000e+03 1.639161000000000090e-03
5.365000000000000000e+03 1.648925999999999994e-03
5.371000000000000000e+03 1.623291000000000013e-03
5.377000000000000000e+03 1.652344000000000035e-03
5.383000000000000000e+03 1.661621000000000061e-03
5.389000000000000000e+03 1.644042999999999980e-03
5.394000000000000000e+03 1.643067000000000008e-03
5.400000000000000000e+03 1.631592000000000068e-03
5.406000000000000000e+03 1.624755999999999987e-03
5.412000000000000000e+03 1.652344000000000035e-03
5.418000000000000000e+03 1.629395000000000062e-03
5.423000000000000000e+03 1.648925999999999994e-03
5.429000000000000000e+03 1.626220999999999960e-03
5.435000000000000000e+03 1.622071000000000103e-03
5.441000000000000000e+03 1.604980999999999899e-03
5.447000000000000000e+03 1.634765999999999954e-03
5.453000000000000000e+03 1.640381000000000001e-03
5.458000000000000000e+03 1.627685999999999933e-03
5.464000000000000000e+03 1.642334000000000068e-03
5.470000000000000000e+03 1.610840000000000102e-03
5.476000000000000000e+03 1.633789000000000075e-03
5.482000000000000000e+03 1.647461000000000021e-03
5.487000000000000000e+03 1.629395000000000062e-03
5.493000000000000000e+03 1.613770000000000048e-03
5.499000000000000000e+03 1.629639000000000001e-03
5.505000000000000000e+03 1.677979000000000016e-03
5.511000000000000000e+03 1.653076999999999975e-03
5.516000000000000000e+03 1.667237000000000016e-03
5.522000000000000000e+03 1.621582000000000101e-03
5.528000000000000000e+03 1.620116999999999911e-03
5.534000000000000000e+03 1.639648999999999968e-03
5.540000000000000000e+03 1.642823000000000070e-03
5.546000000000000000e+03 1.619872999999999973e-03
5.551000000000000000e+03 1.652100000000000096e-03
5.557000000000000000e+03 1.647217000000000082e-03
5.563000000000000000e+03 1.654541000000000041e-03
5.569000000000000000e+03 1.657714999999999926e-03
5.575000000000000000e+03 1.635254000000000048e-03
5.580000000000000000e+03 1.628661999999999905e-03
5.586000000000000000e+03 1.642578999999999914e-03
5.592000000000000000e+03 1.658446999999999959e-03
5.598000000000000000e+03 1.631347999999999913e-03
5.604000000000000000e+03 1.645996000000000048e-03
5.609000000000000000e+03 1.645751999999999892e-03
5.615000000000000000e+03 1.641358000000000096e-03
5.621000000000000000e+03 1.651368000000000063e-03
5.627000000000000000e+03 1.655030000000000043e-03
5.633000000000000000e+03 1.624999999999999925e-03
5.639000000000000000e+03 1.648682000000000055e-03
5.644000000000000000e+03 1.651123000000000000e-03
5.650000000000000000e+03 1.660400999999999934e-03
5.656000000000000000e+03 1.637695999999999900e-03
5.662000000000000000e+03 1.641602000000000035e-03
5.668000000000000000e+03 1.645264000000000015e-03
5.673000000000000000e+03 1.656493999999999892e-03
5.679000000000000000e+03 1.624512000000000048e-03
5.685000000000000000e+03 1.620116999999999911e-03
5.691000000000000000e+03 1.633789000000000075e-03
5.697000000000000000e+03 1.620361999999999974e-03
5.702000000000000000e+03 1.635741999999999925e-03
5.708000000000000000e+03 1.619872999999999973e-03
5.714000000000000000e+03 1.649414000000000088e-03
5.720000000000000000e+03 1.628174000000000027e-03
5.726000000000000000e+03 1.643555000000000103e-03
5.732000000000000000e+03 1.639648999999999968e-03
5.737000000000000000e+03 1.655273999999999981e-03
5.743000000000000000e+03 1.642578999999999914e-03
5.749000000000000000e+03 1.652831999999999912e-03
5.755000000000000000e+03 1.639405000000000029e-03
5.761000000000000000e+03 1.660156000000000088e-03
5.766000000000000000e+03 1.658692000000000022e-03
5.772000000000000000e+03 1.635009999999999892e-03
5.778000000000000000e+03 1.655030000000000043e-03
5.784000000000000000e+03 1.612549000000000014e-03
5.790000000000000000e+03 1.625977000000000021e-03
5.796000000000000000e+03 1.615235000000000021e-03
5.801000000000000000e+03 1.633300999999999980e-03
5.807000000000000000e+03 1.625733000000000083e-03
5.813000000000000000e+03 1.637940000000000056e-03
5.819000000000000000e+03 1.631103999999999974e-03
5.825000000000000000e+03 1.629882999999999939e-03
5.830000000000000000e+03 1.628661999999999905e-03
5.836000000000000000e+03 1.626220999999999960e-03
5.842000000000000000e+03 1.643310999999999947e-03
5.848000000000000000e+03 1.622802999999999919e-03
5.854000000000000000e+03 1.618897000000000001e-03
5.859000000000000000e+03 1.649658999999999934e-03
5.865000000000000000e+03 1.650390999999999967e-03
5.871000000000000000e+03 1.620850000000000068e-03
5.877000000000000000e+03 1.635986999999999988e-03
5.883000000000000000e+03 1.616943999999999933e-03
5.889000000000000000e+03 1.621337999999999946e-03
5.894000000000000000e+03 1.638183999999999994e-03
5.900000000000000000e+03 1.634522000000000015e-03
5.906000000000000000e+03 1.628417999999999966e-03
5.912000000000000000e+03 1.643799000000000041e-03
5.918000000000000000e+03 1.653076999999999975e-03
5.923000000000000000e+03 1.647948999999999898e-03
5.929000000000000000e+03 1.639648999999999968e-03
5.935000000000000000e+03 1.625977000000000021e-03
5.941000000000000000e+03 1.629150999999999907e-03
5.947000000000000000e+03 1.619872999999999973e-03
5.952000000000000000e+03 1.632325000000000009e-03
5.958000000000000000e+03 1.653565000000000070e-03
5.964000000000000000e+03 1.672607999999999907e-03
5.970000000000000000e+03 1.631103999999999974e-03
5.976000000000000000e+03 1.649414000000000088e-03
5.982000000000000000e+03 1.626709000000000054e-03
5.987000000000000000e+03 1.650634999999999906e-03
5.993000000000000000e+03 1.651855999999999941e-03
5.999000000000000000e+03 1.646240999999999894e-03
6.000000000000000000e+03 1.662842000000000096e-03
