4.000000000000000000e+00 1.651855999999999941e-03
9.000000000000000000e+00 1.642823000000000070e-03
1.300000000000000000e+01 1.655762000000000076e-03
1.800000000000000000e+01 1.651612000000000002e-03
2.400000000000000000e+01 1.653320999999999914e-03
3.000000000000000000e+01 1.623780000000000015e-03
3.500000000000000000e+01 1.651855999999999941e-03
4.100000000000000000e+01 1.639161000000000090e-03
4.700000000000000000e+01 1.642089999999999913e-03
5.300000000000000000e+01 1.653565000000000070e-03
5.900000000000000000e+01 1.630860000000000035e-03
6.400000000000000000e+01 1.642089999999999913e-03
7.000000000000000000e+01 1.660156000000000088e-03
7.600000000000000000e+01 1.663818999999999975e-03
8.200000000000000000e+01 1.643799000000000041e-03
8.800000000000000000e+01 1.657470999999999988e-03
9.300000000000000000e+01 1.657714999999999926e-03
9.900000000000000000e+01 1.643555000000000103e-03
1.050000000000000000e+02 1.672363999999999969e-03
1.110000000000000000e+02 1.656493999999999892e-03
1.170000000000000000e+02 1.632079999999999946e-03
1.230000000000000000e+02 1.643555000000000103e-03
1.280000000000000000e+02 1.635986999999999988e-03
1.340000000000000000e+02 1.618653000000000062e-03
1.400000000000000000e+02 1.658935999999999961e-03
1.460000000000000000e+02 1.655273999999999981e-03
1.520000000000000000e+02 1.660156000000000088e-03
1.570000000000000000e+02 1.646972999999999927e-03
1.630000000000000000e+02 1.643310999999999947e-03
1.690000000000000000e+02 1.656982999999999893e-03
1.750000000000000000e+02 1.618653000000000062e-03
1.810000000000000000e+02 1.646485000000000049e-03
1.860000000000000000e+02 1.663575000000000036e-03
1.920000000000000000e+02 1.626464999999999899e-03
1.980000000000000000e+02 1.654052999999999947e-03
2.040000000000000000e+02 1.621094000000000007e-03
2.100000000000000000e+02 1.641113999999999941e-03
2.160000000000000000e+02 1.640137000000000062e-03
2.210000000000000000e+02 1.656249999999999953e-03
2.270000000000000000e+02 1.642334000000000068e-03
2.330000000000000000e+02 1.656006000000000014e-03
2.390000000000000000e+02 1.647948999999999898e-03
2.450000000000000000e+02 1.650147000000000029e-03
2.500000000000000000e+02 1.664551000000000008e-03
2.560000000000000000e+02 1.643310999999999947e-03
2.620000000000000000e+02 1.665039000000000102e-03
2.680000000000000000e+02 1.673096000000000002e-03
2.740000000000000000e+02 1.643067000000000008e-03
2.800000000000000000e+02 1.640381000000000001e-03
2.850000000000000000e+02 1.654052999999999947e-03
2.910000000000000000e+02 1.667237000000000016e-03
2.970000000000000000e+02 1.646728999999999988e-03
3.030000000000000000e+02 1.657959000000000082e-03
3.090000000000000000e+02 1.635986999999999988e-03
3.140000000000000000e+02 1.651855999999999941e-03
3.200000000000000000e+02 1.649658999999999934e-03
3.260000000000000000e+02 1.628174000000000027e-03
3.320000000000000000e+02 1.654297000000000102e-03
3.380000000000000000e+02 1.645996000000000048e-03
3.430000000000000000e+02 1.617675999999999966e-03
3.490000000000000000e+02 1.667480999999999955e-03
3.550000000000000000e+02 1.660156000000000088e-03
3.610000000000000000e+02 1.654541000000000041e-03
3.670000000000000000e+02 1.657714999999999926e-03
3.730000000000000000e+02 1.670898999999999995e-03
3.780000000000000000e+02 1.633057000000000042e-03
3.840000000000000000e+02 1.642578999999999914e-03
3.900000000000000000e+02 1.645020000000000076e-03
3.960000000000000000e+02 1.662597999999999940e-03
4.020000000000000000e+02 1.662597999999999940e-03
4.070000000000000000e+02 1.649414000000000088e-03
4.130000000000000000e+02 1.666015999999999981e-03
4.190000000000000000e+02 1.645751999999999892e-03
4.250000000000000000e+02 1.651123000000000000e-03
4.310000000000000000e+02 1.620116999999999911e-03
4.360000000000000000e+02 1.668945999999999928e-03
4.420000000000000000e+02 1.677735000000000077e-03
4.480000000000000000e+02 1.686767999999999948e-03
4.540000000000000000e+02 1.648682000000000055e-03
4.600000000000000000e+02 1.650634999999999906e-03
4.660000000000000000e+02 1.661621000000000061e-03
4.710000000000000000e+02 1.664062999999999914e-03
4.770000000000000000e+02 1.662597999999999940e-03
4.830000000000000000e+02 1.652344000000000035e-03
4.890000000000000000e+02 1.641358000000000096e-03
4.950000000000000000e+02 1.656493999999999892e-03
5.000000000000000000e+02 1.658446999999999959e-03
5.060000000000000000e+02 1.638916000000000027e-03
5.120000000000000000e+02 1.662597999999999940e-03
5.180000000000000000e+02 1.652831999999999912e-03
5.240000000000000000e+02 1.633300999999999980e-03
5.290000000000000000e+02 1.662842000000000096e-03
5.350000000000000000e+02 1.658692000000000022e-03
5.410000000000000000e+02 1.629150999999999907e-03
5.470000000000000000e+02 1.676514000000000042e-03
5.530000000000000000e+02 1.650879000000000062e-03
5.590000000000000000e+02 1.661376999999999906e-03
5.640000000000000000e+02 1.645751999999999892e-03
5.700000000000000000e+02 1.650147000000000029e-03
5.760000000000000000e+02 1.646728999999999988e-03
5.820000000000000000e+02 1.644775999999999920e-03
5.880000000000000000e+02 1.683105999999999968e-03
5.930000000000000000e+02 1.654541000000000041e-03
5.990000000000000000e+02 1.643799000000000041e-03
6.050000000000000000e+02 1.671387000000000090e-03
6.110000000000000000e+02 1.656249999999999953e-03
6.170000000000000000e+02 1.643310999999999947e-03
6.220000000000000000e+02 1.633300999999999980e-03
6.280000000000000000e+02 1.644042999999999980e-03
6.340000000000000000e+02 1.652100000000000096e-03
6.400000000000000000e+02 1.637451999999999961e-03
6.460000000000000000e+02 1.654052999999999947e-03
6.520000000000000000e+02 1.629395000000000062e-03
6.570000000000000000e+02 1.630860000000000035e-03
6.630000000000000000e+02 1.656249999999999953e-03
6.690000000000000000e+02 1.636719000000000021e-03
6.750000000000000000e+02 1.653320999999999914e-03
6.810000000000000000e+02 1.668456999999999926e-03
6.860000000000000000e+02 1.654786000000000104e-03
6.920000000000000000e+02 1.646728999999999988e-03
6.980000000000000000e+02 1.647217000000000082e-03
7.040000000000000000e+02 1.640870000000000002e-03
7.100000000000000000e+02 1.657470999999999988e-03
7.160000000000000000e+02 1.678711000000000049e-03
7.210000000000000000e+02 1.651123000000000000e-03
7.270000000000000000e+02 1.664307000000000069e-03
7.330000000000000000e+02 1.664794999999999947e-03
7.390000000000000000e+02 1.655273999999999981e-03
7.450000000000000000e+02 1.662354000000000002e-03
7.500000000000000000e+02 1.647948999999999898e-03
7.560000000000000000e+02 1.641845999999999974e-03
7.620000000000000000e+02 1.649414000000000088e-03
7.680000000000000000e+02 1.657714999999999926e-03
7.740000000000000000e+02 1.631592000000000068e-03
7.790000000000000000e+02 1.659667999999999994e-03
7.850000000000000000e+02 1.642334000000000068e-03
7.910000000000000000e+02 1.649658999999999934e-03
7.970000000000000000e+02 1.653320999999999914e-03
8.030000000000000000e+02 1.653565000000000070e-03
8.090000000000000000e+02 1.626464999999999899e-03
8.140000000000000000e+02 1.647948999999999898e-03
8.200000000000000000e+02 1.677735000000000077e-03
8.260000000000000000e+02 1.684570000000000034e-03
8.320000000000000000e+02 1.642823000000000070e-03
8.380000000000000000e+02 1.637451999999999961e-03
8.430000000000000000e+02 1.654786000000000104e-03
8.490000000000000000e+02 1.646972999999999927e-03
8.550000000000000000e+02 1.640870000000000002e-03
8.610000000000000000e+02 1.642334000000000068e-03
8.670000000000000000e+02 1.645996000000000048e-03
8.720000000000000000e+02 1.640870000000000002e-03
8.780000000000000000e+02 1.644286999999999919e-03
8.840000000000000000e+02 1.629639000000000001e-03
8.900000000000000000e+02 1.634522000000000015e-03
8.960000000000000000e+02 1.650147000000000029e-03
9.020000000000000000e+02 1.670410999999999901e-03
9.070000000000000000e+02 1.673828000000000035e-03
9.130000000000000000e+02 1.675536999999999947e-03
9.190000000000000000e+02 1.656249999999999953e-03
9.250000000000000000e+02 1.691161999999999960e-03
9.310000000000000000e+02 1.658935999999999961e-03
9.360000000000000000e+02 1.623047000000000075e-03
9.420000000000000000e+02 1.635741999999999925e-03
9.480000000000000000e+02 1.648925999999999994e-03
9.540000000000000000e+02 1.654297000000000102e-03
9.600000000000000000e+02 1.634765999999999954e-03
9.650000000000000000e+02 1.666748000000000014e-03
9.710000000000000000e+02 1.647948999999999898e-03
9.770000000000000000e+02 1.655273999999999981e-03
9.830000000000000000e+02 1.645507999999999953e-03
9.890000000000000000e+02 1.646728999999999988e-03
9.950000000000000000e+02 1.640624999999999939e-03
1.000000000000000000e+03 1.640137000000000062e-03
1.006000000000000000e+03 1.637940000000000056e-03
1.012000000000000000e+03 1.657227000000000049e-03
1.018000000000000000e+03 1.634765999999999954e-03
1.024000000000000000e+03 1.666993000000000077e-03
1.029000000000000000e+03 1.643555000000000103e-03
1.035000000000000000e+03 1.638916000000000027e-03
1.041000000000000000e+03 1.653565000000000070e-03
1.047000000000000000e+03 1.664794999999999947e-03
1.053000000000000000e+03 1.644775999999999920e-03
1.059000000000000000e+03 1.648193999999999961e-03
1.064000000000000000e+03 1.668212999999999988e-03
1.070000000000000000e+03 1.645507999999999953e-03
1.076000000000000000e+03 1.676514000000000042e-03
1.082000000000000000e+03 1.666993000000000077e-03
1.088000000000000000e+03 1.672852000000000063e-03
1.093000000000000000e+03 1.652344000000000035e-03
1.099000000000000000e+03 1.643799000000000041e-03
1.105000000000000000e+03 1.669190000000000083e-03
1.111000000000000000e+03 1.699219000000000077e-03
1.117000000000000000e+03 1.669677999999999961e-03
1.122000000000000000e+03 1.650879000000000062e-03
1.128000000000000000e+03 1.660645000000000090e-03
1.134000000000000000e+03 1.641845999999999974e-03
1.140000000000000000e+03 1.648925999999999994e-03
1.146000000000000000e+03 1.667237000000000016e-03
1.152000000000000000e+03 1.645751999999999892e-03
1.157000000000000000e+03 1.632568999999999947e-03
1.163000000000000000e+03 1.653320999999999914e-03
1.169000000000000000e+03 1.663086000000000035e-03
1.175000000000000000e+03 1.661865000000000000e-03
1.181000000000000000e+03 1.640137000000000062e-03
1.186000000000000000e+03 1.635009999999999892e-03
1.192000000000000000e+03 1.677735000000000077e-03
1.198000000000000000e+03 1.686524000000000009e-03
1.204000000000000000e+03 1.660400999999999934e-03
1.210000000000000000e+03 1.668212999999999988e-03
1.215000000000000000e+03 1.673584000000000096e-03
1.221000000000000000e+03 1.689697999999999894e-03
1.227000000000000000e+03 1.679200000000000050e-03
1.233000000000000000e+03 1.686767999999999948e-03
1.239000000000000000e+03 1.654297000000000102e-03
1.245000000000000000e+03 1.701660000000000022e-03
1.250000000000000000e+03 1.685546999999999913e-03
1.256000000000000000e+03 1.651612000000000002e-03
1.262000000000000000e+03 1.666748000000000014e-03
1.268000000000000000e+03 1.666504000000000076e-03
1.274000000000000000e+03 1.662110000000000063e-03
1.279000000000000000e+03 1.651855999999999941e-03
1.285000000000000000e+03 1.674804999999999914e-03
1.291000000000000000e+03 1.672120000000000030e-03
1.297000000000000000e+03 1.677490999999999921e-03
1.303000000000000000e+03 1.696777999999999915e-03
1.308000000000000000e+03 1.690674000000000083e-03
1.314000000000000000e+03 1.675536999999999947e-03
1.320000000000000000e+03 1.722411999999999988e-03
1.326000000000000000e+03 1.680663999999999899e-03
1.332000000000000000e+03 1.671631000000000028e-03
1.338000000000000000e+03 1.661865000000000000e-03
1.343000000000000000e+03 1.700684000000000050e-03
1.349000000000000000e+03 1.662354000000000002e-03
1.355000000000000000e+03 1.684815000000000097e-03
1.361000000000000000e+03 1.677979000000000016e-03
1.367000000000000000e+03 1.682129000000000089e-03
1.372000000000000000e+03 1.690185999999999989e-03
1.378000000000000000e+03 1.690918000000000022e-03
1.384000000000000000e+03 1.672852000000000063e-03
1.390000000000000000e+03 1.692139000000000056e-03
1.396000000000000000e+03 1.685302999999999975e-03
1.402000000000000000e+03 1.672607999999999907e-03
1.407000000000000000e+03 1.677979000000000016e-03
1.413000000000000000e+03 1.683838000000000001e-03
1.419000000000000000e+03 1.732421999999999955e-03
1.425000000000000000e+03 1.703370000000000058e-03
1.431000000000000000e+03 1.828612999999999983e-03
1.436000000000000000e+03 1.687743999999999920e-03
1.442000000000000000e+03 1.737793000000000063e-03
1.448000000000000000e+03 1.798095999999999896e-03
1.454000000000000000e+03 1.742676000000000077e-03
1.460000000000000000e+03 1.873778999999999896e-03
1.465000000000000000e+03 1.830079000000000081e-03
1.471000000000000000e+03 1.781494999999999910e-03
1.477000000000000000e+03 1.841308999999999958e-03
1.483000000000000000e+03 1.724120999999999900e-03
1.489000000000000000e+03 1.729981000000000010e-03
1.495000000000000000e+03 1.863525999999999898e-03
1.500000000000000000e+03 1.757080999999999964e-03
1.506000000000000000e+03 1.767577999999999901e-03
1.512000000000000000e+03 1.760010000000000003e-03
1.518000000000000000e+03 1.713134999999999962e-03
1.524000000000000000e+03 1.735351999999999902e-03
1.529000000000000000e+03 1.796630999999999923e-03
1.535000000000000000e+03 1.806641000000000106e-03
1.541000000000000000e+03 1.857909999999999943e-03
1.547000000000000000e+03 1.860352000000000013e-03
1.553000000000000000e+03 1.846191999999999972e-03
1.558000000000000000e+03 1.934083000000000069e-03
1.564000000000000000e+03 1.829101999999999985e-03
1.570000000000000000e+03 1.795654999999999951e-03
1.576000000000000000e+03 1.874023999999999959e-03
1.582000000000000000e+03 1.773926000000000105e-03
1.588000000000000000e+03 1.738280999999999941e-03
1.593000000000000000e+03 1.743652999999999956e-03
1.599000000000000000e+03 1.795411000000000012e-03
1.605000000000000000e+03 1.864746000000000025e-03
1.611000000000000000e+03 1.809571000000000053e-03
1.617000000000000000e+03 1.820068999999999897e-03
1.622000000000000000e+03 1.977538999999999946e-03
1.628000000000000000e+03 1.821778000000000026e-03
1.634000000000000000e+03 1.855712999999999937e-03
1.640000000000000000e+03 1.833495999999999997e-03
1.646000000000000000e+03 1.913573999999999917e-03
1.651000000000000000e+03 2.057862000000000146e-03
1.657000000000000000e+03 1.883057000000000047e-03
1.663000000000000000e+03 1.864013999999999992e-03
1.669000000000000000e+03 1.968262000000000136e-03
1.675000000000000000e+03 1.938232999999999926e-03
1.681000000000000000e+03 1.952636999999999906e-03
1.686000000000000000e+03 1.954589999999999973e-03
1.692000000000000000e+03 1.907959000000000087e-03
1.698000000000000000e+03 1.954102000000000096e-03
1.704000000000000000e+03 1.961669999999999994e-03
1.710000000000000000e+03 1.922363999999999974e-03
1.715000000000000000e+03 2.033448000000000200e-03
1.721000000000000000e+03 2.102783999999999903e-03
1.727000000000000000e+03 2.041503999999999975e-03
1.733000000000000000e+03 2.065186000000000105e-03
1.739000000000000000e+03 2.098876999999999861e-03
1.745000000000000000e+03 2.061523999999999909e-03
1.750000000000000000e+03 2.209472999999999993e-03
1.756000000000000000e+03 2.159668000000000004e-03
1.762000000000000000e+03 2.198486999999999837e-03
1.768000000000000000e+03 2.247070999999999791e-03
1.774000000000000000e+03 2.124511999999999842e-03
1.779000000000000000e+03 2.140136999999999855e-03
1.785000000000000000e+03 2.186280000000000081e-03
1.791000000000000000e+03 2.146972999999999937e-03
1.797000000000000000e+03 2.212646999999999878e-03
1.803000000000000000e+03 2.129395000000000072e-03
1.808000000000000000e+03 2.232911000000000184e-03
1.814000000000000000e+03 2.364746999999999943e-03
1.820000000000000000e+03 2.272216999999999987e-03
1.826000000000000000e+03 2.264893000000000028e-03
1.832000000000000000e+03 2.244873000000000094e-03
1.838000000000000000e+03 2.168702000000000216e-03
1.843000000000000000e+03 2.247070999999999791e-03
1.849000000000000000e+03 2.221435999999999810e-03
1.855000000000000000e+03 2.107421999999999854e-03
1.861000000000000000e+03 2.268310999999999852e-03
1.867000000000000000e+03 2.257813000000000007e-03
1.872000000000000000e+03 2.333984999999999792e-03
1.878000000000000000e+03 2.414551000000000024e-03
1.884000000000000000e+03 2.196045000000000202e-03
1.890000000000000000e+03 2.169921999999999910e-03
1.896000000000000000e+03 2.354249000000000099e-03
1.901000000000000000e+03 2.127197999999999849e-03
1.907000000000000000e+03 2.176514000000000053e-03
1.913000000000000000e+03 2.188476999999999870e-03
1.919000000000000000e+03 2.144286999999999929e-03
1.925000000000000000e+03 2.188965000000000181e-03
1.931000000000000000e+03 2.192870999999999883e-03
1.936000000000000000e+03 2.256835999999999912e-03
1.942000000000000000e+03 2.377929999999999888e-03
1.948000000000000000e+03 2.141601999999999829e-03
1.954000000000000000e+03 2.255127000000000000e-03
1.960000000000000000e+03 2.346923999999999799e-03
1.965000000000000000e+03 2.323974999999999826e-03
1.971000000000000000e+03 2.288575000000000158e-03
1.977000000000000000e+03 2.302979000000000137e-03
1.983000000000000000e+03 2.255127000000000000e-03
1.989000000000000000e+03 2.317627000000000055e-03
1.994000000000000000e+03 2.329101999999999995e-03
2.000000000000000000e+03 2.217774000000000047e-03
2.006000000000000000e+03 2.398438000000000132e-03
2.012000000000000000e+03 2.335694000000000138e-03
2.018000000000000000e+03 2.364989999999999974e-03
2.024000000000000000e+03 2.479249000000000210e-03
2.029000000000000000e+03 2.453613999999999795e-03
2.035000000000000000e+03 2.410888999999999827e-03
2.041000000000000000e+03 2.303954999999999892e-03
2.047000000000000000e+03 2.349609999999999806e-03
2.053000000000000000e+03 2.430663999999999915e-03
2.058000000000000000e+03 2.415284000000000181e-03
2.064000000000000000e+03 2.375489000000000159e-03
2.070000000000000000e+03 2.367675999999999982e-03
2.076000000000000000e+03 2.211914000000000154e-03
2.082000000000000000e+03 2.264893000000000028e-03
2.087000000000000000e+03 2.341064999999999813e-03
2.093000000000000000e+03 2.298339999999999845e-03
2.099000000000000000e+03 2.331298999999999785e-03
2.105000000000000000e+03 2.410644999999999889e-03
2.111000000000000000e+03 2.422364000000000201e-03
2.117000000000000000e+03 2.441650999999999978e-03
2.122000000000000000e+03 2.472413000000000128e-03
2.128000000000000000e+03 2.469238999999999809e-03
2.134000000000000000e+03 2.570312999999999851e-03
2.140000000000000000e+03 2.426513999999999841e-03
2.146000000000000000e+03 2.471436000000000032e-03
2.151000000000000000e+03 2.391358000000000112e-03
2.157000000000000000e+03 2.391845999999999989e-03
2.163000000000000000e+03 2.395263999999999813e-03
2.169000000000000000e+03 2.351319000000000152e-03
2.175000000000000000e+03 2.287598000000000062e-03
2.181000000000000000e+03 2.342529999999999786e-03
2.186000000000000000e+03 2.371338000000000178e-03
2.192000000000000000e+03 2.388672000000000104e-03
2.198000000000000000e+03 2.568116000000000062e-03
2.204000000000000000e+03 2.435547000000000146e-03
2.210000000000000000e+03 2.469971000000000059e-03
2.215000000000000000e+03 2.495362000000000101e-03
2.221000000000000000e+03 2.473632999999999822e-03
2.227000000000000000e+03 2.477051000000000079e-03
2.233000000000000000e+03 2.540772000000000169e-03
2.239000000000000000e+03 2.455323000000000141e-03
2.244000000000000000e+03 2.475830999999999952e-03
2.250000000000000000e+03 2.437256000000000058e-03
2.256000000000000000e+03 2.416259999999999936e-03
2.262000000000000000e+03 2.505616000000000006e-03
2.268000000000000000e+03 2.416749000000000154e-03
2.274000000000000000e+03 2.485352000000000134e-03
2.279000000000000000e+03 2.489502000000000208e-03
2.285000000000000000e+03 2.458740000000000057e-03
2.291000000000000000e+03 2.568847999999999878e-03
2.297000000000000000e+03 2.531738999999999865e-03
2.303000000000000000e+03 2.526366999999999849e-03
2.308000000000000000e+03 2.495362000000000101e-03
2.314000000000000000e+03 2.586670000000000115e-03
2.320000000000000000e+03 2.408448000000000099e-03
2.326000000000000000e+03 2.492920000000000032e-03
2.332000000000000000e+03 2.418457000000000159e-03
2.337000000000000000e+03 2.454589999999999984e-03
2.343000000000000000e+03 2.527343999999999945e-03
2.349000000000000000e+03 2.427490999999999937e-03
2.355000000000000000e+03 2.369873000000000205e-03
2.361000000000000000e+03 2.444824999999999863e-03
2.367000000000000000e+03 2.379883000000000172e-03
2.372000000000000000e+03 2.507812999999999796e-03
2.378000000000000000e+03 2.602783000000000006e-03
2.384000000000000000e+03 2.471679999999999971e-03
2.390000000000000000e+03 2.548096000000000128e-03
2.396000000000000000e+03 2.417237000000000031e-03
2.401000000000000000e+03 2.413574999999999835e-03
2.407000000000000000e+03 2.550048999999999979e-03
2.413000000000000000e+03 2.343749999999999913e-03
2.419000000000000000e+03 2.499756000000000113e-03
2.425000000000000000e+03 2.612061000000000157e-03
2.430000000000000000e+03 2.471192000000000093e-03
2.436000000000000000e+03 2.557128999999999999e-03
2.442000000000000000e+03 2.564453999999999866e-03
2.448000000000000000e+03 2.399414999999999795e-03
2.454000000000000000e+03 2.466308999999999862e-03
2.460000000000000000e+03 2.414551000000000024e-03
2.465000000000000000e+03 2.332519999999999819e-03
2.471000000000000000e+03 2.276124000000000029e-03
2.477000000000000000e+03 2.260009999999999797e-03
2.483000000000000000e+03 2.250244000000000202e-03
2.489000000000000000e+03 2.239014000000000108e-03
2.494000000000000000e+03 2.178222999999999965e-03
2.500000000000000000e+03 2.327880999999999961e-03
2.506000000000000000e+03 2.276124000000000029e-03
2.512000000000000000e+03 2.203124999999999788e-03
2.518000000000000000e+03 2.211425999999999843e-03
2.524000000000000000e+03 2.081298999999999996e-03
2.529000000000000000e+03 2.060058999999999935e-03
2.535000000000000000e+03 2.160155999999999882e-03
2.541000000000000000e+03 2.071045000000000091e-03
2.547000000000000000e+03 1.972412000000000210e-03
2.553000000000000000e+03 2.036376999999999805e-03
2.558000000000000000e+03 1.926269999999999892e-03
2.564000000000000000e+03 1.923584000000000101e-03
2.570000000000000000e+03 1.941161999999999966e-03
2.576000000000000000e+03 1.911621000000000067e-03
2.582000000000000000e+03 1.937743999999999925e-03
2.587000000000000000e+03 1.820800999999999930e-03
2.593000000000000000e+03 1.962159000000000212e-03
2.599000000000000000e+03 2.022705999999999983e-03
2.605000000000000000e+03 1.809814999999999991e-03
2.611000000000000000e+03 1.932616999999999972e-03
2.617000000000000000e+03 2.050538000000000187e-03
2.622000000000000000e+03 1.897950000000000028e-03
2.628000000000000000e+03 1.971436000000000022e-03
2.634000000000000000e+03 1.930908999999999967e-03
2.640000000000000000e+03 1.945557000000000102e-03
2.646000000000000000e+03 2.091065000000000024e-03
2.651000000000000000e+03 1.968994999999999860e-03
2.657000000000000000e+03 1.852539000000000052e-03
2.663000000000000000e+03 1.949219000000000082e-03
2.669000000000000000e+03 1.761231000000000038e-03
2.675000000000000000e+03 1.751465000000000010e-03
2.680000000000000000e+03 1.918701999999999994e-03
2.686000000000000000e+03 1.731934000000000078e-03
2.692000000000000000e+03 1.817627000000000045e-03
2.698000000000000000e+03 1.768798999999999936e-03
2.704000000000000000e+03 1.717041000000000097e-03
2.710000000000000000e+03 1.931641000000000000e-03
2.715000000000000000e+03 1.732421999999999955e-03
2.721000000000000000e+03 1.773194000000000072e-03
2.727000000000000000e+03 1.745849999999999963e-03
2.733000000000000000e+03 1.682618000000000091e-03
2.739000000000000000e+03 1.681397000000000056e-03
2.744000000000000000e+03 1.747559000000000091e-03
2.750000000000000000e+03 1.714112000000000057e-03
2.756000000000000000e+03 1.708740999999999949e-03
2.762000000000000000e+03 1.685059000000000036e-03
2.768000000000000000e+03 1.673339999999999940e-03
2.773000000000000000e+03 1.708008000000000009e-03
2.779000000000000000e+03 1.685791000000000069e-03
2.785000000000000000e+03 1.677001999999999920e-03
2.791000000000000000e+03 1.723389000000000084e-03
2.797000000000000000e+03 1.666015999999999981e-03
2.803000000000000000e+03 1.664794999999999947e-03
2.808000000000000000e+03 1.664794999999999947e-03
2.814000000000000000e+03 1.680908000000000055e-03
2.820000000000000000e+03 1.686524000000000009e-03
2.826000000000000000e+03 1.679200000000000050e-03
2.832000000000000000e+03 1.685791000000000069e-03
2.837000000000000000e+03 1.729003999999999914e-03
2.843000000000000000e+03 1.676270000000000104e-03
2.849000000000000000e+03 1.686767999999999948e-03
2.855000000000000000e+03 1.676270000000000104e-03
2.861000000000000000e+03 1.701660000000000022e-03
2.867000000000000000e+03 1.674804999999999914e-03
2.872000000000000000e+03 1.683349999999999907e-03
2.878000000000000000e+03 1.684081999999999940e-03
2.884000000000000000e+03 1.665039000000000102e-03
2.890000000000000000e+03 1.677490999999999921e-03
2.896000000000000000e+03 1.653320999999999914e-03
2.901000000000000000e+03 1.678954999999999987e-03
2.907000000000000000e+03 1.687256000000000042e-03
2.913000000000000000e+03 1.674317000000000036e-03
2.919000000000000000e+03 1.675049000000000069e-03
2.925000000000000000e+03 1.681397000000000056e-03
2.930000000000000000e+03 1.654297000000000102e-03
2.936000000000000000e+03 1.665772000000000043e-03
2.942000000000000000e+03 1.635009999999999892e-03
2.948000000000000000e+03 1.670166000000000055e-03
2.954000000000000000e+03 1.651855999999999941e-03
2.960000000000000000e+03 1.635986999999999988e-03
2.965000000000000000e+03 1.681152999999999901e-03
2.971000000000000000e+03 1.654786000000000104e-03
2.977000000000000000e+03 1.658692000000000022e-03
2.983000000000000000e+03 1.672852000000000063e-03
2.989000000000000000e+03 1.656249999999999953e-03
2.994000000000000000e+03 1.636719000000000021e-03
3.000000000000000000e+03 1.627930000000000089e-03
3.006000000000000000e+03 1.631592000000000068e-03
3.012000000000000000e+03 1.641113999999999941e-03
3.018000000000000000e+03 1.652587999999999974e-03
3.023000000000000000e+03 1.663818999999999975e-03
3.029000000000000000e+03 1.663575000000000036e-03
3.035000000000000000e+03 1.619140999999999940e-03
3.041000000000000000e+03 1.652831999999999912e-03
3.047000000000000000e+03 1.662597999999999940e-03
3.053000000000000000e+03 1.648193999999999961e-03
3.058000000000000000e+03 1.658692000000000022e-03
3.064000000000000000e+03 1.635741999999999925e-03
3.070000000000000000e+03 1.656493999999999892e-03
3.076000000000000000e+03 1.630616000000000097e-03
3.082000000000000000e+03 1.680663999999999899e-03
3.087000000000000000e+03 1.677490999999999921e-03
3.093000000000000000e+03 1.658935999999999961e-03
3.099000000000000000e+03 1.605468999999999993e-03
3.105000000000000000e+03 1.644286999999999919e-03
3.111000000000000000e+03 1.666259999999999920e-03
3.116000000000000000e+03 1.645751999999999892e-03
3.122000000000000000e+03 1.642089999999999913e-03
3.128000000000000000e+03 1.658935999999999961e-03
3.134000000000000000e+03 1.649169999999999933e-03
3.140000000000000000e+03 1.629882999999999939e-03
3.146000000000000000e+03 1.645507999999999953e-03
3.151000000000000000e+03 1.657470999999999988e-03
3.157000000000000000e+03 1.644531999999999982e-03
3.163000000000000000e+03 1.654052999999999947e-03
3.169000000000000000e+03 1.659667999999999994e-03
3.175000000000000000e+03 1.647704999999999960e-03
3.180000000000000000e+03 1.644775999999999920e-03
3.186000000000000000e+03 1.630616000000000097e-03
3.192000000000000000e+03 1.651612000000000002e-03
3.198000000000000000e+03 1.638916000000000027e-03
3.204000000000000000e+03 1.677246000000000075e-03
3.210000000000000000e+03 1.687499999999999981e-03
3.215000000000000000e+03 1.641113999999999941e-03
3.221000000000000000e+03 1.638672000000000089e-03
3.227000000000000000e+03 1.662842000000000096e-03
3.233000000000000000e+03 1.642334000000000068e-03
3.239000000000000000e+03 1.682860999999999906e-03
3.244000000000000000e+03 1.625733000000000083e-03
3.250000000000000000e+03 1.650147000000000029e-03
3.256000000000000000e+03 1.637695999999999900e-03
3.262000000000000000e+03 1.658203999999999928e-03
3.268000000000000000e+03 1.656249999999999953e-03
3.273000000000000000e+03 1.663818999999999975e-03
3.279000000000000000e+03 1.645751999999999892e-03
3.285000000000000000e+03 1.634278000000000076e-03
3.291000000000000000e+03 1.656982999999999893e-03
3.297000000000000000e+03 1.656982999999999893e-03
3.303000000000000000e+03 1.662354000000000002e-03
3.308000000000000000e+03 1.653809000000000008e-03
3.314000000000000000e+03 1.651612000000000002e-03
3.320000000000000000e+03 1.668456999999999926e-03
3.326000000000000000e+03 1.619385000000000095e-03
3.332000000000000000e+03 1.624512000000000048e-03
3.337000000000000000e+03 1.654052999999999947e-03
3.343000000000000000e+03 1.649169999999999933e-03
3.349000000000000000e+03 1.667480999999999955e-03
3.355000000000000000e+03 1.659667999999999994e-03
3.361000000000000000e+03 1.676757999999999981e-03
3.366000000000000000e+03 1.649903000000000090e-03
3.372000000000000000e+03 1.640381000000000001e-03
3.378000000000000000e+03 1.641113999999999941e-03
3.384000000000000000e+03 1.604493000000000022e-03
3.390000000000000000e+03 1.644286999999999919e-03
3.396000000000000000e+03 1.630371999999999941e-03
3.401000000000000000e+03 1.634033999999999921e-03
3.407000000000000000e+03 1.629395000000000062e-03
3.413000000000000000e+03 1.659179999999999900e-03
3.419000000000000000e+03 1.660156000000000088e-03
3.425000000000000000e+03 1.660645000000000090e-03
3.430000000000000000e+03 1.656249999999999953e-03
3.436000000000000000e+03 1.646485000000000049e-03
3.442000000000000000e+03 1.643310999999999947e-03
3.448000000000000000e+03 1.639648999999999968e-03
3.454000000000000000e+03 1.657227000000000049e-03
3.459000000000000000e+03 1.639648999999999968e-03
3.465000000000000000e+03 1.637451999999999961e-03
3.471000000000000000e+03 1.658692000000000022e-03
3.477000000000000000e+03 1.632079999999999946e-03
3.483000000000000000e+03 1.650634999999999906e-03
3.489000000000000000e+03 1.639161000000000090e-03
3.494000000000000000e+03 1.645751999999999892e-03
3.500000000000000000e+03 1.631836000000000007e-03
3.506000000000000000e+03 1.650879000000000062e-03
3.512000000000000000e+03 1.653320999999999914e-03
3.518000000000000000e+03 1.631592000000000068e-03
3.523000000000000000e+03 1.641113999999999941e-03
3.529000000000000000e+03 1.641602000000000035e-03
3.535000000000000000e+03 1.632079999999999946e-03
3.541000000000000000e+03 1.646728999999999988e-03
3.547000000000000000e+03 1.647217000000000082e-03
3.553000000000000000e+03 1.651368000000000063e-03
3.558000000000000000e+03 1.649169999999999933e-03
3.564000000000000000e+03 1.669677999999999961e-03
3.570000000000000000e+03 1.612792999999999952e-03
3.576000000000000000e+03 1.623534999999999952e-03
3.582000000000000000e+03 1.648682000000000055e-03
3.587000000000000000e+03 1.620850000000000068e-03
3.593000000000000000e+03 1.678222999999999954e-03
3.599000000000000000e+03 1.651612000000000002e-03
3.605000000000000000e+03 1.655762000000000076e-03
3.611000000000000000e+03 1.635254000000000048e-03
3.616000000000000000e+03 1.640624999999999939e-03
3.622000000000000000e+03 1.616454999999999932e-03
3.628000000000000000e+03 1.643799000000000041e-03
3.634000000000000000e+03 1.639648999999999968e-03
3.640000000000000000e+03 1.660645000000000090e-03
3.646000000000000000e+03 1.643799000000000041e-03
3.651000000000000000e+03 1.633300999999999980e-03
3.657000000000000000e+03 1.682129000000000089e-03
3.663000000000000000e+03 1.653320999999999914e-03
3.669000000000000000e+03 1.637940000000000056e-03
3.675000000000000000e+03 1.645020000000000076e-03
3.680000000000000000e+03 1.622558999999999980e-03
3.686000000000000000e+03 1.649658999999999934e-03
3.692000000000000000e+03 1.636962999999999960e-03
3.698000000000000000e+03 1.640624999999999939e-03
3.704000000000000000e+03 1.646728999999999988e-03
3.709000000000000000e+03 1.649414000000000088e-03
3.715000000000000000e+03 1.641113999999999941e-03
3.721000000000000000e+03 1.650879000000000062e-03
3.727000000000000000e+03 1.648925999999999994e-03
3.733000000000000000e+03 1.631347999999999913e-03
3.739000000000000000e+03 1.649658999999999934e-03
3.744000000000000000e+03 1.664307000000000069e-03
3.750000000000000000e+03 1.649169999999999933e-03
3.756000000000000000e+03 1.661621000000000061e-03
3.762000000000000000e+03 1.632813000000000103e-03
3.768000000000000000e+03 1.637940000000000056e-03
3.773000000000000000e+03 1.647704999999999960e-03
3.779000000000000000e+03 1.607911000000000062e-03
3.785000000000000000e+03 1.653809000000000008e-03
3.791000000000000000e+03 1.635741999999999925e-03
3.797000000000000000e+03 1.648925999999999994e-03
3.802000000000000000e+03 1.660400999999999934e-03
3.808000000000000000e+03 1.645751999999999892e-03
3.814000000000000000e+03 1.635254000000000048e-03
3.820000000000000000e+03 1.658446999999999959e-03
3.826000000000000000e+03 1.653809000000000008e-03
3.832000000000000000e+03 1.643555000000000103e-03
3.837000000000000000e+03 1.630371999999999941e-03
3.843000000000000000e+03 1.653565000000000070e-03
3.849000000000000000e+03 1.642089999999999913e-03
3.855000000000000000e+03 1.648437999999999900e-03
3.861000000000000000e+03 1.644531999999999982e-03
3.866000000000000000e+03 1.654297000000000102e-03
3.872000000000000000e+03 1.657227000000000049e-03
3.878000000000000000e+03 1.657227000000000049e-03
3.884000000000000000e+03 1.657470999999999988e-03
3.890000000000000000e+03 1.670166000000000055e-03
3.896000000000000000e+03 1.654786000000000104e-03
3.901000000000000000e+03 1.610352000000000007e-03
3.907000000000000000e+03 1.647217000000000082e-03
3.913000000000000000e+03 1.680908000000000055e-03
3.919000000000000000e+03 1.641113999999999941e-03
3.925000000000000000e+03 1.638916000000000027e-03
3.930000000000000000e+03 1.644531999999999982e-03
3.936000000000000000e+03 1.667969000000000049e-03
3.942000000000000000e+03 1.645996000000000048e-03
3.948000000000000000e+03 1.646972999999999927e-03
3.954000000000000000e+03 1.646485000000000049e-03
3.959000000000000000e+03 1.648682000000000055e-03
3.965000000000000000e+03 1.653320999999999914e-03
3.971000000000000000e+03 1.625488999999999927e-03
3.977000000000000000e+03 1.648925999999999994e-03
3.983000000000000000e+03 1.645020000000000076e-03
3.989000000000000000e+03 1.648682000000000055e-03
3.994000000000000000e+03 1.640381000000000001e-03
4.000000000000000000e+03 1.673828000000000035e-03
4.006000000000000000e+03 1.678954999999999987e-03
4.012000000000000000e+03 1.651855999999999941e-03
4.018000000000000000e+03 1.661621000000000061e-03
4.023000000000000000e+03 1.640381000000000001e-03
4.029000000000000000e+03 1.648193999999999961e-03
4.035000000000000000e+03 1.653809000000000008e-03
4.041000000000000000e+03 1.666748000000000014e-03
4.047000000000000000e+03 1.660645000000000090e-03
4.052000000000000000e+03 1.659667999999999994e-03
4.058000000000000000e+03 1.648437999999999900e-03
4.064000000000000000e+03 1.635497999999999987e-03
4.070000000000000000e+03 1.656006000000000014e-03
4.076000000000000000e+03 1.660889000000000029e-03
4.082000000000000000e+03 1.659424000000000055e-03
4.087000000000000000e+03 1.637451999999999961e-03
4.093000000000000000e+03 1.648682000000000055e-03
4.099000000000000000e+03 1.673828000000000035e-03
4.105000000000000000e+03 1.650390999999999967e-03
4.111000000000000000e+03 1.623534999999999952e-03
4.116000000000000000e+03 1.621826000000000040e-03
4.122000000000000000e+03 1.655273999999999981e-03
4.128000000000000000e+03 1.647704999999999960e-03
4.134000000000000000e+03 1.654052999999999947e-03
4.140000000000000000e+03 1.646728999999999988e-03
4.145000000000000000e+03 1.641358000000000096e-03
4.151000000000000000e+03 1.660889000000000029e-03
4.157000000000000000e+03 1.648682000000000055e-03
4.163000000000000000e+03 1.643067000000000008e-03
4.169000000000000000e+03 1.658692000000000022e-03
4.175000000000000000e+03 1.646728999999999988e-03
4.180000000000000000e+03 1.622558999999999980e-03
4.186000000000000000e+03 1.638916000000000027e-03
4.192000000000000000e+03 1.652587999999999974e-03
4.198000000000000000e+03 1.599610000000000008e-03
4.204000000000000000e+03 1.654786000000000104e-03
4.209000000000000000e+03 1.655030000000000043e-03
4.215000000000000000e+03 1.653565000000000070e-03
4.221000000000000000e+03 1.657470999999999988e-03
4.227000000000000000e+03 1.629395000000000062e-03
4.233000000000000000e+03 1.660889000000000029e-03
4.238000000000000000e+03 1.651855999999999941e-03
4.244000000000000000e+03 1.643555000000000103e-03
4.250000000000000000e+03 1.660400999999999934e-03
4.256000000000000000e+03 1.657227000000000049e-03
4.262000000000000000e+03 1.646485000000000049e-03
4.268000000000000000e+03 1.630860000000000035e-03
4.273000000000000000e+03 1.656249999999999953e-03
4.279000000000000000e+03 1.666015999999999981e-03
4.285000000000000000e+03 1.640137000000000062e-03
4.291000000000000000e+03 1.680419999999999961e-03
4.297000000000000000e+03 1.634033999999999921e-03
4.302000000000000000e+03 1.663086000000000035e-03
4.308000000000000000e+03 1.636475000000000082e-03
4.314000000000000000e+03 1.641602000000000035e-03
4.320000000000000000e+03 1.648925999999999994e-03
4.326000000000000000e+03 1.656493999999999892e-03
4.332000000000000000e+03 1.656982999999999893e-03
4.337000000000000000e+03 1.636230999999999927e-03
4.343000000000000000e+03 1.641113999999999941e-03
4.349000000000000000e+03 1.670410999999999901e-03
4.355000000000000000e+03 1.662842000000000096e-03
4.361000000000000000e+03 1.650879000000000062e-03
4.366000000000000000e+03 1.635986999999999988e-03
4.372000000000000000e+03 1.646485000000000049e-03
4.378000000000000000e+03 1.648682000000000055e-03
4.384000000000000000e+03 1.636475000000000082e-03
4.390000000000000000e+03 1.663329999999999973e-03
4.395000000000000000e+03 1.656493999999999892e-03
4.401000000000000000e+03 1.667969000000000049e-03
4.407000000000000000e+03 1.658446999999999959e-03
4.413000000000000000e+03 1.660889000000000029e-03
4.419000000000000000e+03 1.635009999999999892e-03
4.425000000000000000e+03 1.647217000000000082e-03
4.430000000000000000e+03 1.651123000000000000e-03
4.436000000000000000e+03 1.650634999999999906e-03
4.442000000000000000e+03 1.671387000000000090e-03
4.448000000000000000e+03 1.641358000000000096e-03
4.454000000000000000e+03 1.659424000000000055e-03
4.459000000000000000e+03 1.671631000000000028e-03
4.465000000000000000e+03 1.658935999999999961e-03
4.471000000000000000e+03 1.660645000000000090e-03
4.477000000000000000e+03 1.653320999999999914e-03
4.483000000000000000e+03 1.629395000000000062e-03
4.488000000000000000e+03 1.664307000000000069e-03
4.494000000000000000e+03 1.662842000000000096e-03
4.500000000000000000e+03 1.664794999999999947e-03
4.506000000000000000e+03 1.636475000000000082e-03
4.512000000000000000e+03 1.643310999999999947e-03
4.518000000000000000e+03 1.640381000000000001e-03
4.523000000000000000e+03 1.670898999999999995e-03
4.529000000000000000e+03 1.655273999999999981e-03
4.535000000000000000e+03 1.645751999999999892e-03
4.541000000000000000e+03 1.662110000000000063e-03
4.547000000000000000e+03 1.662354000000000002e-03
4.552000000000000000e+03 1.649903000000000090e-03
4.558000000000000000e+03 1.653076999999999975e-03
4.564000000000000000e+03 1.665283000000000041e-03
4.570000000000000000e+03 1.641113999999999941e-03
4.576000000000000000e+03 1.646240999999999894e-03
4.581000000000000000e+03 1.653565000000000070e-03
4.587000000000000000e+03 1.664062999999999914e-03
4.593000000000000000e+03 1.653565000000000070e-03
4.599000000000000000e+03 1.644531999999999982e-03
4.605000000000000000e+03 1.652344000000000035e-03
4.611000000000000000e+03 1.643310999999999947e-03
4.616000000000000000e+03 1.661376999999999906e-03
4.622000000000000000e+03 1.644775999999999920e-03
4.628000000000000000e+03 1.664551000000000008e-03
4.634000000000000000e+03 1.658446999999999959e-03
4.640000000000000000e+03 1.646728999999999988e-03
4.645000000000000000e+03 1.642334000000000068e-03
4.651000000000000000e+03 1.641602000000000035e-03
4.657000000000000000e+03 1.651123000000000000e-03
4.663000000000000000e+03 1.639648999999999968e-03
4.669000000000000000e+03 1.634033999999999921e-03
4.675000000000000000e+03 1.638672000000000089e-03
4.680000000000000000e+03 1.656493999999999892e-03
4.686000000000000000e+03 1.643310999999999947e-03
4.692000000000000000e+03 1.666504000000000076e-03
4.698000000000000000e+03 1.663818999999999975e-03
4.704000000000000000e+03 1.644531999999999982e-03
4.709000000000000000e+03 1.644042999999999980e-03
4.715000000000000000e+03 1.637695999999999900e-03
4.721000000000000000e+03 1.656982999999999893e-03
4.727000000000000000e+03 1.662597999999999940e-03
4.733000000000000000e+03 1.636475000000000082e-03
4.738000000000000000e+03 1.645507999999999953e-03
4.744000000000000000e+03 1.645751999999999892e-03
4.750000000000000000e+03 1.654786000000000104e-03
4.756000000000000000e+03 1.682129000000000089e-03
4.762000000000000000e+03 1.667237000000000016e-03
4.768000000000000000e+03 1.625244999999999988e-03
4.773000000000000000e+03 1.676757999999999981e-03
4.779000000000000000e+03 1.651368000000000063e-03
4.785000000000000000e+03 1.631103999999999974e-03
4.791000000000000000e+03 1.657227000000000049e-03
4.797000000000000000e+03 1.659911999999999933e-03
4.802000000000000000e+03 1.642578999999999914e-03
4.808000000000000000e+03 1.652100000000000096e-03
4.814000000000000000e+03 1.666993000000000077e-03
4.820000000000000000e+03 1.633300999999999980e-03
4.826000000000000000e+03 1.632079999999999946e-03
4.831000000000000000e+03 1.613770000000000048e-03
4.837000000000000000e+03 1.649658999999999934e-03
4.843000000000000000e+03 1.665528000000000104e-03
4.849000000000000000e+03 1.641113999999999941e-03
4.855000000000000000e+03 1.664307000000000069e-03
4.861000000000000000e+03 1.633300999999999980e-03
4.866000000000000000e+03 1.639161000000000090e-03
4.872000000000000000e+03 1.638672000000000089e-03
4.878000000000000000e+03 1.656006000000000014e-03
4.884000000000000000e+03 1.648193999999999961e-03
4.890000000000000000e+03 1.663086000000000035e-03
4.895000000000000000e+03 1.652100000000000096e-03
4.901000000000000000e+03 1.650879000000000062e-03
4.907000000000000000e+03 1.658446999999999959e-03
4.913000000000000000e+03 1.648193999999999961e-03
4.919000000000000000e+03 1.636475000000000082e-03
4.924000000000000000e+03 1.645751999999999892e-03
4.930000000000000000e+03 1.618164999999999968e-03
4.936000000000000000e+03 1.607177999999999905e-03
4.942000000000000000e+03 1.661376999999999906e-03
4.948000000000000000e+03 1.668456999999999926e-03
4.954000000000000000e+03 1.654052999999999947e-03
4.959000000000000000e+03 1.659424000000000055e-03
4.965000000000000000e+03 1.653076999999999975e-03
4.971000000000000000e+03 1.680419999999999961e-03
4.977000000000000000e+03 1.662842000000000096e-03
4.983000000000000000e+03 1.656493999999999892e-03
4.988000000000000000e+03 1.633789000000000075e-03
4.994000000000000000e+03 1.643067000000000008e-03
5.000000000000000000e+03 1.641602000000000035e-03
5.006000000000000000e+03 1.653076999999999975e-03
5.012000000000000000e+03 1.683594000000000063e-03
5.018000000000000000e+03 1.657227000000000049e-03
5.023000000000000000e+03 1.670166000000000055e-03
5.029000000000000000e+03 1.650879000000000062e-03
5.035000000000000000e+03 1.674560999999999975e-03
5.041000000000000000e+03 1.661865000000000000e-03
5.047000000000000000e+03 1.658692000000000022e-03
5.052000000000000000e+03 1.633544999999999919e-03
5.058000000000000000e+03 1.644531999999999982e-03
5.064000000000000000e+03 1.634278000000000076e-03
5.070000000000000000e+03 1.636962999999999960e-03
5.076000000000000000e+03 1.641358000000000096e-03
5.081000000000000000e+03 1.648437999999999900e-03
5.087000000000000000e+03 1.657714999999999926e-03
5.093000000000000000e+03 1.656249999999999953e-03
5.099000000000000000e+03 1.668945999999999928e-03
5.105000000000000000e+03 1.667724999999999893e-03
5.111000000000000000e+03 1.653076999999999975e-03
5.116000000000000000e+03 1.646240999999999894e-03
5.122000000000000000e+03 1.650390999999999967e-03
5.128000000000000000e+03 1.642334000000000068e-03
5.134000000000000000e+03 1.658692000000000022e-03
5.140000000000000000e+03 1.677001999999999920e-03
5.145000000000000000e+03 1.642823000000000070e-03
5.151000000000000000e+03 1.647461000000000021e-03
5.157000000000000000e+03 1.664307000000000069e-03
5.163000000000000000e+03 1.640137000000000062e-03
5.169000000000000000e+03 1.648925999999999994e-03
5.174000000000000000e+03 1.666259999999999920e-03
5.180000000000000000e+03 1.661621000000000061e-03
5.186000000000000000e+03 1.639405000000000029e-03
5.192000000000000000e+03 1.646485000000000049e-03
5.198000000000000000e+03 1.642334000000000068e-03
5.204000000000000000e+03 1.656006000000000014e-03
5.209000000000000000e+03 1.631592000000000068e-03
5.215000000000000000e+03 1.626464999999999899e-03
5.221000000000000000e+03 1.642823000000000070e-03
5.227000000000000000e+03 1.637695999999999900e-03
5.233000000000000000e+03 1.645996000000000048e-03
5.238000000000000000e+03 1.640137000000000062e-03
5.244000000000000000e+03 1.650634999999999906e-03
5.250000000000000000e+03 1.642089999999999913e-03
5.256000000000000000e+03 1.632568999999999947e-03
5.262000000000000000e+03 1.631592000000000068e-03
5.267000000000000000e+03 1.654541000000000041e-03
5.273000000000000000e+03 1.662842000000000096e-03
5.279000000000000000e+03 1.634033999999999921e-03
5.285000000000000000e+03 1.635986999999999988e-03
5.291000000000000000e+03 1.632568999999999947e-03
5.297000000000000000e+03 1.644775999999999920e-03
5.302000000000000000e+03 1.659424000000000055e-03
5.308000000000000000e+03 1.641602000000000035e-03
5.314000000000000000e+03 1.655762000000000076e-03
5.320000000000000000e+03 1.636962999999999960e-03
5.326000000000000000e+03 1.645264000000000015e-03
5.331000000000000000e+03 1.650879000000000062e-03
5.337000000000000000e+03 1.632325000000000009e-03
5.343000000000000000e+03 1.641845999999999974e-03
5.349000000000000000e+03 1.648925999999999994e-03
5.355000000000000000e+03 1.616454999999999932e-03
5.361000000000000000e+03 1.636475000000000082e-03
5.366000000000000000e+03 1.623534999999999952e-03
5.372000000000000000e+03 1.653809000000000008e-03
5.378000000000000000e+03 1.648925999999999994e-03
5.384000000000000000e+03 1.685059000000000036e-03
5.390000000000000000e+03 1.647948999999999898e-03
5.395000000000000000e+03 1.654786000000000104e-03
5.401000000000000000e+03 1.635009999999999892e-03
5.407000000000000000e+03 1.649414000000000088e-03
5.413000000000000000e+03 1.651612000000000002e-03
5.419000000000000000e+03 1.631836000000000007e-03
5.424000000000000000e+03 1.654786000000000104e-03
5.430000000000000000e+03 1.639405000000000029e-03
5.436000000000000000e+03 1.660156000000000088e-03
5.442000000000000000e+03 1.644286999999999919e-03
5.448000000000000000e+03 1.661865000000000000e-03
5.454000000000000000e+03 1.641845999999999974e-03
5.459000000000000000e+03 1.662110000000000063e-03
5.465000000000000000e+03 1.638672000000000089e-03
5.471000000000000000e+03 1.629882999999999939e-03
5.477000000000000000e+03 1.649414000000000088e-03
5.483000000000000000e+03 1.654297000000000102e-03
5.488000000000000000e+03 1.637206999999999898e-03
5.494000000000000000e+03 1.629882999999999939e-03
5.500000000000000000e+03 1.655273999999999981e-03
5.506000000000000000e+03 1.642089999999999913e-03
5.512000000000000000e+03 1.668701000000000082e-03
5.517000000000000000e+03 1.628174000000000027e-03
5.523000000000000000e+03 1.653809000000000008e-03
5.529000000000000000e+03 1.670410999999999901e-03
5.535000000000000000e+03 1.651612000000000002e-03
5.541000000000000000e+03 1.663329999999999973e-03
5.547000000000000000e+03 1.666259999999999920e-03
5.552000000000000000e+03 1.652831999999999912e-03
5.558000000000000000e+03 1.646240999999999894e-03
5.564000000000000000e+03 1.663575000000000036e-03
5.570000000000000000e+03 1.637940000000000056e-03
5.576000000000000000e+03 1.653076999999999975e-03
5.581000000000000000e+03 1.627198000000000056e-03
5.587000000000000000e+03 1.653565000000000070e-03
5.593000000000000000e+03 1.649903000000000090e-03
5.599000000000000000e+03 1.659179999999999900e-03
5.605000000000000000e+03 1.640381000000000001e-03
5.610000000000000000e+03 1.633789000000000075e-03
5.616000000000000000e+03 1.638672000000000089e-03
5.622000000000000000e+03 1.624999999999999925e-03
5.628000000000000000e+03 1.636962999999999960e-03
5.634000000000000000e+03 1.637695999999999900e-03
5.640000000000000000e+03 1.657227000000000049e-03
5.645000000000000000e+03 1.658446999999999959e-03
5.651000000000000000e+03 1.625488999999999927e-03
5.657000000000000000e+03 1.640870000000000002e-03
5.663000000000000000e+03 1.647461000000000021e-03
5.669000000000000000e+03 1.659667999999999994e-03
5.674000000000000000e+03 1.639892999999999906e-03
5.680000000000000000e+03 1.651368000000000063e-03
5.686000000000000000e+03 1.651855999999999941e-03
5.692000000000000000e+03 1.628906999999999968e-03
5.698000000000000000e+03 1.646728999999999988e-03
5.703000000000000000e+03 1.660645000000000090e-03
5.709000000000000000e+03 1.659424000000000055e-03
5.715000000000000000e+03 1.630616000000000097e-03
5.721000000000000000e+03 1.656738999999999955e-03
5.727000000000000000e+03 1.668945999999999928e-03
5.733000000000000000e+03 1.645020000000000076e-03
5.738000000000000000e+03 1.652831999999999912e-03
5.744000000000000000e+03 1.650147000000000029e-03
5.750000000000000000e+03 1.682129000000000089e-03
5.756000000000000000e+03 1.633789000000000075e-03
5.762000000000000000e+03 1.633789000000000075e-03
5.767000000000000000e+03 1.640624999999999939e-03
5.773000000000000000e+03 1.654052999999999947e-03
5.779000000000000000e+03 1.628906999999999968e-03
5.785000000000000000e+03 1.648193999999999961e-03
5.791000000000000000e+03 1.648193999999999961e-03
5.797000000000000000e+03 1.629150999999999907e-03
5.802000000000000000e+03 1.656982999999999893e-03
5.808000000000000000e+03 1.669921999999999900e-03
5.814000000000000000e+03 1.663086000000000035e-03
5.820000000000000000e+03 1.655030000000000043e-03
5.826000000000000000e+03 1.652831999999999912e-03
5.831000000000000000e+03 1.656738999999999955e-03
5.837000000000000000e+03 1.660400999999999934e-03
5.843000000000000000e+03 1.641113999999999941e-03
5.849000000000000000e+03 1.639161000000000090e-03
5.855000000000000000e+03 1.656493999999999892e-03
5.860000000000000000e+03 1.631592000000000068e-03
5.866000000000000000e+03 1.658935999999999961e-03
5.872000000000000000e+03 1.679932000000000083e-03
5.878000000000000000e+03 1.654541000000000041e-03
5.884000000000000000e+03 1.629150999999999907e-03
5.890000000000000000e+03 1.651123000000000000e-03
5.895000000000000000e+03 1.631836000000000007e-03
5.901000000000000000e+03 1.666748000000000014e-03
5.907000000000000000e+03 1.641358000000000096e-03
5.913000000000000000e+03 1.659424000000000055e-03
5.919000000000000000e+03 1.663329999999999973e-03
5.924000000000000000e+03 1.634522000000000015e-03
5.930000000000000000e+03 1.660156000000000088e-03
5.936000000000000000e+03 1.658203999999999928e-03
5.942000000000000000e+03 1.647704999999999960e-03
5.948000000000000000e+03 1.641358000000000096e-03
5.953000000000000000e+03 1.641113999999999941e-03
5.959000000000000000e+03 1.651855999999999941e-03
5.965000000000000000e+03 1.641845999999999974e-03
5.971000000000000000e+03 1.646728999999999988e-03
5.977000000000000000e+03 1.679200000000000050e-03
5.983000000000000000e+03 1.655762000000000076e-03
5.988000000000000000e+03 1.660400999999999934e-03
5.994000000000000000e+03 1.665283000000000041e-03
6.000000000000000000e+03 1.646972999999999927e-03
