4.000000000000000000e+00 1.638183999999999994e-03
9.000000000000000000e+00 1.650390999999999967e-03
1.300000000000000000e+01 1.649169999999999933e-03
1.800000000000000000e+01 1.656249999999999953e-03
2.400000000000000000e+01 1.660400999999999934e-03
3.000000000000000000e+01 1.635254000000000048e-03
3.500000000000000000e+01 1.620116999999999911e-03
4.100000000000000000e+01 1.646240999999999894e-03
4.700000000000000000e+01 1.614989999999999959e-03
5.300000000000000000e+01 1.643310999999999947e-03
5.900000000000000000e+01 1.652587999999999974e-03
6.400000000000000000e+01 1.667237000000000016e-03
7.000000000000000000e+01 1.650879000000000062e-03
7.600000000000000000e+01 1.651612000000000002e-03
8.200000000000000000e+01 1.653076999999999975e-03
8.800000000000000000e+01 1.653076999999999975e-03
9.300000000000000000e+01 1.631347999999999913e-03
9.900000000000000000e+01 1.638916000000000027e-03
1.050000000000000000e+02 1.648682000000000055e-03
1.110000000000000000e+02 1.656982999999999893e-03
1.170000000000000000e+02 1.642578999999999914e-03
1.230000000000000000e+02 1.629150999999999907e-03
1.280000000000000000e+02 1.622315000000000042e-03
1.340000000000000000e+02 1.666504000000000076e-03
1.400000000000000000e+02 1.632813000000000103e-03
1.460000000000000000e+02 1.662354000000000002e-03
1.520000000000000000e+02 1.638427999999999933e-03
1.570000000000000000e+02 1.627685999999999933e-03
1.630000000000000000e+02 1.638672000000000089e-03
1.690000000000000000e+02 1.643067000000000008e-03
1.750000000000000000e+02 1.642578999999999914e-03
1.810000000000000000e+02 1.649414000000000088e-03
1.860000000000000000e+02 1.633544999999999919e-03
1.920000000000000000e+02 1.642089999999999913e-03
1.980000000000000000e+02 1.675049000000000069e-03
2.040000000000000000e+02 1.634278000000000076e-03
2.100000000000000000e+02 1.667480999999999955e-03
2.160000000000000000e+02 1.666748000000000014e-03
2.210000000000000000e+02 1.635986999999999988e-03
2.270000000000000000e+02 1.628661999999999905e-03
2.330000000000000000e+02 1.664794999999999947e-03
2.390000000000000000e+02 1.651855999999999941e-03
2.450000000000000000e+02 1.635741999999999925e-03
2.500000000000000000e+02 1.637206999999999898e-03
2.560000000000000000e+02 1.639648999999999968e-03
2.620000000000000000e+02 1.679200000000000050e-03
2.680000000000000000e+02 1.635741999999999925e-03
2.740000000000000000e+02 1.656493999999999892e-03
2.800000000000000000e+02 1.646728999999999988e-03
2.850000000000000000e+02 1.653809000000000008e-03
2.910000000000000000e+02 1.660156000000000088e-03
2.970000000000000000e+02 1.612549000000000014e-03
3.030000000000000000e+02 1.654297000000000102e-03
3.090000000000000000e+02 1.635741999999999925e-03
3.140000000000000000e+02 1.631103999999999974e-03
3.200000000000000000e+02 1.636962999999999960e-03
3.260000000000000000e+02 1.635009999999999892e-03
3.320000000000000000e+02 1.645751999999999892e-03
3.380000000000000000e+02 1.640381000000000001e-03
3.430000000000000000e+02 1.647217000000000082e-03
3.490000000000000000e+02 1.636962999999999960e-03
3.550000000000000000e+02 1.663575000000000036e-03
3.610000000000000000e+02 1.638427999999999933e-03
3.670000000000000000e+02 1.648193999999999961e-03
3.730000000000000000e+02 1.655273999999999981e-03
3.780000000000000000e+02 1.640870000000000002e-03
3.840000000000000000e+02 1.645996000000000048e-03
3.900000000000000000e+02 1.636962999999999960e-03
3.960000000000000000e+02 1.646485000000000049e-03
4.020000000000000000e+02 1.641358000000000096e-03
4.070000000000000000e+02 1.641602000000000035e-03
4.130000000000000000e+02 1.650879000000000062e-03
4.190000000000000000e+02 1.640381000000000001e-03
4.250000000000000000e+02 1.637940000000000056e-03
4.310000000000000000e+02 1.672607999999999907e-03
4.360000000000000000e+02 1.656738999999999955e-03
4.420000000000000000e+02 1.632813000000000103e-03
4.480000000000000000e+02 1.651612000000000002e-03
4.540000000000000000e+02 1.639892999999999906e-03
4.600000000000000000e+02 1.637206999999999898e-03
4.660000000000000000e+02 1.655762000000000076e-03
4.710000000000000000e+02 1.638916000000000027e-03
4.770000000000000000e+02 1.625977000000000021e-03
4.830000000000000000e+02 1.652831999999999912e-03
4.890000000000000000e+02 1.657714999999999926e-03
4.950000000000000000e+02 1.622802999999999919e-03
5.000000000000000000e+02 1.641113999999999941e-03
5.060000000000000000e+02 1.629150999999999907e-03
5.120000000000000000e+02 1.658446999999999959e-03
5.180000000000000000e+02 1.622802999999999919e-03
5.240000000000000000e+02 1.640624999999999939e-03
5.290000000000000000e+02 1.633057000000000042e-03
5.350000000000000000e+02 1.654052999999999947e-03
5.410000000000000000e+02 1.635497999999999987e-03
5.470000000000000000e+02 1.665772000000000043e-03
5.530000000000000000e+02 1.665772000000000043e-03
5.590000000000000000e+02 1.651368000000000063e-03
5.640000000000000000e+02 1.633057000000000042e-03
5.700000000000000000e+02 1.647704999999999960e-03
5.760000000000000000e+02 1.644531999999999982e-03
5.820000000000000000e+02 1.636962999999999960e-03
5.880000000000000000e+02 1.650390999999999967e-03
5.930000000000000000e+02 1.667724999999999893e-03
5.990000000000000000e+02 1.649903000000000090e-03
6.050000000000000000e+02 1.632568999999999947e-03
6.110000000000000000e+02 1.623291000000000013e-03
6.170000000000000000e+02 1.627930000000000089e-03
6.220000000000000000e+02 1.646240999999999894e-03
6.280000000000000000e+02 1.634522000000000015e-03
6.340000000000000000e+02 1.659911999999999933e-03
6.400000000000000000e+02 1.652100000000000096e-03
6.460000000000000000e+02 1.642578999999999914e-03
6.520000000000000000e+02 1.661621000000000061e-03
6.570000000000000000e+02 1.687743999999999920e-03
6.630000000000000000e+02 1.653076999999999975e-03
6.690000000000000000e+02 1.663575000000000036e-03
6.750000000000000000e+02 1.629150999999999907e-03
6.810000000000000000e+02 1.643555000000000103e-03
6.860000000000000000e+02 1.654541000000000041e-03
6.920000000000000000e+02 1.637940000000000056e-03
6.980000000000000000e+02 1.667724999999999893e-03
7.040000000000000000e+02 1.652100000000000096e-03
7.100000000000000000e+02 1.673828000000000035e-03
7.160000000000000000e+02 1.635497999999999987e-03
7.210000000000000000e+02 1.660156000000000088e-03
7.270000000000000000e+02 1.660156000000000088e-03
7.330000000000000000e+02 1.635009999999999892e-03
7.390000000000000000e+02 1.670166000000000055e-03
7.450000000000000000e+02 1.641358000000000096e-03
7.500000000000000000e+02 1.650390999999999967e-03
7.560000000000000000e+02 1.646240999999999894e-03
7.620000000000000000e+02 1.655273999999999981e-03
7.680000000000000000e+02 1.659667999999999994e-03
7.740000000000000000e+02 1.654052999999999947e-03
7.790000000000000000e+02 1.672363999999999969e-03
7.850000000000000000e+02 1.665283000000000041e-03
7.910000000000000000e+02 1.672120000000000030e-03
7.970000000000000000e+02 1.657470999999999988e-03
8.030000000000000000e+02 1.682129000000000089e-03
8.090000000000000000e+02 1.635986999999999988e-03
8.140000000000000000e+02 1.652587999999999974e-03
8.200000000000000000e+02 1.647704999999999960e-03
8.260000000000000000e+02 1.641358000000000096e-03
8.320000000000000000e+02 1.659667999999999994e-03
8.380000000000000000e+02 1.664551000000000008e-03
8.430000000000000000e+02 1.658203999999999928e-03
8.490000000000000000e+02 1.685302999999999975e-03
8.550000000000000000e+02 1.667237000000000016e-03
8.610000000000000000e+02 1.652344000000000035e-03
8.670000000000000000e+02 1.641113999999999941e-03
8.720000000000000000e+02 1.649903000000000090e-03
8.780000000000000000e+02 1.673339999999999940e-03
8.840000000000000000e+02 1.637206999999999898e-03
8.900000000000000000e+02 1.652831999999999912e-03
8.960000000000000000e+02 1.644775999999999920e-03
9.020000000000000000e+02 1.626464999999999899e-03
9.070000000000000000e+02 1.644286999999999919e-03
9.130000000000000000e+02 1.645507999999999953e-03
9.190000000000000000e+02 1.644531999999999982e-03
9.250000000000000000e+02 1.664307000000000069e-03
9.310000000000000000e+02 1.681884999999999934e-03
9.360000000000000000e+02 1.667480999999999955e-03
9.420000000000000000e+02 1.645264000000000015e-03
9.480000000000000000e+02 1.645996000000000048e-03
9.540000000000000000e+02 1.634278000000000076e-03
9.600000000000000000e+02 1.654297000000000102e-03
9.650000000000000000e+02 1.664794999999999947e-03
9.710000000000000000e+02 1.658446999999999959e-03
9.770000000000000000e+02 1.659667999999999994e-03
9.830000000000000000e+02 1.675536999999999947e-03
9.890000000000000000e+02 1.666015999999999981e-03
9.950000000000000000e+02 1.635497999999999987e-03
1.000000000000000000e+03 1.651123000000000000e-03
1.006000000000000000e+03 1.644531999999999982e-03
1.012000000000000000e+03 1.629639000000000001e-03
1.018000000000000000e+03 1.651855999999999941e-03
1.024000000000000000e+03 1.658203999999999928e-03
1.029000000000000000e+03 1.661132999999999967e-03
1.035000000000000000e+03 1.666259999999999920e-03
1.041000000000000000e+03 1.663086000000000035e-03
1.047000000000000000e+03 1.659667999999999994e-03
1.053000000000000000e+03 1.645264000000000015e-03
1.059000000000000000e+03 1.637940000000000056e-03
1.064000000000000000e+03 1.656249999999999953e-03
1.070000000000000000e+03 1.675049000000000069e-03
1.076000000000000000e+03 1.673339999999999940e-03
1.082000000000000000e+03 1.658203999999999928e-03
1.088000000000000000e+03 1.668212999999999988e-03
1.093000000000000000e+03 1.646240999999999894e-03
1.099000000000000000e+03 1.659667999999999994e-03
1.105000000000000000e+03 1.642823000000000070e-03
1.111000000000000000e+03 1.640381000000000001e-03
1.117000000000000000e+03 1.645996000000000048e-03
1.122000000000000000e+03 1.661621000000000061e-03
1.128000000000000000e+03 1.656738999999999955e-03
1.134000000000000000e+03 1.651855999999999941e-03
1.140000000000000000e+03 1.655273999999999981e-03
1.146000000000000000e+03 1.667969000000000049e-03
1.152000000000000000e+03 1.680663999999999899e-03
1.157000000000000000e+03 1.636719000000000021e-03
1.163000000000000000e+03 1.653565000000000070e-03
1.169000000000000000e+03 1.666259999999999920e-03
1.175000000000000000e+03 1.677246000000000075e-03
1.181000000000000000e+03 1.656493999999999892e-03
1.186000000000000000e+03 1.684570000000000034e-03
1.192000000000000000e+03 1.652100000000000096e-03
1.198000000000000000e+03 1.676025999999999948e-03
1.204000000000000000e+03 1.663818999999999975e-03
1.210000000000000000e+03 1.658692000000000022e-03
1.215000000000000000e+03 1.657470999999999988e-03
1.221000000000000000e+03 1.669677999999999961e-03
1.227000000000000000e+03 1.673584000000000096e-03
1.233000000000000000e+03 1.643555000000000103e-03
1.239000000000000000e+03 1.688477000000000077e-03
1.245000000000000000e+03 1.671142999999999934e-03
1.250000000000000000e+03 1.676025999999999948e-03
1.256000000000000000e+03 1.678222999999999954e-03
1.262000000000000000e+03 1.650879000000000062e-03
1.268000000000000000e+03 1.652831999999999912e-03
1.274000000000000000e+03 1.677246000000000075e-03
1.279000000000000000e+03 1.679200000000000050e-03
1.285000000000000000e+03 1.680663999999999899e-03
1.291000000000000000e+03 1.660400999999999934e-03
1.297000000000000000e+03 1.644286999999999919e-03
1.303000000000000000e+03 1.681152999999999901e-03
1.308000000000000000e+03 1.721679999999999955e-03
1.314000000000000000e+03 1.695069000000000003e-03
1.320000000000000000e+03 1.680419999999999961e-03
1.326000000000000000e+03 1.654052999999999947e-03
1.332000000000000000e+03 1.696533999999999976e-03
1.338000000000000000e+03 1.628417999999999966e-03
1.343000000000000000e+03 1.671631000000000028e-03
1.349000000000000000e+03 1.682618000000000091e-03
1.355000000000000000e+03 1.662842000000000096e-03
1.361000000000000000e+03 1.659667999999999994e-03
1.367000000000000000e+03 1.672852000000000063e-03
1.372000000000000000e+03 1.677979000000000016e-03
1.378000000000000000e+03 1.707032000000000037e-03
1.384000000000000000e+03 1.685059000000000036e-03
1.390000000000000000e+03 1.679687999999999928e-03
1.396000000000000000e+03 1.717041000000000097e-03
1.402000000000000000e+03 1.679443999999999989e-03
1.407000000000000000e+03 1.690429999999999927e-03
1.413000000000000000e+03 1.738769999999999942e-03
1.419000000000000000e+03 1.773681999999999950e-03
1.425000000000000000e+03 1.769776000000000031e-03
1.431000000000000000e+03 1.872069999999999984e-03
1.436000000000000000e+03 1.745849999999999963e-03
1.442000000000000000e+03 1.834717000000000032e-03
1.448000000000000000e+03 1.873047000000000080e-03
1.454000000000000000e+03 1.832031000000000024e-03
1.460000000000000000e+03 1.903076000000000073e-03
1.465000000000000000e+03 1.879395000000000067e-03
1.471000000000000000e+03 1.867188000000000094e-03
1.477000000000000000e+03 2.075683999999999949e-03
1.483000000000000000e+03 1.906982999999999899e-03
1.489000000000000000e+03 1.884765999999999959e-03
1.495000000000000000e+03 1.950684000000000055e-03
1.500000000000000000e+03 1.835938000000000066e-03
1.506000000000000000e+03 1.905762000000000081e-03
1.512000000000000000e+03 1.961426000000000055e-03
1.518000000000000000e+03 1.913329999999999979e-03
1.524000000000000000e+03 1.988769999999999948e-03
1.529000000000000000e+03 1.908448000000000089e-03
1.535000000000000000e+03 2.001708999999999954e-03
1.541000000000000000e+03 2.043702000000000105e-03
1.547000000000000000e+03 2.055908999999999862e-03
1.553000000000000000e+03 2.027831999999999812e-03
1.558000000000000000e+03 2.089356000000000112e-03
1.564000000000000000e+03 1.968506000000000075e-03
1.570000000000000000e+03 2.002686000000000049e-03
1.576000000000000000e+03 2.041503999999999975e-03
1.582000000000000000e+03 2.038574000000000028e-03
1.588000000000000000e+03 2.064942000000000166e-03
1.593000000000000000e+03 2.051026000000000064e-03
1.599000000000000000e+03 2.157471000000000215e-03
1.605000000000000000e+03 2.115235000000000032e-03
1.611000000000000000e+03 2.134520999999999901e-03
1.617000000000000000e+03 2.025147000000000145e-03
1.622000000000000000e+03 2.151856000000000168e-03
1.628000000000000000e+03 2.008545000000000035e-03
1.634000000000000000e+03 2.073731000000000099e-03
1.640000000000000000e+03 2.110596000000000173e-03
1.646000000000000000e+03 2.073975000000000037e-03
1.651000000000000000e+03 2.129395000000000072e-03
1.657000000000000000e+03 2.124511999999999842e-03
1.663000000000000000e+03 2.077392999999999861e-03
1.669000000000000000e+03 2.140136999999999855e-03
1.675000000000000000e+03 2.102051000000000180e-03
1.681000000000000000e+03 2.094482999999999848e-03
1.686000000000000000e+03 2.211425999999999843e-03
1.692000000000000000e+03 2.137450999999999848e-03
1.698000000000000000e+03 2.227783000000000107e-03
1.704000000000000000e+03 2.271240999999999798e-03
1.710000000000000000e+03 2.197754000000000114e-03
1.715000000000000000e+03 2.327637000000000022e-03
1.721000000000000000e+03 2.243896999999999906e-03
1.727000000000000000e+03 2.181152999999999911e-03
1.733000000000000000e+03 2.185059000000000046e-03
1.739000000000000000e+03 2.145507999999999964e-03
1.745000000000000000e+03 2.174561000000000202e-03
1.750000000000000000e+03 2.270264000000000136e-03
1.756000000000000000e+03 2.138184000000000005e-03
1.762000000000000000e+03 2.223145000000000156e-03
1.768000000000000000e+03 2.330566999999999969e-03
1.774000000000000000e+03 2.199706999999999964e-03
1.779000000000000000e+03 2.327880999999999961e-03
1.785000000000000000e+03 2.411133000000000200e-03
1.791000000000000000e+03 2.294678000000000082e-03
1.797000000000000000e+03 2.465820999999999985e-03
1.803000000000000000e+03 2.320069000000000124e-03
1.808000000000000000e+03 2.369384999999999894e-03
1.814000000000000000e+03 2.382080999999999869e-03
1.820000000000000000e+03 2.256835999999999912e-03
1.826000000000000000e+03 2.408448000000000099e-03
1.832000000000000000e+03 2.398438000000000132e-03
1.838000000000000000e+03 2.241699000000000209e-03
1.843000000000000000e+03 2.371093999999999806e-03
1.849000000000000000e+03 2.329833999999999811e-03
1.855000000000000000e+03 2.443115999999999951e-03
1.861000000000000000e+03 2.517090000000000039e-03
1.867000000000000000e+03 2.451660000000000037e-03
1.872000000000000000e+03 2.466797000000000174e-03
1.878000000000000000e+03 2.659911999999999953e-03
1.884000000000000000e+03 2.551270000000000013e-03
1.890000000000000000e+03 2.593017999999999885e-03
1.896000000000000000e+03 2.691895000000000138e-03
1.901000000000000000e+03 2.534423999999999965e-03
1.907000000000000000e+03 2.600585999999999783e-03
1.913000000000000000e+03 2.640870000000000023e-03
1.919000000000000000e+03 2.602539999999999975e-03
1.925000000000000000e+03 2.740479000000000092e-03
1.931000000000000000e+03 2.672363999999999989e-03
1.936000000000000000e+03 2.653809000000000029e-03
1.942000000000000000e+03 2.674316999999999840e-03
1.948000000000000000e+03 2.665527000000000001e-03
1.954000000000000000e+03 2.724366000000000201e-03
1.960000000000000000e+03 2.707031999999999841e-03
1.965000000000000000e+03 2.728027999999999963e-03
1.971000000000000000e+03 2.718505999999999874e-03
1.977000000000000000e+03 2.626953000000000014e-03
1.983000000000000000e+03 2.719970999999999847e-03
1.989000000000000000e+03 2.870605999999999939e-03
1.994000000000000000e+03 2.862793000000000195e-03
2.000000000000000000e+03 2.882079999999999972e-03
2.006000000000000000e+03 3.012208000000000160e-03
2.012000000000000000e+03 2.845948000000000054e-03
2.018000000000000000e+03 2.964356000000000022e-03
2.024000000000000000e+03 2.934570999999999968e-03
2.029000000000000000e+03 2.847413000000000027e-03
2.035000000000000000e+03 2.947510999999999881e-03
2.041000000000000000e+03 2.894775999999999946e-03
2.047000000000000000e+03 2.916749000000000164e-03
2.053000000000000000e+03 2.942384000000000145e-03
2.058000000000000000e+03 2.954346000000000055e-03
2.064000000000000000e+03 2.945313000000000184e-03
2.070000000000000000e+03 3.030273999999999902e-03
2.076000000000000000e+03 2.931885999999999867e-03
2.082000000000000000e+03 3.010253999999999968e-03
2.087000000000000000e+03 2.999756000000000124e-03
2.093000000000000000e+03 2.916749000000000164e-03
2.099000000000000000e+03 2.846435999999999931e-03
2.105000000000000000e+03 2.932862000000000056e-03
2.111000000000000000e+03 2.855224999999999864e-03
2.117000000000000000e+03 3.078613999999999917e-03
2.122000000000000000e+03 3.038574999999999957e-03
2.128000000000000000e+03 3.059083000000000201e-03
2.134000000000000000e+03 3.102295000000000139e-03
2.140000000000000000e+03 3.067138999999999976e-03
2.146000000000000000e+03 3.064697999999999815e-03
2.151000000000000000e+03 3.099610000000000039e-03
2.157000000000000000e+03 2.956298999999999906e-03
2.163000000000000000e+03 2.960938000000000198e-03
2.169000000000000000e+03 3.094726999999999808e-03
2.175000000000000000e+03 3.094726999999999808e-03
2.181000000000000000e+03 3.107177999999999937e-03
2.186000000000000000e+03 3.093261999999999835e-03
2.192000000000000000e+03 3.086914999999999971e-03
2.198000000000000000e+03 3.271729000000000130e-03
2.204000000000000000e+03 3.183838000000000033e-03
2.210000000000000000e+03 3.200684000000000081e-03
2.215000000000000000e+03 3.144287999999999857e-03
2.221000000000000000e+03 3.091308999999999984e-03
2.227000000000000000e+03 3.238525999999999818e-03
2.233000000000000000e+03 3.271485000000000191e-03
2.239000000000000000e+03 3.184571000000000190e-03
2.244000000000000000e+03 3.254395000000000204e-03
2.250000000000000000e+03 3.254883000000000082e-03
2.256000000000000000e+03 3.287354000000000144e-03
2.262000000000000000e+03 3.446289999999999857e-03
2.268000000000000000e+03 3.292724999999999819e-03
2.274000000000000000e+03 3.315918000000000164e-03
2.279000000000000000e+03 3.285400999999999860e-03
2.285000000000000000e+03 3.288575000000000179e-03
2.291000000000000000e+03 3.392090999999999856e-03
2.297000000000000000e+03 3.352050999999999989e-03
2.303000000000000000e+03 3.304444000000000131e-03
2.308000000000000000e+03 3.353516999999999870e-03
2.314000000000000000e+03 3.321534000000000118e-03
2.320000000000000000e+03 3.347412000000000130e-03
2.326000000000000000e+03 3.461914999999999871e-03
2.332000000000000000e+03 3.360840999999999829e-03
2.337000000000000000e+03 3.381348000000000166e-03
2.343000000000000000e+03 3.407959999999999809e-03
2.349000000000000000e+03 3.410888999999999848e-03
2.355000000000000000e+03 3.396973000000000180e-03
2.361000000000000000e+03 3.371826999999999984e-03
2.367000000000000000e+03 3.308839000000000051e-03
2.372000000000000000e+03 3.403808999999999828e-03
2.378000000000000000e+03 3.338868000000000044e-03
2.384000000000000000e+03 3.357422000000000097e-03
2.390000000000000000e+03 3.584228999999999974e-03
2.396000000000000000e+03 3.452148999999999843e-03
2.401000000000000000e+03 3.439208999999999929e-03
2.407000000000000000e+03 3.400634999999999943e-03
2.413000000000000000e+03 3.300781999999999935e-03
2.419000000000000000e+03 3.383057000000000078e-03
2.425000000000000000e+03 3.451173000000000088e-03
2.431000000000000000e+03 3.327881999999999889e-03
2.436000000000000000e+03 3.344239000000000153e-03
2.442000000000000000e+03 3.433837999999999821e-03
2.448000000000000000e+03 3.377929999999999908e-03
2.454000000000000000e+03 3.525391000000000115e-03
2.460000000000000000e+03 3.296631999999999861e-03
2.465000000000000000e+03 3.339843999999999799e-03
2.471000000000000000e+03 3.313964999999999880e-03
2.477000000000000000e+03 3.317383000000000137e-03
2.483000000000000000e+03 3.235841000000000151e-03
2.489000000000000000e+03 3.261964000000000009e-03
2.494000000000000000e+03 3.262695999999999825e-03
2.500000000000000000e+03 3.227540000000000096e-03
2.506000000000000000e+03 3.277832999999999962e-03
2.512000000000000000e+03 3.177491000000000169e-03
2.518000000000000000e+03 3.226075000000000123e-03
2.524000000000000000e+03 3.062501000000000025e-03
2.529000000000000000e+03 3.116212000000000149e-03
2.535000000000000000e+03 3.189697999999999926e-03
2.541000000000000000e+03 2.992432000000000165e-03
2.547000000000000000e+03 2.925782000000000035e-03
2.553000000000000000e+03 2.883301000000000006e-03
2.558000000000000000e+03 2.812989000000000114e-03
2.564000000000000000e+03 2.919678000000000204e-03
2.570000000000000000e+03 2.835694000000000149e-03
2.576000000000000000e+03 2.789550999999999923e-03
2.582000000000000000e+03 2.902343999999999844e-03
2.587000000000000000e+03 2.800049000000000201e-03
2.593000000000000000e+03 2.875489000000000170e-03
2.599000000000000000e+03 2.880371000000000060e-03
2.605000000000000000e+03 2.686524000000000030e-03
2.611000000000000000e+03 2.775390999999999882e-03
2.617000000000000000e+03 2.850098000000000128e-03
2.622000000000000000e+03 2.776855999999999856e-03
2.628000000000000000e+03 2.790284000000000080e-03
2.634000000000000000e+03 2.728271999999999902e-03
2.640000000000000000e+03 2.769775999999999835e-03
2.646000000000000000e+03 2.933105999999999994e-03
2.651000000000000000e+03 2.775146999999999944e-03
2.657000000000000000e+03 2.792480999999999870e-03
2.663000000000000000e+03 2.826905000000000216e-03
2.669000000000000000e+03 2.843995000000000203e-03
2.675000000000000000e+03 2.826415999999999998e-03
2.680000000000000000e+03 2.783447999999999999e-03
2.686000000000000000e+03 2.784179999999999815e-03
2.692000000000000000e+03 2.809082000000000072e-03
2.698000000000000000e+03 2.703370000000000078e-03
2.704000000000000000e+03 2.820069000000000135e-03
2.710000000000000000e+03 2.888428000000000176e-03
2.715000000000000000e+03 2.791992000000000085e-03
2.721000000000000000e+03 2.726562999999999990e-03
2.727000000000000000e+03 2.916259999999999946e-03
2.733000000000000000e+03 2.688476999999999881e-03
2.739000000000000000e+03 2.741700000000000127e-03
2.744000000000000000e+03 2.823243000000000020e-03
2.750000000000000000e+03 2.739989999999999874e-03
2.756000000000000000e+03 2.844483000000000081e-03
2.762000000000000000e+03 2.703370000000000078e-03
2.768000000000000000e+03 2.613282000000000192e-03
2.773000000000000000e+03 2.843018000000000108e-03
2.779000000000000000e+03 2.528564999999999979e-03
2.785000000000000000e+03 2.563477000000000203e-03
2.791000000000000000e+03 2.582763999999999980e-03
2.797000000000000000e+03 2.462157999999999881e-03
2.803000000000000000e+03 2.514160000000000093e-03
2.808000000000000000e+03 2.599610000000000028e-03
2.814000000000000000e+03 2.443603999999999828e-03
2.820000000000000000e+03 2.625976999999999825e-03
2.826000000000000000e+03 2.613037999999999819e-03
2.832000000000000000e+03 2.467041000000000112e-03
2.837000000000000000e+03 2.692626999999999955e-03
2.843000000000000000e+03 2.600341999999999845e-03
2.849000000000000000e+03 2.525635000000000033e-03
2.855000000000000000e+03 2.671875000000000205e-03
2.861000000000000000e+03 2.539551000000000135e-03
2.867000000000000000e+03 2.558106000000000095e-03
2.872000000000000000e+03 2.482666000000000126e-03
2.878000000000000000e+03 2.435791000000000085e-03
2.884000000000000000e+03 2.544677999999999871e-03
2.890000000000000000e+03 2.473388999999999883e-03
2.896000000000000000e+03 2.463624000000000196e-03
2.901000000000000000e+03 2.450195999999999971e-03
2.907000000000000000e+03 2.441894999999999916e-03
2.913000000000000000e+03 2.326905000000000206e-03
2.919000000000000000e+03 2.309082000000000062e-03
2.925000000000000000e+03 2.249268000000000014e-03
2.930000000000000000e+03 2.249511999999999953e-03
2.936000000000000000e+03 2.327880999999999961e-03
2.942000000000000000e+03 2.236329000000000008e-03
2.948000000000000000e+03 2.276855999999999845e-03
2.954000000000000000e+03 2.143555000000000113e-03
2.960000000000000000e+03 2.151611999999999796e-03
2.965000000000000000e+03 2.249999999999999830e-03
2.971000000000000000e+03 2.181152999999999911e-03
2.977000000000000000e+03 2.210206000000000150e-03
2.983000000000000000e+03 2.266601999999999940e-03
2.989000000000000000e+03 2.177735000000000087e-03
2.994000000000000000e+03 2.137207999999999816e-03
3.000000000000000000e+03 2.340820999999999874e-03
3.006000000000000000e+03 2.212646999999999878e-03
3.012000000000000000e+03 2.287108999999999843e-03
3.018000000000000000e+03 2.184081999999999951e-03
3.023000000000000000e+03 2.148681999999999849e-03
3.029000000000000000e+03 2.271729000000000109e-03
3.035000000000000000e+03 2.114990000000000186e-03
3.041000000000000000e+03 2.077636999999999800e-03
3.047000000000000000e+03 2.069091999999999806e-03
3.053000000000000000e+03 2.011718999999999920e-03
3.058000000000000000e+03 2.017823000000000186e-03
3.064000000000000000e+03 2.057372999999999928e-03
3.070000000000000000e+03 1.924071999999999978e-03
3.076000000000000000e+03 1.938477000000000082e-03
3.082000000000000000e+03 2.011474999999999982e-03
3.087000000000000000e+03 1.991455000000000048e-03
3.093000000000000000e+03 1.953368999999999939e-03
3.099000000000000000e+03 1.922607999999999913e-03
3.105000000000000000e+03 1.870116999999999917e-03
3.111000000000000000e+03 1.917724999999999898e-03
3.116000000000000000e+03 1.859374999999999917e-03
3.122000000000000000e+03 1.792968999999999943e-03
3.128000000000000000e+03 1.782226999999999943e-03
3.134000000000000000e+03 1.739258000000000037e-03
3.140000000000000000e+03 1.768066999999999903e-03
3.146000000000000000e+03 1.834473000000000093e-03
3.151000000000000000e+03 1.763428000000000044e-03
3.157000000000000000e+03 1.892823000000000075e-03
3.163000000000000000e+03 1.833252000000000059e-03
3.169000000000000000e+03 1.745362000000000085e-03
3.175000000000000000e+03 1.860595999999999951e-03
3.180000000000000000e+03 1.716796999999999941e-03
3.186000000000000000e+03 1.784423999999999949e-03
3.192000000000000000e+03 1.892823000000000075e-03
3.198000000000000000e+03 1.738280999999999941e-03
3.204000000000000000e+03 1.764893000000000017e-03
3.210000000000000000e+03 1.749511999999999942e-03
3.215000000000000000e+03 1.750976999999999915e-03
3.221000000000000000e+03 1.741211000000000104e-03
3.227000000000000000e+03 1.704346000000000029e-03
3.233000000000000000e+03 1.656006000000000014e-03
3.239000000000000000e+03 1.698487000000000044e-03
3.244000000000000000e+03 1.697266000000000009e-03
3.250000000000000000e+03 1.702881000000000056e-03
3.256000000000000000e+03 1.723633000000000023e-03
3.262000000000000000e+03 1.686280000000000071e-03
3.268000000000000000e+03 1.695312999999999942e-03
3.273000000000000000e+03 1.682860999999999906e-03
3.279000000000000000e+03 1.681397000000000056e-03
3.285000000000000000e+03 1.687012000000000103e-03
3.291000000000000000e+03 1.664062999999999914e-03
3.297000000000000000e+03 1.686035000000000008e-03
3.303000000000000000e+03 1.664551000000000008e-03
3.308000000000000000e+03 1.653320999999999914e-03
3.314000000000000000e+03 1.654786000000000104e-03
3.320000000000000000e+03 1.696777999999999915e-03
3.326000000000000000e+03 1.663818999999999975e-03
3.332000000000000000e+03 1.659667999999999994e-03
3.337000000000000000e+03 1.693604000000000030e-03
3.343000000000000000e+03 1.681397000000000056e-03
3.349000000000000000e+03 1.658446999999999959e-03
3.355000000000000000e+03 1.690918000000000022e-03
3.361000000000000000e+03 1.658692000000000022e-03
3.366000000000000000e+03 1.660645000000000090e-03
3.372000000000000000e+03 1.667480999999999955e-03
3.378000000000000000e+03 1.669434000000000022e-03
3.384000000000000000e+03 1.666993000000000077e-03
3.390000000000000000e+03 1.665528000000000104e-03
3.396000000000000000e+03 1.677246000000000075e-03
3.401000000000000000e+03 1.695069000000000003e-03
3.407000000000000000e+03 1.664551000000000008e-03
3.413000000000000000e+03 1.662842000000000096e-03
3.419000000000000000e+03 1.638183999999999994e-03
3.425000000000000000e+03 1.675049000000000069e-03
3.430000000000000000e+03 1.671387000000000090e-03
3.436000000000000000e+03 1.656006000000000014e-03
3.442000000000000000e+03 1.679932000000000083e-03
3.448000000000000000e+03 1.675782000000000009e-03
3.454000000000000000e+03 1.656738999999999955e-03
3.459000000000000000e+03 1.664062999999999914e-03
3.465000000000000000e+03 1.653076999999999975e-03
3.471000000000000000e+03 1.675782000000000009e-03
3.477000000000000000e+03 1.687499999999999981e-03
3.483000000000000000e+03 1.650147000000000029e-03
3.489000000000000000e+03 1.677735000000000077e-03
3.494000000000000000e+03 1.667237000000000016e-03
3.500000000000000000e+03 1.664307000000000069e-03
3.506000000000000000e+03 1.652587999999999974e-03
3.512000000000000000e+03 1.678711000000000049e-03
3.518000000000000000e+03 1.636719000000000021e-03
3.523000000000000000e+03 1.666748000000000014e-03
3.529000000000000000e+03 1.661621000000000061e-03
3.535000000000000000e+03 1.667969000000000049e-03
3.541000000000000000e+03 1.677735000000000077e-03
3.547000000000000000e+03 1.665528000000000104e-03
3.553000000000000000e+03 1.659179999999999900e-03
3.558000000000000000e+03 1.646728999999999988e-03
3.564000000000000000e+03 1.670166000000000055e-03
3.570000000000000000e+03 1.655517999999999920e-03
3.576000000000000000e+03 1.647948999999999898e-03
3.582000000000000000e+03 1.660645000000000090e-03
3.587000000000000000e+03 1.645507999999999953e-03
3.593000000000000000e+03 1.675293000000000008e-03
3.599000000000000000e+03 1.669190000000000083e-03
3.605000000000000000e+03 1.653320999999999914e-03
3.611000000000000000e+03 1.670166000000000055e-03
3.616000000000000000e+03 1.673828000000000035e-03
3.622000000000000000e+03 1.647948999999999898e-03
3.628000000000000000e+03 1.694825000000000064e-03
3.634000000000000000e+03 1.656249999999999953e-03
3.640000000000000000e+03 1.675536999999999947e-03
3.646000000000000000e+03 1.675782000000000009e-03
3.651000000000000000e+03 1.655517999999999920e-03
3.657000000000000000e+03 1.667724999999999893e-03
3.663000000000000000e+03 1.651855999999999941e-03
3.669000000000000000e+03 1.674317000000000036e-03
3.675000000000000000e+03 1.683838000000000001e-03
3.680000000000000000e+03 1.639161000000000090e-03
3.686000000000000000e+03 1.655762000000000076e-03
3.692000000000000000e+03 1.637940000000000056e-03
3.698000000000000000e+03 1.662110000000000063e-03
3.704000000000000000e+03 1.647461000000000021e-03
3.709000000000000000e+03 1.663818999999999975e-03
3.715000000000000000e+03 1.658446999999999959e-03
3.721000000000000000e+03 1.660400999999999934e-03
3.727000000000000000e+03 1.663086000000000035e-03
3.733000000000000000e+03 1.648682000000000055e-03
3.739000000000000000e+03 1.650634999999999906e-03
3.744000000000000000e+03 1.677490999999999921e-03
3.750000000000000000e+03 1.652100000000000096e-03
3.756000000000000000e+03 1.656738999999999955e-03
3.762000000000000000e+03 1.665772000000000043e-03
3.768000000000000000e+03 1.670898999999999995e-03
3.773000000000000000e+03 1.658692000000000022e-03
3.779000000000000000e+03 1.627930000000000089e-03
3.785000000000000000e+03 1.668212999999999988e-03
3.791000000000000000e+03 1.675782000000000009e-03
3.797000000000000000e+03 1.667969000000000049e-03
3.802000000000000000e+03 1.663329999999999973e-03
3.808000000000000000e+03 1.661865000000000000e-03
3.814000000000000000e+03 1.655273999999999981e-03
3.820000000000000000e+03 1.646240999999999894e-03
3.826000000000000000e+03 1.659667999999999994e-03
3.832000000000000000e+03 1.659911999999999933e-03
3.837000000000000000e+03 1.651123000000000000e-03
3.843000000000000000e+03 1.676757999999999981e-03
3.849000000000000000e+03 1.661621000000000061e-03
3.855000000000000000e+03 1.657227000000000049e-03
3.861000000000000000e+03 1.667237000000000016e-03
3.866000000000000000e+03 1.673096000000000002e-03
3.872000000000000000e+03 1.662842000000000096e-03
3.878000000000000000e+03 1.667969000000000049e-03
3.884000000000000000e+03 1.666993000000000077e-03
3.890000000000000000e+03 1.616454999999999932e-03
3.896000000000000000e+03 1.657959000000000082e-03
3.901000000000000000e+03 1.647461000000000021e-03
3.907000000000000000e+03 1.651855999999999941e-03
3.913000000000000000e+03 1.661132999999999967e-03
3.919000000000000000e+03 1.655273999999999981e-03
3.925000000000000000e+03 1.673339999999999940e-03
3.930000000000000000e+03 1.649658999999999934e-03
3.936000000000000000e+03 1.675782000000000009e-03
3.942000000000000000e+03 1.682129000000000089e-03
3.948000000000000000e+03 1.655273999999999981e-03
3.954000000000000000e+03 1.652344000000000035e-03
3.959000000000000000e+03 1.651855999999999941e-03
3.965000000000000000e+03 1.668212999999999988e-03
3.971000000000000000e+03 1.654052999999999947e-03
3.977000000000000000e+03 1.619385000000000095e-03
3.983000000000000000e+03 1.663575000000000036e-03
3.989000000000000000e+03 1.639648999999999968e-03
3.994000000000000000e+03 1.649658999999999934e-03
4.000000000000000000e+03 1.649658999999999934e-03
4.006000000000000000e+03 1.660889000000000029e-03
4.012000000000000000e+03 1.674804999999999914e-03
4.018000000000000000e+03 1.652344000000000035e-03
4.023000000000000000e+03 1.635741999999999925e-03
4.029000000000000000e+03 1.660889000000000029e-03
4.035000000000000000e+03 1.638183999999999994e-03
4.041000000000000000e+03 1.681152999999999901e-03
4.047000000000000000e+03 1.632079999999999946e-03
4.052000000000000000e+03 1.666993000000000077e-03
4.058000000000000000e+03 1.666259999999999920e-03
4.064000000000000000e+03 1.643555000000000103e-03
4.070000000000000000e+03 1.637695999999999900e-03
4.076000000000000000e+03 1.650879000000000062e-03
4.082000000000000000e+03 1.655273999999999981e-03
4.087000000000000000e+03 1.676270000000000104e-03
4.093000000000000000e+03 1.660645000000000090e-03
4.099000000000000000e+03 1.644286999999999919e-03
4.105000000000000000e+03 1.673828000000000035e-03
4.111000000000000000e+03 1.646485000000000049e-03
4.116000000000000000e+03 1.640137000000000062e-03
4.122000000000000000e+03 1.659911999999999933e-03
4.128000000000000000e+03 1.665528000000000104e-03
4.134000000000000000e+03 1.648437999999999900e-03
4.140000000000000000e+03 1.669190000000000083e-03
4.145000000000000000e+03 1.642334000000000068e-03
4.151000000000000000e+03 1.630371999999999941e-03
4.157000000000000000e+03 1.661865000000000000e-03
4.163000000000000000e+03 1.651368000000000063e-03
4.169000000000000000e+03 1.672852000000000063e-03
4.175000000000000000e+03 1.642578999999999914e-03
4.180000000000000000e+03 1.666504000000000076e-03
4.186000000000000000e+03 1.643799000000000041e-03
4.192000000000000000e+03 1.641845999999999974e-03
4.198000000000000000e+03 1.659667999999999994e-03
4.204000000000000000e+03 1.641602000000000035e-03
4.209000000000000000e+03 1.650147000000000029e-03
4.215000000000000000e+03 1.654052999999999947e-03
4.221000000000000000e+03 1.654297000000000102e-03
4.227000000000000000e+03 1.660156000000000088e-03
4.233000000000000000e+03 1.659911999999999933e-03
4.238000000000000000e+03 1.645264000000000015e-03
4.244000000000000000e+03 1.678222999999999954e-03
4.250000000000000000e+03 1.666015999999999981e-03
4.256000000000000000e+03 1.689697999999999894e-03
4.262000000000000000e+03 1.656493999999999892e-03
4.268000000000000000e+03 1.643555000000000103e-03
4.273000000000000000e+03 1.643799000000000041e-03
4.279000000000000000e+03 1.637206999999999898e-03
4.285000000000000000e+03 1.619872999999999973e-03
4.291000000000000000e+03 1.649169999999999933e-03
4.297000000000000000e+03 1.658203999999999928e-03
4.302000000000000000e+03 1.655762000000000076e-03
4.308000000000000000e+03 1.657714999999999926e-03
4.314000000000000000e+03 1.639405000000000029e-03
4.320000000000000000e+03 1.632813000000000103e-03
4.326000000000000000e+03 1.651368000000000063e-03
4.332000000000000000e+03 1.631592000000000068e-03
4.337000000000000000e+03 1.635009999999999892e-03
4.343000000000000000e+03 1.668701000000000082e-03
4.349000000000000000e+03 1.642578999999999914e-03
4.355000000000000000e+03 1.642823000000000070e-03
4.361000000000000000e+03 1.646485000000000049e-03
4.366000000000000000e+03 1.673096000000000002e-03
4.372000000000000000e+03 1.663575000000000036e-03
4.378000000000000000e+03 1.614013999999999987e-03
4.384000000000000000e+03 1.639161000000000090e-03
4.390000000000000000e+03 1.666993000000000077e-03
4.395000000000000000e+03 1.654052999999999947e-03
4.401000000000000000e+03 1.641845999999999974e-03
4.407000000000000000e+03 1.657470999999999988e-03
4.413000000000000000e+03 1.651368000000000063e-03
4.419000000000000000e+03 1.648925999999999994e-03
4.425000000000000000e+03 1.656738999999999955e-03
4.430000000000000000e+03 1.657470999999999988e-03
4.436000000000000000e+03 1.649414000000000088e-03
4.442000000000000000e+03 1.662842000000000096e-03
4.448000000000000000e+03 1.649169999999999933e-03
4.454000000000000000e+03 1.641358000000000096e-03
4.459000000000000000e+03 1.654786000000000104e-03
4.465000000000000000e+03 1.643310999999999947e-03
4.471000000000000000e+03 1.643067000000000008e-03
4.477000000000000000e+03 1.655030000000000043e-03
4.483000000000000000e+03 1.652344000000000035e-03
4.488000000000000000e+03 1.646240999999999894e-03
4.494000000000000000e+03 1.668456999999999926e-03
4.500000000000000000e+03 1.639405000000000029e-03
4.506000000000000000e+03 1.646485000000000049e-03
4.512000000000000000e+03 1.639161000000000090e-03
4.518000000000000000e+03 1.628661999999999905e-03
4.523000000000000000e+03 1.652587999999999974e-03
4.529000000000000000e+03 1.663818999999999975e-03
4.535000000000000000e+03 1.640870000000000002e-03
4.541000000000000000e+03 1.632568999999999947e-03
4.547000000000000000e+03 1.628174000000000027e-03
4.552000000000000000e+03 1.651855999999999941e-03
4.558000000000000000e+03 1.663818999999999975e-03
4.564000000000000000e+03 1.646728999999999988e-03
4.570000000000000000e+03 1.630616000000000097e-03
4.576000000000000000e+03 1.630860000000000035e-03
4.581000000000000000e+03 1.644042999999999980e-03
4.587000000000000000e+03 1.652587999999999974e-03
4.593000000000000000e+03 1.676514000000000042e-03
4.599000000000000000e+03 1.655517999999999920e-03
4.605000000000000000e+03 1.637206999999999898e-03
4.611000000000000000e+03 1.647948999999999898e-03
4.616000000000000000e+03 1.649903000000000090e-03
4.622000000000000000e+03 1.639892999999999906e-03
4.628000000000000000e+03 1.636962999999999960e-03
4.634000000000000000e+03 1.633789000000000075e-03
4.640000000000000000e+03 1.631836000000000007e-03
4.645000000000000000e+03 1.625977000000000021e-03
4.651000000000000000e+03 1.647461000000000021e-03
4.657000000000000000e+03 1.656493999999999892e-03
4.663000000000000000e+03 1.639161000000000090e-03
4.669000000000000000e+03 1.632568999999999947e-03
4.675000000000000000e+03 1.634278000000000076e-03
4.680000000000000000e+03 1.660645000000000090e-03
4.686000000000000000e+03 1.659667999999999994e-03
4.692000000000000000e+03 1.663818999999999975e-03
4.698000000000000000e+03 1.665039000000000102e-03
4.704000000000000000e+03 1.667969000000000049e-03
4.709000000000000000e+03 1.619872999999999973e-03
4.715000000000000000e+03 1.637695999999999900e-03
4.721000000000000000e+03 1.656738999999999955e-03
4.727000000000000000e+03 1.642334000000000068e-03
4.733000000000000000e+03 1.664307000000000069e-03
4.738000000000000000e+03 1.662110000000000063e-03
4.744000000000000000e+03 1.659667999999999994e-03
4.750000000000000000e+03 1.652100000000000096e-03
4.756000000000000000e+03 1.620605999999999913e-03
4.762000000000000000e+03 1.656249999999999953e-03
4.768000000000000000e+03 1.638427999999999933e-03
4.773000000000000000e+03 1.648193999999999961e-03
4.779000000000000000e+03 1.650634999999999906e-03
4.785000000000000000e+03 1.629882999999999939e-03
4.791000000000000000e+03 1.638183999999999994e-03
4.797000000000000000e+03 1.644531999999999982e-03
4.802000000000000000e+03 1.664551000000000008e-03
4.808000000000000000e+03 1.638916000000000027e-03
4.814000000000000000e+03 1.661376999999999906e-03
4.820000000000000000e+03 1.651612000000000002e-03
4.826000000000000000e+03 1.645264000000000015e-03
4.831000000000000000e+03 1.616943999999999933e-03
4.837000000000000000e+03 1.645507999999999953e-03
4.843000000000000000e+03 1.618897000000000001e-03
4.849000000000000000e+03 1.646485000000000049e-03
4.855000000000000000e+03 1.662842000000000096e-03
4.861000000000000000e+03 1.627685999999999933e-03
4.866000000000000000e+03 1.653565000000000070e-03
4.872000000000000000e+03 1.663818999999999975e-03
4.878000000000000000e+03 1.645507999999999953e-03
4.884000000000000000e+03 1.665283000000000041e-03
4.890000000000000000e+03 1.666993000000000077e-03
4.895000000000000000e+03 1.670410999999999901e-03
4.901000000000000000e+03 1.663329999999999973e-03
4.907000000000000000e+03 1.635009999999999892e-03
4.913000000000000000e+03 1.651123000000000000e-03
4.919000000000000000e+03 1.645996000000000048e-03
4.924000000000000000e+03 1.636962999999999960e-03
4.930000000000000000e+03 1.664551000000000008e-03
4.936000000000000000e+03 1.656493999999999892e-03
4.942000000000000000e+03 1.632813000000000103e-03
4.948000000000000000e+03 1.643555000000000103e-03
4.954000000000000000e+03 1.639161000000000090e-03
4.959000000000000000e+03 1.638183999999999994e-03
4.965000000000000000e+03 1.646485000000000049e-03
4.971000000000000000e+03 1.652587999999999974e-03
4.977000000000000000e+03 1.653076999999999975e-03
4.983000000000000000e+03 1.649903000000000090e-03
4.988000000000000000e+03 1.639892999999999906e-03
4.994000000000000000e+03 1.634765999999999954e-03
5.000000000000000000e+03 1.647461000000000021e-03
5.006000000000000000e+03 1.657714999999999926e-03
5.012000000000000000e+03 1.654786000000000104e-03
5.018000000000000000e+03 1.647948999999999898e-03
5.023000000000000000e+03 1.659424000000000055e-03
5.029000000000000000e+03 1.651855999999999941e-03
5.035000000000000000e+03 1.647704999999999960e-03
5.041000000000000000e+03 1.647948999999999898e-03
5.047000000000000000e+03 1.623047000000000075e-03
5.052000000000000000e+03 1.656493999999999892e-03
5.058000000000000000e+03 1.658692000000000022e-03
5.064000000000000000e+03 1.624999999999999925e-03
5.070000000000000000e+03 1.642578999999999914e-03
5.076000000000000000e+03 1.664062999999999914e-03
5.081000000000000000e+03 1.667480999999999955e-03
5.087000000000000000e+03 1.644286999999999919e-03
5.093000000000000000e+03 1.658446999999999959e-03
5.099000000000000000e+03 1.666504000000000076e-03
5.105000000000000000e+03 1.634033999999999921e-03
5.111000000000000000e+03 1.686767999999999948e-03
5.116000000000000000e+03 1.639648999999999968e-03
5.122000000000000000e+03 1.647948999999999898e-03
5.128000000000000000e+03 1.682129000000000089e-03
5.134000000000000000e+03 1.649903000000000090e-03
5.140000000000000000e+03 1.677246000000000075e-03
5.145000000000000000e+03 1.670655000000000057e-03
5.151000000000000000e+03 1.669190000000000083e-03
5.157000000000000000e+03 1.646485000000000049e-03
5.163000000000000000e+03 1.656738999999999955e-03
5.169000000000000000e+03 1.656249999999999953e-03
5.174000000000000000e+03 1.637695999999999900e-03
5.180000000000000000e+03 1.631836000000000007e-03
5.186000000000000000e+03 1.634033999999999921e-03
5.192000000000000000e+03 1.648193999999999961e-03
5.198000000000000000e+03 1.661621000000000061e-03
5.204000000000000000e+03 1.625488999999999927e-03
5.209000000000000000e+03 1.655762000000000076e-03
5.215000000000000000e+03 1.632568999999999947e-03
5.221000000000000000e+03 1.650879000000000062e-03
5.227000000000000000e+03 1.643799000000000041e-03
5.233000000000000000e+03 1.629395000000000062e-03
5.238000000000000000e+03 1.668212999999999988e-03
5.244000000000000000e+03 1.632568999999999947e-03
5.250000000000000000e+03 1.640381000000000001e-03
5.256000000000000000e+03 1.632813000000000103e-03
5.262000000000000000e+03 1.649169999999999933e-03
5.267000000000000000e+03 1.628417999999999966e-03
5.273000000000000000e+03 1.664307000000000069e-03
5.279000000000000000e+03 1.623047000000000075e-03
5.285000000000000000e+03 1.665772000000000043e-03
5.291000000000000000e+03 1.652100000000000096e-03
5.297000000000000000e+03 1.639648999999999968e-03
5.302000000000000000e+03 1.633789000000000075e-03
5.308000000000000000e+03 1.640624999999999939e-03
5.314000000000000000e+03 1.624755999999999987e-03
5.320000000000000000e+03 1.630127000000000095e-03
5.326000000000000000e+03 1.672363999999999969e-03
5.331000000000000000e+03 1.650634999999999906e-03
5.337000000000000000e+03 1.665772000000000043e-03
5.343000000000000000e+03 1.640137000000000062e-03
5.349000000000000000e+03 1.654541000000000041e-03
5.355000000000000000e+03 1.633300999999999980e-03
5.361000000000000000e+03 1.642578999999999914e-03
5.366000000000000000e+03 1.630860000000000035e-03
5.372000000000000000e+03 1.624023999999999954e-03
5.378000000000000000e+03 1.660156000000000088e-03
5.384000000000000000e+03 1.636719000000000021e-03
5.390000000000000000e+03 1.646485000000000049e-03
5.395000000000000000e+03 1.640381000000000001e-03
5.401000000000000000e+03 1.650634999999999906e-03
5.407000000000000000e+03 1.673584000000000096e-03
5.413000000000000000e+03 1.654541000000000041e-03
5.419000000000000000e+03 1.653809000000000008e-03
5.424000000000000000e+03 1.651123000000000000e-03
5.430000000000000000e+03 1.658692000000000022e-03
5.436000000000000000e+03 1.632079999999999946e-03
5.442000000000000000e+03 1.619140999999999940e-03
5.448000000000000000e+03 1.658935999999999961e-03
5.454000000000000000e+03 1.623291000000000013e-03
5.459000000000000000e+03 1.642334000000000068e-03
5.465000000000000000e+03 1.649903000000000090e-03
5.471000000000000000e+03 1.635986999999999988e-03
5.477000000000000000e+03 1.660889000000000029e-03
5.483000000000000000e+03 1.647217000000000082e-03
5.488000000000000000e+03 1.627198000000000056e-03
5.494000000000000000e+03 1.652831999999999912e-03
5.500000000000000000e+03 1.635741999999999925e-03
5.506000000000000000e+03 1.637695999999999900e-03
5.512000000000000000e+03 1.632325000000000009e-03
5.517000000000000000e+03 1.644531999999999982e-03
5.523000000000000000e+03 1.640870000000000002e-03
5.529000000000000000e+03 1.658203999999999928e-03
5.535000000000000000e+03 1.657714999999999926e-03
5.541000000000000000e+03 1.648193999999999961e-03
5.547000000000000000e+03 1.645264000000000015e-03
5.552000000000000000e+03 1.653809000000000008e-03
5.558000000000000000e+03 1.634278000000000076e-03
5.564000000000000000e+03 1.639892999999999906e-03
5.570000000000000000e+03 1.644775999999999920e-03
5.576000000000000000e+03 1.641113999999999941e-03
5.581000000000000000e+03 1.621826000000000040e-03
5.587000000000000000e+03 1.616210999999999993e-03
5.593000000000000000e+03 1.656006000000000014e-03
5.599000000000000000e+03 1.658446999999999959e-03
5.605000000000000000e+03 1.643799000000000041e-03
5.610000000000000000e+03 1.648193999999999961e-03
5.616000000000000000e+03 1.624512000000000048e-03
5.622000000000000000e+03 1.646728999999999988e-03
5.628000000000000000e+03 1.640624999999999939e-03
5.634000000000000000e+03 1.643310999999999947e-03
5.640000000000000000e+03 1.663329999999999973e-03
5.645000000000000000e+03 1.636962999999999960e-03
5.651000000000000000e+03 1.641602000000000035e-03
5.657000000000000000e+03 1.666993000000000077e-03
5.663000000000000000e+03 1.630616000000000097e-03
5.669000000000000000e+03 1.681152999999999901e-03
5.674000000000000000e+03 1.646240999999999894e-03
5.680000000000000000e+03 1.631592000000000068e-03
5.686000000000000000e+03 1.673584000000000096e-03
5.692000000000000000e+03 1.651123000000000000e-03
5.698000000000000000e+03 1.655030000000000043e-03
5.703000000000000000e+03 1.645507999999999953e-03
5.709000000000000000e+03 1.649169999999999933e-03
5.715000000000000000e+03 1.624999999999999925e-03
5.721000000000000000e+03 1.657959000000000082e-03
5.727000000000000000e+03 1.646728999999999988e-03
5.733000000000000000e+03 1.658692000000000022e-03
5.738000000000000000e+03 1.634765999999999954e-03
5.744000000000000000e+03 1.657959000000000082e-03
5.750000000000000000e+03 1.644042999999999980e-03
5.756000000000000000e+03 1.633300999999999980e-03
5.762000000000000000e+03 1.656738999999999955e-03
5.767000000000000000e+03 1.627930000000000089e-03
5.773000000000000000e+03 1.666748000000000014e-03
5.779000000000000000e+03 1.646972999999999927e-03
5.785000000000000000e+03 1.666993000000000077e-03
5.791000000000000000e+03 1.664551000000000008e-03
5.797000000000000000e+03 1.650147000000000029e-03
5.802000000000000000e+03 1.633544999999999919e-03
5.808000000000000000e+03 1.644531999999999982e-03
5.814000000000000000e+03 1.665528000000000104e-03
5.820000000000000000e+03 1.647461000000000021e-03
5.826000000000000000e+03 1.670166000000000055e-03
5.831000000000000000e+03 1.646728999999999988e-03
5.837000000000000000e+03 1.655517999999999920e-03
5.843000000000000000e+03 1.645507999999999953e-03
5.849000000000000000e+03 1.644286999999999919e-03
5.855000000000000000e+03 1.650634999999999906e-03
5.860000000000000000e+03 1.655517999999999920e-03
5.866000000000000000e+03 1.645264000000000015e-03
5.872000000000000000e+03 1.623291000000000013e-03
5.878000000000000000e+03 1.651855999999999941e-03
5.884000000000000000e+03 1.629882999999999939e-03
5.890000000000000000e+03 1.635497999999999987e-03
5.895000000000000000e+03 1.638183999999999994e-03
5.901000000000000000e+03 1.651123000000000000e-03
5.907000000000000000e+03 1.617188000000000089e-03
5.913000000000000000e+03 1.664551000000000008e-03
5.919000000000000000e+03 1.666015999999999981e-03
5.924000000000000000e+03 1.632568999999999947e-03
5.930000000000000000e+03 1.618164999999999968e-03
5.936000000000000000e+03 1.658203999999999928e-03
5.942000000000000000e+03 1.651612000000000002e-03
5.948000000000000000e+03 1.651612000000000002e-03
5.953000000000000000e+03 1.649658999999999934e-03
5.959000000000000000e+03 1.646972999999999927e-03
5.965000000000000000e+03 1.631592000000000068e-03
5.971000000000000000e+03 1.618407999999999999e-03
5.977000000000000000e+03 1.648437999999999900e-03
5.983000000000000000e+03 1.662354000000000002e-03
5.988000000000000000e+03 1.649658999999999934e-03
5.994000000000000000e+03 1.644042999999999980e-03
6.000000000000000000e+03 1.669190000000000083e-03
