Epsilon=1, Sigma=1, Cutoff=3, Particles=1000, pressure=0.1
warm_cycles=50, warm_steps=100, cool_cycles=50, cool_steps=100, n_cycles=10, n_steps=100,  gamma_v=0.0
Kommentar:   

temp 	  vol 	 pressure 	 time 
0.2	983.5245	0.0624	5.5
0.21	990.2734	-0.2607	10.9
0.22	994.3333	-0.2129	16.2
0.23	991.3548	-0.1122	21.0
0.24	990.8519	0.0008	25.8
0.25	990.0729	0.12	30.4
0.26	989.4245	0.251	35.1
0.27	993.8284	0.2432	39.9
0.28	1001.3142	-0.1753	44.6
0.29	1002.9409	-0.2162	49.2
0.3	1000.9017	0.0247	53.8
0.31	999.3245	0.094	58.5
0.321	1001.7245	0.2283	63.1
0.331	1005.9368	-0.0769	67.8
0.341	1008.4665	0.0047	72.4
0.351	1009.5024	0.0409	77.0
0.361	1011.7016	0.0763	81.7
0.371	1011.5052	0.0614	86.1
0.381	1007.1443	0.3466	90.7
0.391	1012.9815	0.1475	95.3
0.401	1014.4712	0.2033	100.1
0.411	1019.9473	0.0209	105.2
0.421	1022.2139	0.2237	110.3
0.431	1015.8238	0.573	115.5
0.441	1027.0148	0.0959	120.5
0.451	1029.0592	-0.0974	125.6
0.461	1027.7804	0.1181	130.5
0.471	1031.1289	0.0753	135.7
0.481	1033.4989	0.0335	140.6
0.491	1037.0372	0.0808	145.7
0.501	1036.4007	0.1771	150.3
0.511	1045.6716	0.0307	154.7
0.521	1046.1046	0.1115	159.1
0.531	1052.4384	0.0442	163.6
0.541	1050.2497	0.2642	168.0
0.552	1059.5069	-0.0031	172.5
0.562	1052.675	0.2009	176.8
0.572	1067.4201	-0.1756	181.2
0.582	1066.0458	-0.0815	185.5
0.592	1064.7632	0.3534	189.7
0.602	1073.1086	0.1116	193.8
0.612	1072.3531	0.2397	198.0
0.622	1085.5883	0.1567	202.2
0.632	1096.8245	0.0818	206.4
0.642	1092.4473	0.2087	210.7
0.652	1101.6923	0.1184	215.3
0.662	1103.2086	0.0196	219.9
0.672	1132.9255	-0.1425	224.5
0.682	1143.8465	0.2412	229.0
0.692	1188.9964	0.1452	233.4
0.702	1226.8161	0.0554	237.8
0.712	1226.9484	0.1744	242.2
0.722	1246.0838	0.1784	246.6
0.732	1249.6323	-0.1275	251.0
0.742	1265.7742	-0.1348	255.4
0.752	1253.6157	-0.0268	259.8
0.762	1249.3606	0.3513	264.2
0.772	1272.6743	-0.0856	268.6
0.783	1293.0856	0.066	273.0
0.793	1282.7188	0.3123	277.4
0.803	1279.9055	0.1818	281.8
0.813	1303.1477	0.1723	286.1
0.823	1307.0269	0.0046	290.4
0.833	1342.9881	0.1184	294.7
0.843	1304.3326	0.3014	299.0
0.853	1325.563	0.2372	303.3
0.863	1353.3841	0.4394	307.7
0.873	1360.6256	0.074	312.2
0.883	1358.7521	0.053	316.5
0.893	1354.3234	0.0609	320.8
0.903	1419.7573	0.2267	325.1
0.913	1403.4091	0.1973	329.5
0.923	1438.5786	0.0542	333.7
0.933	1412.3534	0.1071	338.0
0.943	1471.9894	-0.0956	342.1
0.953	1457.5411	0.0391	346.2
0.963	1479.4694	0.0452	350.4
0.973	1466.4401	0.2952	354.6
0.983	1476.4666	0.1881	358.8
0.993	1547.9601	0.0418	363.0
1.003	1510.9016	0.1853	367.1
1.014	1521.7809	0.155	371.3
1.024	1587.0146	0.0765	375.4
1.034	1600.6415	-0.0006	379.5
1.044	1562.4638	0.2288	383.8
1.054	1577.9609	0.1174	388.0
1.064	1599.7082	0.2744	392.1
1.074	1698.4841	0.0774	396.0
1.084	1693.1638	0.1326	400.0
1.094	1712.6068	0.1664	404.0
1.104	1775.6663	0.0238	407.9
1.114	1793.8338	0.0464	411.7
1.124	1786.1298	0.0162	415.6
1.134	1827.1506	0.2032	419.3
1.144	1913.8303	0.0554	423.2
1.154	2008.1374	0.2841	435.9
1.164	2139.5693	0.0097	452.7
1.174	2226.7744	0.0612	466.7
1.184	2318.0814	0.0571	480.3
1.194	2440.4918	0.1054	497.6
1.204	2586.2368	0.1951	509.9
1.214	2754.5246	0.1798	521.9
1.224	2997.6391	0.1773	533.2
1.234	3303.5572	0.0521	545.5
1.245	3690.9217	0.1271	553.1
1.255	4161.6502	0.1669	558.8
1.265	4721.4061	0.1284	565.6
1.275	5364.8063	0.1204	572.1
1.285	6075.6092	0.1265	575.7
1.295	6859.6839	0.1329	580.1
1.305	7692.5897	0.1323	584.1
1.315	8560.5178	0.1069	588.3
1.325	9446.4814	0.1009	591.9
1.335	10336.1454	0.109	595.7
1.345	11223.5872	0.1003	599.7
1.355	12094.4442	0.0846	605.3
1.365	12939.5276	0.0907	608.1
1.375	13748.3766	0.0627	612.8
1.385	14507.789	0.0874	617.7
1.395	15219.2769	0.0786	621.0
1.405	15876.8511	0.0828	623.0
1.415	16475.1262	0.0797	626.5
1.425	17007.2287	0.0746	629.9
1.435	17469.5256	0.0729	632.8
1.445	17863.0493	0.0647	635.0
1.455	18180.8361	0.068	637.4
1.466	18424.2147	0.0691	640.0
1.476	18592.161	0.0683	643.0
1.486	18687.3738	0.0727	646.6
1.496	18713.0251	0.0666	651.5
1.506	18667.2104	0.0713	655.7
1.516	18554.6731	0.0689	657.9
1.526	18377.9366	0.0748	660.5
1.536	18141.9901	0.0788	664.1
1.546	17850.5609	0.0815	667.1
1.556	17506.5454	0.0792	669.7
1.566	17114.767	0.0823	673.5
1.576	16679.342	0.0843	677.3
1.586	16210.5008	0.0908	680.5
1.596	15716.5665	0.0936	685.4
1.606	15205.4814	0.1092	690.3
1.616	14686.0654	0.1054	695.1
1.626	14170.808	0.1014	699.4
1.636	13663.0418	0.1033	702.4
1.646	13176.684	0.1031	705.2
1.656	12719.4657	0.1163	708.3
1.666	12295.5986	0.1202	711.8
1.676	11917.3753	0.1084	718.7
1.686	11592.1253	0.1244	722.5
1.697	11337.5142	0.1461	726.5
1.707	11165.8381	0.1417	730.3
1.717	11079.3756	0.1418	734.0
1.727	11092.9594	0.1382	739.2
1.737	11204.5899	0.1211	742.5
1.747	11409.514	0.1552	745.8
1.757	11706.4734	0.1311	749.8
1.767	12089.2811	0.1409	754.6
1.777	12548.2708	0.1216	759.1
1.787	13078.5601	0.1184	761.9
1.797	13667.7999	0.1155	765.5
1.807	14301.9914	0.1223	768.4
1.817	14975.0101	0.1136	771.6
1.827	15669.9893	0.1086	774.8
1.837	16380.9435	0.1039	778.2
1.847	17100.9259	0.0911	785.4
1.857	17820.8237	0.1049	793.6
1.867	18541.6872	0.0877	807.6
1.877	19251.7402	0.0894	820.7
1.887	19939.4834	0.0869	831.5
1.897	20596.8867	0.0843	842.3
1.907	21219.1499	0.0866	853.6
1.917	21802.7661	0.0886	863.3
1.928	22342.1666	0.0716	871.0
1.938	22829.5268	0.0767	877.5
1.948	23270.5584	0.0749	896.7
1.958	23661.4047	0.076	929.4
1.968	24001.6094	0.0774	942.0
1.978	24290.567	0.0833	951.8
1.988	24525.9552	0.0708	961.0
1.998	24709.1675	0.077	969.8
2.008	24839.3559	0.0749	978.1
2.018	24913.271	0.0749	987.2
2.028	24929.9942	0.0789	1002.8
2.038	24894.2998	0.0782	1028.2
2.048	24805.0475	0.077	1046.8
2.058	24667.7755	0.0826	1072.9
2.068	24483.6231	0.0787	1097.3
2.078	24253.623	0.08	1121.4
2.088	23981.4818	0.0905	1136.1
2.098	23674.4965	0.0795	1148.2
2.108	23332.4416	0.0834	1159.7
2.118	22959.1811	0.0859	1172.5
2.128	22556.7303	0.0898	1181.2
2.138	22131.0739	0.0955	1192.7
2.148	21691.1741	0.0999	1202.0
2.159	21246.7672	0.1017	1212.7
2.169	20798.3855	0.0948	1225.5
2.179	20346.452	0.1076	1235.4
2.189	19903.4079	0.1102	1246.4
2.199	19478.9096	0.1174	1255.1
2.209	19075.4166	0.1195	1264.8
2.219	18703.0138	0.1197	1273.7
2.229	18373.8292	0.1261	1282.8
2.239	18092.4731	0.1235	1290.9
2.249	17859.3788	0.1183	1302.2
2.259	17675.3909	0.1175	1313.4
2.269	17553.6293	0.1207	1324.9
2.279	17497.3266	0.1294	1334.0
2.289	17502.9639	0.1415	1344.3
2.299	17576.384	0.1227	1354.2
2.309	17719.957	0.1332	1364.1
2.319	17930.9774	0.1245	1374.7
2.329	18208.2866	0.123	1385.7
2.339	18545.8602	0.1186	1395.7
2.349	18936.8161	0.1143	1407.7
2.359	19378.4082	0.1178	1435.9
2.369	19870.6304	0.1145	1458.4
2.379	20401.7716	0.1114	1481.7
2.39	20969.3266	0.1059	1505.4
2.4	21565.7984	0.1051	1529.9
2.41	22183.0378	0.1002	1556.4
2.42	22815.6892	0.1087	1582.5
2.43	23459.6222	0.1031	1608.0
2.44	24109.4263	0.0992	1632.7
2.45	24756.381	0.0936	1656.1
2.46	25394.6716	0.0954	1681.8
2.47	26020.6047	0.0934	1709.3
2.48	26626.5651	0.0907	1732.1
2.49	27208.9037	0.0918	1751.9
2.5	27770.3944	0.084	1770.0
