Epsilon=1, Sigma=1, Cutoff=3, Particles=1000, pressure=0.1
warm_cycles=50, warm_steps=100, cool_cycles=100, cool_steps=1000, n_cycles=100, n_steps=1000,  gamma_v=0.0
Kommentar:   

temp 	  vol 	 pressure 	 time 
0.2	979.8249	-0.0391	4477.7
0.21	978.9128	0.047	5074.8
0.22	978.3186	0.2844	5567.8
0.23	982.3085	0.1031	6058.4
0.24	984.1956	0.1089	6554.3
0.25	983.6392	0.2101	7024.8
0.26	989.1782	0.1226	7515.9
0.27	986.9581	0.2245	8006.8
0.28	992.3006	-0.0409	8487.1
0.29	992.992	-0.0173	8961.3
0.3	993.2098	0.0941	9422.1
0.31	996.6967	0.0398	9791.5
0.321	997.3755	0.0703	10162.5
0.331	999.5122	0.0616	10533.0
0.341	999.7525	0.1408	10902.9
0.351	1003.7013	0.0152	11272.8
0.361	1008.4065	-0.0809	11643.2
0.371	1003.157	0.1791	12014.1
0.381	1008.1467	0.1217	12377.7
0.391	1006.3808	0.2326	12744.1
0.401	1008.2567	0.2774	13109.3
0.411	1012.3054	0.3092	13478.1
0.421	1017.9375	0.0574	13849.4
0.431	1019.4145	0.0223	14214.9
0.441	1016.937	0.3569	14583.2
0.451	1019.8	0.1645	14950.0
0.461	1023.6765	0.1117	15313.7
0.471	1023.4488	0.2404	15676.1
0.481	1022.1473	0.3798	16037.4
0.491	1031.324	0.2858	16399.6
0.501	1031.4468	0.2702	16758.4
0.511	1032.9253	0.2597	17117.8
0.521	1032.4294	0.3957	17479.5
0.531	1043.0282	-0.0558	17840.1
0.541	1049.571	0.2193	18201.3
0.552	1057.5162	-0.2344	18565.2
0.562	1053.834	0.2957	18927.9
0.572	1058.3104	0.0842	19283.5
0.582	1071.3781	0.0594	19637.1
0.592	1073.9296	0.1398	19986.4
0.602	1088.526	-0.0832	20338.7
0.612	1078.9086	0.3222	20667.2
0.622	1098.992	0.0909	20978.3
0.632	1100.0103	0.0464	21292.9
0.642	1104.2223	0.2452	21604.5
0.652	1172.9527	0.0554	21915.4
0.662	1184.1013	0.2831	22218.7
0.672	1198.4976	0.118	22521.6
0.682	1222.9404	-0.0771	22823.9
0.692	1214.475	0.086	23125.5
0.702	1237.2546	0.0636	23426.8
0.712	1222.8296	-0.1287	23726.9
0.722	1226.9777	0.1825	24027.4
0.732	1244.1306	0.1118	24327.4
0.742	1260.7595	-0.0144	24625.6
0.752	1265.7002	-0.1485	24923.1
0.762	1275.8847	0.0563	25220.0
0.772	1290.1615	0.1275	25516.1
0.783	1303.4481	-0.0068	25812.2
0.793	1299.824	-0.0686	26108.8
0.803	1315.1914	-0.1099	26403.8
0.813	1317.8521	0.2781	26698.0
0.823	1291.5549	0.2089	26992.0
0.833	1315.7675	0.099	27284.9
0.843	1314.7175	0.2916	27577.0
0.853	1356.7416	0.0752	27869.1
0.863	1360.0054	-0.0848	28160.6
0.873	1353.7719	-0.041	28450.5
0.883	1391.1116	-0.039	28739.7
0.893	1373.3132	0.1225	29028.5
0.903	1399.3254	-0.07	29316.5
0.913	1396.8109	0.12	29603.9
0.923	1414.2209	0.0977	29891.1
0.933	1418.8853	0.2713	30177.4
0.943	1431.1462	0.2972	30462.5
0.953	1458.0472	0.1703	30745.4
0.963	1489.9032	-0.0426	31027.9
0.973	1474.0389	0.1038	31310.1
0.983	1483.1164	0.0283	31591.1
0.993	1489.8835	0.1347	31870.2
1.003	1536.908	0.0025	32149.1
1.014	1574.5553	-0.0088	32427.6
1.024	1633.3881	0.0843	32705.2
1.034	1541.7499	0.1805	32983.0
1.044	1638.3436	0.1782	33256.5
1.054	1654.5526	-0.0283	33528.5
1.064	1710.4507	0.1923	33802.0
1.074	1661.5032	0.1297	34072.2
1.084	1649.6644	0.2428	34342.9
1.094	1749.1532	0.0069	34611.9
1.104	1791.2061	0.0291	34878.2
1.114	1847.8103	0.1361	35141.7
1.124	1916.8359	0.1544	35406.1
1.134	1995.0605	0.149	35665.6
1.144	2048.0784	-0.0789	35920.8
1.154	1946.69	0.144	36170.6
1.164	6763.4163	0.0824	36270.1
1.174	6267.5802	0.1166	36360.1
1.184	6345.1498	0.1177	36447.1
1.194	6156.4782	0.1062	36533.7
1.204	6817.1134	0.1146	36621.5
1.214	6825.2024	0.0935	36700.6
1.224	7360.6309	0.119	36776.4
1.234	7862.2049	0.0989	36850.4
1.245	8216.9382	0.11	36924.7
1.255	8953.502	0.0975	36995.0
1.265	8873.6577	0.1192	37056.9
1.275	8952.6384	0.0935	37118.6
1.285	9571.6042	0.0997	37181.4
1.295	10169.36	0.0994	37242.6
1.305	10304.6078	0.1099	37303.0
1.315	10038.8915	0.0867	37364.7
1.325	10143.0107	0.1085	37424.3
1.335	10152.4512	0.1087	37484.6
1.345	10684.7792	0.0983	37545.6
1.355	10944.5453	0.101	37604.8
1.365	10793.5529	0.0962	37664.8
1.375	10744.7229	0.0861	37724.9
1.385	11106.4903	0.0991	37783.4
1.395	11511.2241	0.0955	37842.6
1.405	11147.6789	0.1076	37901.5
1.415	10990.789	0.0904	37961.2
1.425	10931.9914	0.0999	38020.4
1.435	11256.9101	0.1001	38078.7
1.445	11807.5914	0.1091	38137.3
1.455	12343.8898	0.0988	38195.6
1.466	12717.6769	0.0833	38252.5
1.476	13203.6856	0.1053	38310.6
1.486	12923.4127	0.1029	38367.8
1.496	12907.6712	0.0989	38425.7
1.506	12989.1571	0.1007	38484.5
1.516	13027.1727	0.0988	38541.4
1.526	13194.3026	0.1023	38599.1
1.536	13613.2786	0.0926	38657.0
1.546	13161.1583	0.1022	38714.5
1.556	13514.6499	0.1014	38771.3
1.566	13498.2603	0.0976	38827.4
1.576	13437.0423	0.107	38883.8
1.586	13112.48	0.0931	38940.6
1.596	13380.8266	0.1064	38998.3
1.606	13557.3551	0.0925	39055.4
1.616	13918.7515	0.0936	39111.7
1.626	13903.2075	0.1008	39167.5
1.636	13805.8615	0.1105	39223.9
1.646	14095.3933	0.1182	39281.1
1.656	14183.2025	0.1098	39337.8
1.666	14162.134	0.0994	39394.6
1.676	14368.6442	0.1021	39451.6
1.686	14875.5125	0.1049	39507.3
1.697	15402.4659	0.1011	39563.3
1.707	15777.6462	0.1028	39619.9
1.717	16684.5292	0.0922	39675.8
1.727	16700.4426	0.0866	39731.4
1.737	16636.7671	0.101	39787.6
1.747	16704.95	0.0974	39843.7
1.757	16655.2502	0.095	39899.3
1.767	16029.2145	0.0995	39955.5
1.777	16080.5129	0.101	40010.9
1.787	16382.2616	0.1063	40066.9
1.797	16525.6081	0.0934	40122.4
1.807	16714.2989	0.0973	40178.1
1.817	16976.487	0.0981	40233.8
1.827	17575.43	0.1016	40289.3
1.837	17598.8256	0.0978	40344.3
1.847	17493.7953	0.0975	40399.7
1.857	16790.5065	0.1057	40455.4
1.867	16507.1416	0.105	40511.0
1.877	17587.8156	0.1039	40566.0
1.887	19110.233	0.0908	40621.2
1.897	19469.5323	0.0869	40676.5
1.907	18026.7866	0.1033	40731.7
1.917	17334.1641	0.1025	40786.1
1.928	17513.094	0.1032	40840.9
1.938	18563.2948	0.0993	40896.0
1.948	19018.7639	0.0964	40950.6
1.958	18659.9027	0.0999	41005.9
1.968	18772.1662	0.0984	41061.2
1.978	18422.2985	0.1002	41116.0
1.988	18741.6984	0.1008	41170.3
1.998	19482.0581	0.1041	41224.9
2.008	19146.652	0.0969	41279.8
2.018	18900.5469	0.1041	41334.7
2.028	19829.5925	0.1002	41390.1
2.038	20692.0773	0.0917	41446.0
2.048	19674.1194	0.0988	41502.0
2.058	19399.4204	0.1013	41557.4
2.068	19948.5868	0.1069	41613.1
2.078	20258.777	0.104	41669.0
2.088	19817.3843	0.1008	41724.7
2.098	20445.1049	0.094	41780.7
2.108	20096.5516	0.0987	41837.4
2.118	20086.4316	0.1036	41894.1
2.128	20807.9254	0.0986	41950.8
2.138	21408.8972	0.0955	42007.0
2.148	20918.3935	0.1078	42064.1
2.159	20727.0267	0.1113	42121.9
2.169	21224.0638	0.0973	42179.7
2.179	21425.8781	0.0972	42237.9
2.189	21120.8233	0.1075	42296.0
2.199	21281.9619	0.1004	42353.6
2.209	22047.1587	0.0992	42410.9
2.219	22035.8963	0.0922	42468.7
2.229	20938.6489	0.1045	42526.5
2.239	22237.2941	0.0985	42583.8
2.249	22700.0679	0.1031	42641.1
2.259	21424.4783	0.1038	42698.8
2.269	22675.9152	0.0999	42755.6
2.279	22870.246	0.0949	42812.5
2.289	22117.5139	0.1052	42869.4
2.299	22614.9941	0.1004	42926.2
2.309	22695.4145	0.0994	42983.4
2.319	22752.5212	0.1012	43040.4
2.329	23011.2534	0.1004	43097.4
2.339	22940.9962	0.0993	43154.3
2.349	23866.3024	0.099	43211.6
2.359	22374.8438	0.1027	43268.3
2.369	23708.0217	0.0994	43325.2
2.379	23785.702	0.0973	43382.0
2.39	22788.5473	0.1052	43438.6
2.4	24493.9631	0.0968	43495.6
2.41	23149.3137	0.1013	43552.9
2.42	24174.2545	0.0945	43609.8
2.43	24024.7395	0.1027	43666.3
2.44	23532.7649	0.1039	43723.0
2.45	25056.3798	0.0994	43780.0
2.46	23375.3505	0.1025	43836.9
2.47	24936.707	0.104	43893.7
2.48	24956.2346	0.0966	43950.5
2.49	23526.0768	0.1041	44006.8
2.5	25806.9772	0.0957	44063.6
