3.000000000000000000e+00 1.668212999999999988e-03
8.000000000000000000e+00 1.669921999999999900e-03
1.200000000000000000e+01 1.663329999999999973e-03
1.700000000000000000e+01 1.655517999999999920e-03
2.300000000000000000e+01 1.689942000000000050e-03
2.900000000000000000e+01 1.627685999999999933e-03
3.400000000000000000e+01 1.653320999999999914e-03
4.000000000000000000e+01 1.667237000000000016e-03
4.600000000000000000e+01 1.644286999999999919e-03
5.200000000000000000e+01 1.665772000000000043e-03
5.800000000000000000e+01 1.661865000000000000e-03
6.300000000000000000e+01 1.656249999999999953e-03
6.900000000000000000e+01 1.652831999999999912e-03
7.500000000000000000e+01 1.660645000000000090e-03
8.100000000000000000e+01 1.672852000000000063e-03
8.700000000000000000e+01 1.672363999999999969e-03
9.200000000000000000e+01 1.665283000000000041e-03
9.800000000000000000e+01 1.668456999999999926e-03
1.040000000000000000e+02 1.661132999999999967e-03
1.100000000000000000e+02 1.657714999999999926e-03
1.160000000000000000e+02 1.679932000000000083e-03
1.220000000000000000e+02 1.670410999999999901e-03
1.270000000000000000e+02 1.684570000000000034e-03
1.330000000000000000e+02 1.643310999999999947e-03
1.390000000000000000e+02 1.669190000000000083e-03
1.450000000000000000e+02 1.674317000000000036e-03
1.510000000000000000e+02 1.665039000000000102e-03
1.560000000000000000e+02 1.629639000000000001e-03
1.620000000000000000e+02 1.672363999999999969e-03
1.680000000000000000e+02 1.647461000000000021e-03
1.740000000000000000e+02 1.667237000000000016e-03
1.800000000000000000e+02 1.655517999999999920e-03
1.850000000000000000e+02 1.662597999999999940e-03
1.910000000000000000e+02 1.639405000000000029e-03
1.970000000000000000e+02 1.648437999999999900e-03
2.030000000000000000e+02 1.645996000000000048e-03
2.090000000000000000e+02 1.664062999999999914e-03
2.150000000000000000e+02 1.694580000000000001e-03
2.200000000000000000e+02 1.657227000000000049e-03
2.260000000000000000e+02 1.636719000000000021e-03
2.320000000000000000e+02 1.660645000000000090e-03
2.380000000000000000e+02 1.661132999999999967e-03
2.440000000000000000e+02 1.646728999999999988e-03
2.490000000000000000e+02 1.675782000000000009e-03
2.550000000000000000e+02 1.662110000000000063e-03
2.610000000000000000e+02 1.657470999999999988e-03
2.670000000000000000e+02 1.697509999999999948e-03
2.730000000000000000e+02 1.657714999999999926e-03
2.780000000000000000e+02 1.681640999999999995e-03
2.840000000000000000e+02 1.666504000000000076e-03
2.900000000000000000e+02 1.666259999999999920e-03
2.960000000000000000e+02 1.667480999999999955e-03
3.020000000000000000e+02 1.708251999999999948e-03
3.080000000000000000e+02 1.668945999999999928e-03
3.130000000000000000e+02 1.675049000000000069e-03
3.190000000000000000e+02 1.667724999999999893e-03
3.250000000000000000e+02 1.670410999999999901e-03
3.310000000000000000e+02 1.662842000000000096e-03
3.370000000000000000e+02 1.667724999999999893e-03
3.420000000000000000e+02 1.657470999999999988e-03
3.480000000000000000e+02 1.670898999999999995e-03
3.540000000000000000e+02 1.656493999999999892e-03
3.600000000000000000e+02 1.662110000000000063e-03
3.660000000000000000e+02 1.663575000000000036e-03
3.720000000000000000e+02 1.659911999999999933e-03
3.770000000000000000e+02 1.662597999999999940e-03
3.830000000000000000e+02 1.635986999999999988e-03
3.890000000000000000e+02 1.646485000000000049e-03
3.950000000000000000e+02 1.689697999999999894e-03
4.010000000000000000e+02 1.673584000000000096e-03
4.060000000000000000e+02 1.710205000000000015e-03
4.120000000000000000e+02 1.663086000000000035e-03
4.180000000000000000e+02 1.660400999999999934e-03
4.240000000000000000e+02 1.684815000000000097e-03
4.300000000000000000e+02 1.649414000000000088e-03
4.350000000000000000e+02 1.677490999999999921e-03
4.410000000000000000e+02 1.678954999999999987e-03
4.470000000000000000e+02 1.660645000000000090e-03
4.530000000000000000e+02 1.653565000000000070e-03
4.590000000000000000e+02 1.664307000000000069e-03
4.650000000000000000e+02 1.655517999999999920e-03
4.700000000000000000e+02 1.689453000000000048e-03
4.760000000000000000e+02 1.665283000000000041e-03
4.820000000000000000e+02 1.666259999999999920e-03
4.880000000000000000e+02 1.672120000000000030e-03
4.940000000000000000e+02 1.648437999999999900e-03
4.990000000000000000e+02 1.644531999999999982e-03
5.050000000000000000e+02 1.645020000000000076e-03
5.110000000000000000e+02 1.676025999999999948e-03
5.170000000000000000e+02 1.697022000000000070e-03
5.230000000000000000e+02 1.640381000000000001e-03
5.280000000000000000e+02 1.663818999999999975e-03
5.340000000000000000e+02 1.693604000000000030e-03
5.400000000000000000e+02 1.665772000000000043e-03
5.460000000000000000e+02 1.665039000000000102e-03
5.520000000000000000e+02 1.667480999999999955e-03
5.580000000000000000e+02 1.665772000000000043e-03
5.630000000000000000e+02 1.666993000000000077e-03
5.690000000000000000e+02 1.678711000000000049e-03
5.750000000000000000e+02 1.637695999999999900e-03
5.810000000000000000e+02 1.686767999999999948e-03
5.870000000000000000e+02 1.697022000000000070e-03
5.920000000000000000e+02 1.666748000000000014e-03
5.980000000000000000e+02 1.684815000000000097e-03
6.040000000000000000e+02 1.682860999999999906e-03
6.100000000000000000e+02 1.648925999999999994e-03
6.160000000000000000e+02 1.662842000000000096e-03
6.210000000000000000e+02 1.677979000000000016e-03
6.270000000000000000e+02 1.669677999999999961e-03
6.330000000000000000e+02 1.679932000000000083e-03
6.390000000000000000e+02 1.695801000000000036e-03
6.450000000000000000e+02 1.677001999999999920e-03
6.510000000000000000e+02 1.649414000000000088e-03
6.560000000000000000e+02 1.669677999999999961e-03
6.620000000000000000e+02 1.676514000000000042e-03
6.680000000000000000e+02 1.695069000000000003e-03
6.740000000000000000e+02 1.657714999999999926e-03
6.800000000000000000e+02 1.665528000000000104e-03
6.850000000000000000e+02 1.677979000000000016e-03
6.910000000000000000e+02 1.666748000000000014e-03
6.970000000000000000e+02 1.671631000000000028e-03
7.030000000000000000e+02 1.674804999999999914e-03
7.090000000000000000e+02 1.702149000000000023e-03
7.150000000000000000e+02 1.695069000000000003e-03
7.200000000000000000e+02 1.655762000000000076e-03
7.260000000000000000e+02 1.718261999999999914e-03
7.320000000000000000e+02 1.667237000000000016e-03
7.380000000000000000e+02 1.690185999999999989e-03
7.440000000000000000e+02 1.712158000000000083e-03
7.490000000000000000e+02 1.642089999999999913e-03
7.550000000000000000e+02 1.704833999999999907e-03
7.610000000000000000e+02 1.691407000000000023e-03
7.670000000000000000e+02 1.694825000000000064e-03
7.730000000000000000e+02 1.662842000000000096e-03
7.780000000000000000e+02 1.679932000000000083e-03
7.840000000000000000e+02 1.687012000000000103e-03
7.900000000000000000e+02 1.717774000000000037e-03
7.960000000000000000e+02 1.686524000000000009e-03
8.020000000000000000e+02 1.658935999999999961e-03
8.080000000000000000e+02 1.677246000000000075e-03
8.130000000000000000e+02 1.705078999999999970e-03
8.190000000000000000e+02 1.681640999999999995e-03
8.250000000000000000e+02 1.700195999999999956e-03
8.310000000000000000e+02 1.684081999999999940e-03
8.370000000000000000e+02 1.691161999999999960e-03
8.420000000000000000e+02 1.705322999999999908e-03
8.480000000000000000e+02 1.673096000000000002e-03
8.540000000000000000e+02 1.687988999999999983e-03
8.600000000000000000e+02 1.667237000000000016e-03
8.660000000000000000e+02 1.642334000000000068e-03
8.710000000000000000e+02 1.655273999999999981e-03
8.770000000000000000e+02 1.697022000000000070e-03
8.830000000000000000e+02 1.673828000000000035e-03
8.890000000000000000e+02 1.696533999999999976e-03
8.950000000000000000e+02 1.685302999999999975e-03
9.010000000000000000e+02 1.693115000000000028e-03
9.060000000000000000e+02 1.682129000000000089e-03
9.120000000000000000e+02 1.671631000000000028e-03
9.180000000000000000e+02 1.684570000000000034e-03
9.240000000000000000e+02 1.657227000000000049e-03
9.300000000000000000e+02 1.663329999999999973e-03
9.350000000000000000e+02 1.698487000000000044e-03
9.410000000000000000e+02 1.676270000000000104e-03
9.470000000000000000e+02 1.688721000000000015e-03
9.530000000000000000e+02 1.685791000000000069e-03
9.590000000000000000e+02 1.691894999999999901e-03
9.640000000000000000e+02 1.684327000000000003e-03
9.700000000000000000e+02 1.672363999999999969e-03
9.760000000000000000e+02 1.661621000000000061e-03
9.820000000000000000e+02 1.681152999999999901e-03
9.880000000000000000e+02 1.675782000000000009e-03
9.940000000000000000e+02 1.673339999999999940e-03
9.990000000000000000e+02 1.660400999999999934e-03
1.005000000000000000e+03 1.660156000000000088e-03
1.011000000000000000e+03 1.658446999999999959e-03
1.017000000000000000e+03 1.683105999999999968e-03
1.023000000000000000e+03 1.644531999999999982e-03
1.028000000000000000e+03 1.660645000000000090e-03
1.034000000000000000e+03 1.676025999999999948e-03
1.040000000000000000e+03 1.658446999999999959e-03
1.046000000000000000e+03 1.677735000000000077e-03
1.052000000000000000e+03 1.669190000000000083e-03
1.058000000000000000e+03 1.691894999999999901e-03
1.063000000000000000e+03 1.671142999999999934e-03
1.069000000000000000e+03 1.680176000000000022e-03
1.075000000000000000e+03 1.682129000000000089e-03
1.081000000000000000e+03 1.667480999999999955e-03
1.087000000000000000e+03 1.647217000000000082e-03
1.092000000000000000e+03 1.672852000000000063e-03
1.098000000000000000e+03 1.680419999999999961e-03
1.104000000000000000e+03 1.695312999999999942e-03
1.110000000000000000e+03 1.687988999999999983e-03
1.116000000000000000e+03 1.678711000000000049e-03
1.121000000000000000e+03 1.681884999999999934e-03
1.127000000000000000e+03 1.670410999999999901e-03
1.133000000000000000e+03 1.693847999999999968e-03
1.139000000000000000e+03 1.659667999999999994e-03
1.145000000000000000e+03 1.724609999999999902e-03
1.151000000000000000e+03 1.693604000000000030e-03
1.156000000000000000e+03 1.691161999999999960e-03
1.162000000000000000e+03 1.680908000000000055e-03
1.168000000000000000e+03 1.677979000000000016e-03
1.174000000000000000e+03 1.727051000000000064e-03
1.180000000000000000e+03 1.674073000000000097e-03
1.185000000000000000e+03 1.698730999999999982e-03
1.191000000000000000e+03 1.679687999999999928e-03
1.197000000000000000e+03 1.651612000000000002e-03
1.203000000000000000e+03 1.702636999999999901e-03
1.209000000000000000e+03 1.752197999999999950e-03
1.214000000000000000e+03 1.716309000000000064e-03
1.220000000000000000e+03 1.726806999999999908e-03
1.226000000000000000e+03 1.720458999999999921e-03
1.232000000000000000e+03 1.690429999999999927e-03
1.238000000000000000e+03 1.758545000000000030e-03
1.244000000000000000e+03 1.702881000000000056e-03
1.249000000000000000e+03 1.665772000000000043e-03
1.255000000000000000e+03 1.760253999999999942e-03
1.261000000000000000e+03 1.704833999999999907e-03
1.267000000000000000e+03 1.688964999999999954e-03
1.273000000000000000e+03 1.727784000000000004e-03
1.278000000000000000e+03 1.721923999999999894e-03
1.284000000000000000e+03 1.821534000000000087e-03
1.290000000000000000e+03 1.850342000000000046e-03
1.296000000000000000e+03 1.734131000000000084e-03
1.302000000000000000e+03 1.813476999999999971e-03
1.307000000000000000e+03 1.695557000000000097e-03
1.313000000000000000e+03 1.707275999999999976e-03
1.319000000000000000e+03 1.764160000000000077e-03
1.325000000000000000e+03 1.693604000000000030e-03
1.331000000000000000e+03 1.779296999999999997e-03
1.337000000000000000e+03 1.763184000000000105e-03
1.342000000000000000e+03 1.760987000000000099e-03
1.348000000000000000e+03 1.806641000000000106e-03
1.354000000000000000e+03 1.882324000000000106e-03
1.360000000000000000e+03 1.808106000000000079e-03
1.366000000000000000e+03 2.000244999999999888e-03
1.371000000000000000e+03 1.868408999999999912e-03
1.377000000000000000e+03 1.906006000000000020e-03
1.383000000000000000e+03 1.945557000000000102e-03
1.389000000000000000e+03 1.890624999999999944e-03
1.395000000000000000e+03 1.910645000000000095e-03
1.400000000000000000e+03 2.060546999999999813e-03
1.406000000000000000e+03 1.947509999999999953e-03
1.412000000000000000e+03 2.254395000000000183e-03
1.418000000000000000e+03 2.189697999999999905e-03
1.424000000000000000e+03 2.135741999999999936e-03
1.430000000000000000e+03 2.252441999999999899e-03
1.435000000000000000e+03 2.232911000000000184e-03
1.441000000000000000e+03 2.236084000000000162e-03
1.447000000000000000e+03 2.332031000000000034e-03
1.453000000000000000e+03 2.280761999999999980e-03
1.459000000000000000e+03 2.229004000000000141e-03
1.464000000000000000e+03 2.298339999999999845e-03
1.470000000000000000e+03 2.198486999999999837e-03
1.476000000000000000e+03 2.353028000000000064e-03
1.482000000000000000e+03 2.332275999999999880e-03
1.488000000000000000e+03 2.345948000000000044e-03
1.494000000000000000e+03 2.535888999999999938e-03
1.499000000000000000e+03 2.392823000000000085e-03
1.505000000000000000e+03 2.328370000000000179e-03
1.511000000000000000e+03 2.510498999999999804e-03
1.517000000000000000e+03 2.417480999999999970e-03
1.523000000000000000e+03 2.383300999999999996e-03
1.528000000000000000e+03 2.433105999999999984e-03
1.534000000000000000e+03 2.432372999999999827e-03
1.540000000000000000e+03 2.531982999999999803e-03
1.546000000000000000e+03 2.548096000000000128e-03
1.552000000000000000e+03 2.554687999999999837e-03
1.557000000000000000e+03 2.696533000000000090e-03
1.563000000000000000e+03 2.590575999999999816e-03
1.569000000000000000e+03 2.487304999999999985e-03
1.575000000000000000e+03 2.659668000000000015e-03
1.581000000000000000e+03 2.549561000000000102e-03
1.587000000000000000e+03 2.585206000000000049e-03
1.592000000000000000e+03 2.684082999999999868e-03
1.598000000000000000e+03 2.696533000000000090e-03
1.604000000000000000e+03 2.797851999999999978e-03
1.610000000000000000e+03 2.722900999999999794e-03
1.616000000000000000e+03 2.702636999999999921e-03
1.621000000000000000e+03 2.823486999999999959e-03
1.627000000000000000e+03 2.643066999999999812e-03
1.633000000000000000e+03 2.649170000000000171e-03
1.639000000000000000e+03 2.689697999999999915e-03
1.645000000000000000e+03 2.754150999999999821e-03
1.650000000000000000e+03 2.728027999999999963e-03
1.656000000000000000e+03 2.823486999999999959e-03
1.662000000000000000e+03 2.655274000000000002e-03
1.668000000000000000e+03 2.796387000000000005e-03
1.674000000000000000e+03 2.755370999999999949e-03
1.680000000000000000e+03 2.769775999999999835e-03
1.685000000000000000e+03 2.870849999999999878e-03
1.691000000000000000e+03 2.747070999999999801e-03
1.697000000000000000e+03 2.707276000000000214e-03
1.703000000000000000e+03 2.831298999999999795e-03
1.709000000000000000e+03 2.740723000000000031e-03
1.714000000000000000e+03 2.833984999999999803e-03
1.720000000000000000e+03 2.921143000000000177e-03
1.726000000000000000e+03 2.912353999999999811e-03
1.732000000000000000e+03 2.986328999999999807e-03
1.738000000000000000e+03 2.991212000000000037e-03
1.743000000000000000e+03 2.921631000000000054e-03
1.749000000000000000e+03 3.015625000000000076e-03
1.755000000000000000e+03 2.971192000000000104e-03
1.761000000000000000e+03 2.884034000000000163e-03
1.767000000000000000e+03 3.047363999999999889e-03
1.773000000000000000e+03 2.936279999999999880e-03
1.778000000000000000e+03 2.956298999999999906e-03
1.784000000000000000e+03 3.089600000000000072e-03
1.790000000000000000e+03 3.072266000000000146e-03
1.796000000000000000e+03 3.042968999999999969e-03
1.802000000000000000e+03 3.085693999999999937e-03
1.807000000000000000e+03 3.065674000000000003e-03
1.813000000000000000e+03 3.069824999999999984e-03
1.819000000000000000e+03 3.021241000000000031e-03
1.825000000000000000e+03 2.991212000000000037e-03
1.831000000000000000e+03 3.094238999999999930e-03
1.837000000000000000e+03 3.041503999999999996e-03
1.842000000000000000e+03 3.105469000000000025e-03
1.848000000000000000e+03 3.124023999999999985e-03
1.854000000000000000e+03 2.952881000000000082e-03
1.860000000000000000e+03 3.000488999999999847e-03
1.866000000000000000e+03 3.079591000000000012e-03
1.871000000000000000e+03 3.140136999999999876e-03
1.877000000000000000e+03 3.140625000000000187e-03
1.883000000000000000e+03 3.037353999999999922e-03
1.889000000000000000e+03 3.056397000000000194e-03
1.895000000000000000e+03 3.116700000000000026e-03
1.900000000000000000e+03 3.139161000000000121e-03
1.906000000000000000e+03 3.090087999999999949e-03
1.912000000000000000e+03 3.218505999999999884e-03
1.918000000000000000e+03 3.195312999999999973e-03
1.924000000000000000e+03 3.201905000000000116e-03
1.930000000000000000e+03 3.232178000000000048e-03
1.935000000000000000e+03 3.216796999999999972e-03
1.941000000000000000e+03 3.335938000000000098e-03
1.947000000000000000e+03 3.253662999999999954e-03
1.953000000000000000e+03 3.305909000000000104e-03
1.959000000000000000e+03 3.363038000000000052e-03
1.964000000000000000e+03 3.215820999999999784e-03
1.970000000000000000e+03 3.276367999999999989e-03
1.976000000000000000e+03 3.198486999999999858e-03
1.982000000000000000e+03 3.221925000000000049e-03
1.988000000000000000e+03 3.314941999999999975e-03
1.993000000000000000e+03 3.373048000000000018e-03
1.999000000000000000e+03 3.377198000000000092e-03
2.005000000000000000e+03 3.464600999999999879e-03
2.011000000000000000e+03 3.479003999999999951e-03
2.017000000000000000e+03 3.396484999999999869e-03
2.023000000000000000e+03 3.473878000000000122e-03
2.028000000000000000e+03 3.432862000000000066e-03
2.034000000000000000e+03 3.524170000000000080e-03
2.040000000000000000e+03 3.591309999999999902e-03
2.046000000000000000e+03 3.529298000000000157e-03
2.052000000000000000e+03 3.511718999999999952e-03
2.057000000000000000e+03 3.560302999999999905e-03
2.063000000000000000e+03 3.616943999999999975e-03
2.069000000000000000e+03 3.668457999999999875e-03
2.075000000000000000e+03 3.593750000000000156e-03
2.081000000000000000e+03 3.646729000000000030e-03
2.086000000000000000e+03 3.708008000000000050e-03
2.092000000000000000e+03 3.619385000000000137e-03
2.098000000000000000e+03 3.766358000000000032e-03
2.104000000000000000e+03 3.728515999999999862e-03
2.110000000000000000e+03 3.697510000000000206e-03
2.116000000000000000e+03 3.798829000000000095e-03
2.121000000000000000e+03 3.836669999999999924e-03
2.127000000000000000e+03 3.755860000000000188e-03
2.133000000000000000e+03 3.910644999999999920e-03
2.139000000000000000e+03 3.802979000000000168e-03
2.145000000000000000e+03 3.836669999999999924e-03
2.150000000000000000e+03 3.927490999999999968e-03
2.156000000000000000e+03 3.890381000000000047e-03
2.162000000000000000e+03 3.966065000000000389e-03
2.168000000000000000e+03 3.925538000000000118e-03
2.174000000000000000e+03 3.941407000000000070e-03
2.179000000000000000e+03 4.038574999999999977e-03
2.185000000000000000e+03 4.008545999999999984e-03
2.191000000000000000e+03 3.972167999999999879e-03
2.197000000000000000e+03 4.123779999999999633e-03
2.203000000000000000e+03 4.106445999999999708e-03
2.209000000000000000e+03 4.120851000000000028e-03
2.214000000000000000e+03 4.153564999999999688e-03
2.220000000000000000e+03 4.077149000000000398e-03
2.226000000000000000e+03 4.060791999999999700e-03
2.232000000000000000e+03 4.160890000000000422e-03
2.238000000000000000e+03 4.047120000000000405e-03
2.243000000000000000e+03 4.088134999999999686e-03
2.249000000000000000e+03 4.127930999999999614e-03
2.255000000000000000e+03 4.270020000000000239e-03
2.261000000000000000e+03 4.371583000000000066e-03
2.267000000000000000e+03 4.291505000000000146e-03
2.273000000000000000e+03 4.270020000000000239e-03
2.278000000000000000e+03 4.483398999999999891e-03
2.284000000000000000e+03 4.415772000000000100e-03
2.290000000000000000e+03 4.309326999999999949e-03
2.296000000000000000e+03 4.324464000000000086e-03
2.302000000000000000e+03 4.329346999999999883e-03
2.307000000000000000e+03 4.417237000000000073e-03
2.313000000000000000e+03 4.519043000000000365e-03
2.319000000000000000e+03 4.449218999999999917e-03
2.325000000000000000e+03 4.693848999999999938e-03
2.331000000000000000e+03 4.531251000000000029e-03
2.336000000000000000e+03 4.475831000000000427e-03
2.342000000000000000e+03 4.545411000000000069e-03
2.348000000000000000e+03 4.534423999999999573e-03
2.354000000000000000e+03 4.498536000000000028e-03
2.360000000000000000e+03 4.535156999999999730e-03
2.366000000000000000e+03 4.569580999999999643e-03
2.371000000000000000e+03 4.631103999999999603e-03
2.377000000000000000e+03 4.583984999999999622e-03
2.383000000000000000e+03 4.543458000000000219e-03
2.389000000000000000e+03 4.564453999999999907e-03
2.395000000000000000e+03 4.504150999999999641e-03
2.400000000000000000e+03 4.595947999999999874e-03
2.406000000000000000e+03 4.626464999999999744e-03
2.412000000000000000e+03 4.536133999999999826e-03
2.418000000000000000e+03 4.573487000000000212e-03
2.424000000000000000e+03 4.648682000000000335e-03
2.429000000000000000e+03 4.537842999999999738e-03
2.435000000000000000e+03 4.601319000000000416e-03
2.441000000000000000e+03 4.632324999999999637e-03
2.447000000000000000e+03 4.603028000000000328e-03
2.453000000000000000e+03 4.674316999999999882e-03
2.459000000000000000e+03 4.583496999999999745e-03
2.464000000000000000e+03 4.533935999999999696e-03
2.470000000000000000e+03 4.604735999999999899e-03
2.476000000000000000e+03 4.370118000000000093e-03
2.482000000000000000e+03 4.339843999999999820e-03
2.488000000000000000e+03 4.451171999999999768e-03
2.493000000000000000e+03 4.306397000000000003e-03
2.499000000000000000e+03 4.396485000000000323e-03
2.505000000000000000e+03 4.333252000000000111e-03
2.511000000000000000e+03 4.307861999999999976e-03
2.517000000000000000e+03 4.346191999999999590e-03
2.522000000000000000e+03 4.227294999999999837e-03
2.528000000000000000e+03 4.207276000000000245e-03
2.534000000000000000e+03 4.155273999999999600e-03
2.540000000000000000e+03 3.957763999999999900e-03
2.546000000000000000e+03 3.900147000000000076e-03
2.552000000000000000e+03 3.940429999999999974e-03
2.557000000000000000e+03 3.801759000000000041e-03
2.563000000000000000e+03 3.762207999999999958e-03
2.569000000000000000e+03 3.772705999999999803e-03
2.575000000000000000e+03 3.710937999999999997e-03
2.581000000000000000e+03 3.812745000000000196e-03
2.586000000000000000e+03 3.749999999999999861e-03
2.592000000000000000e+03 3.770509000000000013e-03
2.598000000000000000e+03 3.864503000000000035e-03
2.604000000000000000e+03 3.723145000000000187e-03
2.610000000000000000e+03 3.724365999999999788e-03
2.616000000000000000e+03 3.794922999999999959e-03
2.621000000000000000e+03 3.667725000000000152e-03
2.627000000000000000e+03 3.812989000000000135e-03
2.633000000000000000e+03 3.682861999999999855e-03
2.639000000000000000e+03 3.682861999999999855e-03
2.645000000000000000e+03 3.831544000000000096e-03
2.650000000000000000e+03 3.733155000000000154e-03
2.656000000000000000e+03 3.777344000000000188e-03
2.662000000000000000e+03 3.723145000000000187e-03
2.668000000000000000e+03 3.620117999999999860e-03
2.674000000000000000e+03 3.675050000000000018e-03
2.679000000000000000e+03 3.732422999999999904e-03
2.685000000000000000e+03 3.646972999999999968e-03
2.691000000000000000e+03 3.660645000000000131e-03
2.697000000000000000e+03 3.666992999999999902e-03
2.703000000000000000e+03 3.630616000000000138e-03
2.709000000000000000e+03 3.648194000000000003e-03
2.714000000000000000e+03 3.566162999999999798e-03
2.720000000000000000e+03 3.642578999999999956e-03
2.726000000000000000e+03 3.679200000000000092e-03
2.732000000000000000e+03 3.601562999999999900e-03
2.738000000000000000e+03 3.551513999999999973e-03
2.743000000000000000e+03 3.664062999999999955e-03
2.749000000000000000e+03 3.610107999999999893e-03
2.755000000000000000e+03 3.554443999999999920e-03
2.761000000000000000e+03 3.604981000000000158e-03
2.767000000000000000e+03 3.487305000000000006e-03
2.772000000000000000e+03 3.522949999999999953e-03
2.778000000000000000e+03 3.452637000000000154e-03
2.784000000000000000e+03 3.394775999999999957e-03
2.790000000000000000e+03 3.489991000000000013e-03
2.796000000000000000e+03 3.409179999999999936e-03
2.802000000000000000e+03 3.319580999999999834e-03
2.807000000000000000e+03 3.441650999999999998e-03
2.813000000000000000e+03 3.275146999999999954e-03
2.819000000000000000e+03 3.310547000000000056e-03
2.825000000000000000e+03 3.287110000000000205e-03
2.831000000000000000e+03 3.171876000000000122e-03
2.836000000000000000e+03 3.313233000000000063e-03
2.842000000000000000e+03 3.177246999999999797e-03
2.848000000000000000e+03 3.036376999999999826e-03
2.854000000000000000e+03 3.152588999999999912e-03
2.860000000000000000e+03 2.929688000000000171e-03
2.865000000000000000e+03 2.936523999999999818e-03
2.871000000000000000e+03 2.999756000000000124e-03
2.877000000000000000e+03 2.830566999999999979e-03
2.883000000000000000e+03 2.876220999999999986e-03
2.889000000000000000e+03 2.885253999999999857e-03
2.895000000000000000e+03 2.900878999999999871e-03
2.900000000000000000e+03 2.969483000000000192e-03
2.906000000000000000e+03 2.785644999999999788e-03
2.912000000000000000e+03 2.764893000000000038e-03
2.918000000000000000e+03 2.789306999999999984e-03
2.924000000000000000e+03 2.713379000000000138e-03
2.929000000000000000e+03 2.592285000000000162e-03
2.935000000000000000e+03 2.600585999999999783e-03
2.941000000000000000e+03 2.620362000000000212e-03
2.947000000000000000e+03 2.538818999999999885e-03
2.953000000000000000e+03 2.643799000000000062e-03
2.959000000000000000e+03 2.614501999999999885e-03
2.964000000000000000e+03 2.615966999999999858e-03
2.970000000000000000e+03 2.535401000000000061e-03
2.976000000000000000e+03 2.407471000000000003e-03
2.982000000000000000e+03 2.567626999999999843e-03
2.988000000000000000e+03 2.479003999999999930e-03
2.993000000000000000e+03 2.447266000000000025e-03
2.999000000000000000e+03 2.520507999999999863e-03
3.005000000000000000e+03 2.469727000000000120e-03
3.011000000000000000e+03 2.443603999999999828e-03
3.017000000000000000e+03 2.498291000000000140e-03
3.022000000000000000e+03 2.423829000000000174e-03
3.028000000000000000e+03 2.481201000000000153e-03
3.034000000000000000e+03 2.394287000000000151e-03
3.040000000000000000e+03 2.371826000000000056e-03
3.046000000000000000e+03 2.425537000000000179e-03
3.052000000000000000e+03 2.281005999999999919e-03
3.057000000000000000e+03 2.247803000000000041e-03
3.063000000000000000e+03 2.205078000000000073e-03
3.069000000000000000e+03 2.070557000000000213e-03
3.075000000000000000e+03 2.005127000000000211e-03
3.081000000000000000e+03 2.016602000000000151e-03
3.086000000000000000e+03 1.992676000000000083e-03
3.092000000000000000e+03 2.071777999999999814e-03
3.098000000000000000e+03 2.046387000000000206e-03
3.104000000000000000e+03 1.926757999999999986e-03
3.110000000000000000e+03 2.027587999999999873e-03
3.115000000000000000e+03 1.914307000000000075e-03
3.121000000000000000e+03 1.958740999999999954e-03
3.127000000000000000e+03 1.945069000000000008e-03
3.133000000000000000e+03 1.775146999999999923e-03
3.139000000000000000e+03 1.851807000000000019e-03
3.145000000000000000e+03 1.904785999999999892e-03
3.150000000000000000e+03 1.910157000000000001e-03
3.156000000000000000e+03 1.953125000000000000e-03
3.162000000000000000e+03 1.831542999999999930e-03
3.168000000000000000e+03 1.811279000000000057e-03
3.174000000000000000e+03 1.860352000000000013e-03
3.179000000000000000e+03 1.794922000000000011e-03
3.185000000000000000e+03 1.702881000000000056e-03
3.191000000000000000e+03 1.784423999999999949e-03
3.197000000000000000e+03 1.653076999999999975e-03
3.203000000000000000e+03 1.679200000000000050e-03
3.208000000000000000e+03 1.761474999999999977e-03
3.214000000000000000e+03 1.685302999999999975e-03
3.220000000000000000e+03 1.724120999999999900e-03
3.226000000000000000e+03 1.680419999999999961e-03
3.232000000000000000e+03 1.692871000000000089e-03
3.238000000000000000e+03 1.704102000000000091e-03
3.243000000000000000e+03 1.698730999999999982e-03
3.249000000000000000e+03 1.678711000000000049e-03
3.255000000000000000e+03 1.685059000000000036e-03
3.261000000000000000e+03 1.673584000000000096e-03
3.267000000000000000e+03 1.674560999999999975e-03
3.272000000000000000e+03 1.695801000000000036e-03
3.278000000000000000e+03 1.672607999999999907e-03
3.284000000000000000e+03 1.723389000000000084e-03
3.290000000000000000e+03 1.673828000000000035e-03
3.296000000000000000e+03 1.670410999999999901e-03
3.301000000000000000e+03 1.683349999999999907e-03
3.307000000000000000e+03 1.677735000000000077e-03
3.313000000000000000e+03 1.660400999999999934e-03
3.319000000000000000e+03 1.686524000000000009e-03
3.325000000000000000e+03 1.657714999999999926e-03
3.331000000000000000e+03 1.669190000000000083e-03
3.336000000000000000e+03 1.691650999999999962e-03
3.342000000000000000e+03 1.659667999999999994e-03
3.348000000000000000e+03 1.699950999999999893e-03
3.354000000000000000e+03 1.681397000000000056e-03
3.360000000000000000e+03 1.651368000000000063e-03
3.365000000000000000e+03 1.704833999999999907e-03
3.371000000000000000e+03 1.679443999999999989e-03
3.377000000000000000e+03 1.655273999999999981e-03
3.383000000000000000e+03 1.670655000000000057e-03
3.389000000000000000e+03 1.668945999999999928e-03
3.395000000000000000e+03 1.684570000000000034e-03
3.400000000000000000e+03 1.652344000000000035e-03
3.406000000000000000e+03 1.682860999999999906e-03
3.412000000000000000e+03 1.692626999999999934e-03
3.418000000000000000e+03 1.654786000000000104e-03
3.424000000000000000e+03 1.675049000000000069e-03
3.429000000000000000e+03 1.670410999999999901e-03
3.435000000000000000e+03 1.657959000000000082e-03
3.441000000000000000e+03 1.653565000000000070e-03
3.447000000000000000e+03 1.682129000000000089e-03
3.453000000000000000e+03 1.649658999999999934e-03
3.458000000000000000e+03 1.652344000000000035e-03
3.464000000000000000e+03 1.658446999999999959e-03
3.470000000000000000e+03 1.674073000000000097e-03
3.476000000000000000e+03 1.663818999999999975e-03
3.482000000000000000e+03 1.682618000000000091e-03
3.488000000000000000e+03 1.670410999999999901e-03
3.493000000000000000e+03 1.673584000000000096e-03
3.499000000000000000e+03 1.668701000000000082e-03
3.505000000000000000e+03 1.684081999999999940e-03
3.511000000000000000e+03 1.638916000000000027e-03
3.517000000000000000e+03 1.640137000000000062e-03
3.522000000000000000e+03 1.633789000000000075e-03
3.528000000000000000e+03 1.687743999999999920e-03
3.534000000000000000e+03 1.665039000000000102e-03
3.540000000000000000e+03 1.664307000000000069e-03
3.546000000000000000e+03 1.681397000000000056e-03
3.551000000000000000e+03 1.660889000000000029e-03
3.557000000000000000e+03 1.653076999999999975e-03
3.563000000000000000e+03 1.677246000000000075e-03
3.569000000000000000e+03 1.660400999999999934e-03
3.575000000000000000e+03 1.678954999999999987e-03
3.581000000000000000e+03 1.654052999999999947e-03
3.586000000000000000e+03 1.645264000000000015e-03
3.592000000000000000e+03 1.683105999999999968e-03
3.598000000000000000e+03 1.658692000000000022e-03
3.604000000000000000e+03 1.679200000000000050e-03
3.610000000000000000e+03 1.682373000000000028e-03
3.615000000000000000e+03 1.689453000000000048e-03
3.621000000000000000e+03 1.659667999999999994e-03
3.627000000000000000e+03 1.630860000000000035e-03
3.633000000000000000e+03 1.672607999999999907e-03
3.639000000000000000e+03 1.656738999999999955e-03
3.644000000000000000e+03 1.660645000000000090e-03
3.650000000000000000e+03 1.669434000000000022e-03
3.656000000000000000e+03 1.659667999999999994e-03
3.662000000000000000e+03 1.653076999999999975e-03
3.668000000000000000e+03 1.638672000000000089e-03
3.674000000000000000e+03 1.692382999999999995e-03
3.679000000000000000e+03 1.657959000000000082e-03
3.685000000000000000e+03 1.658446999999999959e-03
3.691000000000000000e+03 1.627198000000000056e-03
3.697000000000000000e+03 1.655030000000000043e-03
3.703000000000000000e+03 1.650879000000000062e-03
3.708000000000000000e+03 1.667237000000000016e-03
3.714000000000000000e+03 1.648437999999999900e-03
3.720000000000000000e+03 1.672852000000000063e-03
3.726000000000000000e+03 1.650634999999999906e-03
3.732000000000000000e+03 1.649658999999999934e-03
3.738000000000000000e+03 1.644531999999999982e-03
3.743000000000000000e+03 1.655030000000000043e-03
3.749000000000000000e+03 1.671387000000000090e-03
3.755000000000000000e+03 1.660400999999999934e-03
3.761000000000000000e+03 1.685546999999999913e-03
3.767000000000000000e+03 1.655273999999999981e-03
3.772000000000000000e+03 1.642578999999999914e-03
3.778000000000000000e+03 1.670655000000000057e-03
3.784000000000000000e+03 1.646728999999999988e-03
3.790000000000000000e+03 1.664794999999999947e-03
3.796000000000000000e+03 1.657470999999999988e-03
3.801000000000000000e+03 1.636475000000000082e-03
3.807000000000000000e+03 1.662597999999999940e-03
3.813000000000000000e+03 1.676514000000000042e-03
3.819000000000000000e+03 1.644286999999999919e-03
3.825000000000000000e+03 1.630860000000000035e-03
3.831000000000000000e+03 1.686035000000000008e-03
3.836000000000000000e+03 1.655030000000000043e-03
3.842000000000000000e+03 1.648193999999999961e-03
3.848000000000000000e+03 1.683349999999999907e-03
3.854000000000000000e+03 1.672607999999999907e-03
3.860000000000000000e+03 1.653320999999999914e-03
3.865000000000000000e+03 1.679687999999999928e-03
3.871000000000000000e+03 1.652344000000000035e-03
3.877000000000000000e+03 1.659424000000000055e-03
3.883000000000000000e+03 1.658446999999999959e-03
3.889000000000000000e+03 1.648193999999999961e-03
3.894000000000000000e+03 1.679932000000000083e-03
3.900000000000000000e+03 1.645751999999999892e-03
3.906000000000000000e+03 1.639892999999999906e-03
3.912000000000000000e+03 1.673828000000000035e-03
3.918000000000000000e+03 1.655762000000000076e-03
3.924000000000000000e+03 1.671387000000000090e-03
3.929000000000000000e+03 1.674560999999999975e-03
3.935000000000000000e+03 1.646972999999999927e-03
3.941000000000000000e+03 1.658935999999999961e-03
3.947000000000000000e+03 1.658692000000000022e-03
3.953000000000000000e+03 1.657470999999999988e-03
3.958000000000000000e+03 1.685302999999999975e-03
3.964000000000000000e+03 1.665283000000000041e-03
3.970000000000000000e+03 1.649169999999999933e-03
3.976000000000000000e+03 1.690674000000000083e-03
3.982000000000000000e+03 1.665772000000000043e-03
3.987000000000000000e+03 1.665283000000000041e-03
3.993000000000000000e+03 1.678954999999999987e-03
3.999000000000000000e+03 1.667480999999999955e-03
4.005000000000000000e+03 1.647704999999999960e-03
4.011000000000000000e+03 1.626709000000000054e-03
4.017000000000000000e+03 1.659424000000000055e-03
4.022000000000000000e+03 1.683349999999999907e-03
4.028000000000000000e+03 1.653320999999999914e-03
4.034000000000000000e+03 1.652100000000000096e-03
4.040000000000000000e+03 1.687499999999999981e-03
4.046000000000000000e+03 1.627441999999999995e-03
4.051000000000000000e+03 1.659667999999999994e-03
4.057000000000000000e+03 1.646485000000000049e-03
4.063000000000000000e+03 1.653320999999999914e-03
4.069000000000000000e+03 1.657959000000000082e-03
4.075000000000000000e+03 1.661621000000000061e-03
4.080000000000000000e+03 1.658203999999999928e-03
4.086000000000000000e+03 1.666504000000000076e-03
4.092000000000000000e+03 1.639161000000000090e-03
4.098000000000000000e+03 1.659424000000000055e-03
4.104000000000000000e+03 1.662354000000000002e-03
4.110000000000000000e+03 1.653809000000000008e-03
4.115000000000000000e+03 1.655273999999999981e-03
4.121000000000000000e+03 1.690185999999999989e-03
4.127000000000000000e+03 1.672120000000000030e-03
4.133000000000000000e+03 1.677490999999999921e-03
4.139000000000000000e+03 1.650390999999999967e-03
4.144000000000000000e+03 1.626709000000000054e-03
4.150000000000000000e+03 1.665772000000000043e-03
4.156000000000000000e+03 1.634033999999999921e-03
4.162000000000000000e+03 1.636230999999999927e-03
4.168000000000000000e+03 1.677979000000000016e-03
4.174000000000000000e+03 1.626709000000000054e-03
4.179000000000000000e+03 1.666748000000000014e-03
4.185000000000000000e+03 1.656249999999999953e-03
4.191000000000000000e+03 1.645507999999999953e-03
4.197000000000000000e+03 1.678711000000000049e-03
4.203000000000000000e+03 1.647461000000000021e-03
4.208000000000000000e+03 1.650634999999999906e-03
4.214000000000000000e+03 1.643067000000000008e-03
4.220000000000000000e+03 1.637695999999999900e-03
4.226000000000000000e+03 1.639648999999999968e-03
4.232000000000000000e+03 1.655273999999999981e-03
4.237000000000000000e+03 1.654052999999999947e-03
4.243000000000000000e+03 1.661376999999999906e-03
4.249000000000000000e+03 1.666015999999999981e-03
4.255000000000000000e+03 1.668456999999999926e-03
4.261000000000000000e+03 1.634765999999999954e-03
4.267000000000000000e+03 1.652100000000000096e-03
4.272000000000000000e+03 1.641602000000000035e-03
4.278000000000000000e+03 1.644531999999999982e-03
4.284000000000000000e+03 1.647217000000000082e-03
4.290000000000000000e+03 1.657959000000000082e-03
4.296000000000000000e+03 1.675782000000000009e-03
4.301000000000000000e+03 1.681397000000000056e-03
4.307000000000000000e+03 1.644042999999999980e-03
4.313000000000000000e+03 1.666015999999999981e-03
4.319000000000000000e+03 1.632325000000000009e-03
4.325000000000000000e+03 1.658203999999999928e-03
4.330000000000000000e+03 1.660889000000000029e-03
4.336000000000000000e+03 1.634765999999999954e-03
4.342000000000000000e+03 1.672363999999999969e-03
4.348000000000000000e+03 1.663086000000000035e-03
4.354000000000000000e+03 1.660645000000000090e-03
4.360000000000000000e+03 1.669677999999999961e-03
4.365000000000000000e+03 1.653076999999999975e-03
4.371000000000000000e+03 1.634522000000000015e-03
4.377000000000000000e+03 1.667969000000000049e-03
4.383000000000000000e+03 1.661621000000000061e-03
4.389000000000000000e+03 1.663575000000000036e-03
4.394000000000000000e+03 1.662842000000000096e-03
4.400000000000000000e+03 1.651612000000000002e-03
4.406000000000000000e+03 1.674317000000000036e-03
4.412000000000000000e+03 1.632325000000000009e-03
4.418000000000000000e+03 1.653809000000000008e-03
4.423000000000000000e+03 1.664062999999999914e-03
4.429000000000000000e+03 1.645507999999999953e-03
4.435000000000000000e+03 1.656249999999999953e-03
4.441000000000000000e+03 1.666993000000000077e-03
4.447000000000000000e+03 1.639648999999999968e-03
4.453000000000000000e+03 1.662597999999999940e-03
4.458000000000000000e+03 1.669190000000000083e-03
4.464000000000000000e+03 1.659179999999999900e-03
4.470000000000000000e+03 1.652831999999999912e-03
4.476000000000000000e+03 1.641113999999999941e-03
4.482000000000000000e+03 1.668945999999999928e-03
4.487000000000000000e+03 1.673339999999999940e-03
4.493000000000000000e+03 1.637695999999999900e-03
4.499000000000000000e+03 1.674804999999999914e-03
4.505000000000000000e+03 1.656982999999999893e-03
4.511000000000000000e+03 1.633789000000000075e-03
4.517000000000000000e+03 1.636230999999999927e-03
4.522000000000000000e+03 1.635009999999999892e-03
4.528000000000000000e+03 1.662354000000000002e-03
4.534000000000000000e+03 1.660156000000000088e-03
4.540000000000000000e+03 1.667480999999999955e-03
4.546000000000000000e+03 1.649414000000000088e-03
4.551000000000000000e+03 1.662842000000000096e-03
4.557000000000000000e+03 1.641845999999999974e-03
4.563000000000000000e+03 1.648437999999999900e-03
4.569000000000000000e+03 1.675536999999999947e-03
4.575000000000000000e+03 1.658446999999999959e-03
4.580000000000000000e+03 1.661132999999999967e-03
4.586000000000000000e+03 1.655517999999999920e-03
4.592000000000000000e+03 1.674317000000000036e-03
4.598000000000000000e+03 1.697998000000000042e-03
4.604000000000000000e+03 1.668456999999999926e-03
4.610000000000000000e+03 1.664062999999999914e-03
4.615000000000000000e+03 1.669190000000000083e-03
4.621000000000000000e+03 1.633300999999999980e-03
4.627000000000000000e+03 1.659667999999999994e-03
4.633000000000000000e+03 1.662110000000000063e-03
4.639000000000000000e+03 1.650390999999999967e-03
4.644000000000000000e+03 1.648437999999999900e-03
4.650000000000000000e+03 1.663329999999999973e-03
4.656000000000000000e+03 1.658446999999999959e-03
4.662000000000000000e+03 1.646972999999999927e-03
4.668000000000000000e+03 1.636230999999999927e-03
4.673000000000000000e+03 1.679200000000000050e-03
4.679000000000000000e+03 1.671142999999999934e-03
4.685000000000000000e+03 1.617432000000000028e-03
4.691000000000000000e+03 1.637451999999999961e-03
4.697000000000000000e+03 1.659911999999999933e-03
4.703000000000000000e+03 1.640381000000000001e-03
4.708000000000000000e+03 1.662354000000000002e-03
4.714000000000000000e+03 1.649658999999999934e-03
4.720000000000000000e+03 1.667724999999999893e-03
4.726000000000000000e+03 1.660156000000000088e-03
4.732000000000000000e+03 1.648925999999999994e-03
4.737000000000000000e+03 1.673584000000000096e-03
4.743000000000000000e+03 1.655762000000000076e-03
4.749000000000000000e+03 1.679932000000000083e-03
4.755000000000000000e+03 1.644042999999999980e-03
4.761000000000000000e+03 1.675293000000000008e-03
4.766000000000000000e+03 1.656249999999999953e-03
4.772000000000000000e+03 1.656006000000000014e-03
4.778000000000000000e+03 1.661132999999999967e-03
4.784000000000000000e+03 1.648193999999999961e-03
4.790000000000000000e+03 1.654297000000000102e-03
4.796000000000000000e+03 1.651123000000000000e-03
4.801000000000000000e+03 1.657959000000000082e-03
4.807000000000000000e+03 1.655273999999999981e-03
4.813000000000000000e+03 1.653320999999999914e-03
4.819000000000000000e+03 1.661865000000000000e-03
4.825000000000000000e+03 1.673828000000000035e-03
4.830000000000000000e+03 1.685059000000000036e-03
4.836000000000000000e+03 1.655273999999999981e-03
4.842000000000000000e+03 1.660400999999999934e-03
4.848000000000000000e+03 1.646728999999999988e-03
4.854000000000000000e+03 1.668456999999999926e-03
4.859000000000000000e+03 1.669434000000000022e-03
4.865000000000000000e+03 1.678222999999999954e-03
4.871000000000000000e+03 1.664794999999999947e-03
4.877000000000000000e+03 1.649903000000000090e-03
4.883000000000000000e+03 1.626464999999999899e-03
4.889000000000000000e+03 1.656738999999999955e-03
4.894000000000000000e+03 1.653809000000000008e-03
4.900000000000000000e+03 1.682373000000000028e-03
4.906000000000000000e+03 1.675782000000000009e-03
4.912000000000000000e+03 1.680176000000000022e-03
4.918000000000000000e+03 1.660645000000000090e-03
4.923000000000000000e+03 1.692626999999999934e-03
4.929000000000000000e+03 1.642334000000000068e-03
4.935000000000000000e+03 1.660645000000000090e-03
4.941000000000000000e+03 1.657470999999999988e-03
4.947000000000000000e+03 1.653809000000000008e-03
4.953000000000000000e+03 1.652344000000000035e-03
4.958000000000000000e+03 1.666259999999999920e-03
4.964000000000000000e+03 1.654052999999999947e-03
4.970000000000000000e+03 1.657227000000000049e-03
4.976000000000000000e+03 1.652587999999999974e-03
4.982000000000000000e+03 1.628906999999999968e-03
4.987000000000000000e+03 1.644531999999999982e-03
4.993000000000000000e+03 1.660645000000000090e-03
4.999000000000000000e+03 1.665772000000000043e-03
5.005000000000000000e+03 1.646972999999999927e-03
5.011000000000000000e+03 1.667969000000000049e-03
5.016000000000000000e+03 1.648193999999999961e-03
5.022000000000000000e+03 1.626220999999999960e-03
5.028000000000000000e+03 1.658935999999999961e-03
5.034000000000000000e+03 1.683349999999999907e-03
5.040000000000000000e+03 1.657959000000000082e-03
5.046000000000000000e+03 1.636475000000000082e-03
5.051000000000000000e+03 1.642089999999999913e-03
5.057000000000000000e+03 1.632568999999999947e-03
5.063000000000000000e+03 1.671387000000000090e-03
5.069000000000000000e+03 1.662842000000000096e-03
5.075000000000000000e+03 1.657714999999999926e-03
5.080000000000000000e+03 1.654786000000000104e-03
5.086000000000000000e+03 1.665039000000000102e-03
5.092000000000000000e+03 1.665283000000000041e-03
5.098000000000000000e+03 1.647704999999999960e-03
5.104000000000000000e+03 1.656249999999999953e-03
5.109000000000000000e+03 1.666748000000000014e-03
5.115000000000000000e+03 1.641113999999999941e-03
5.121000000000000000e+03 1.645751999999999892e-03
5.127000000000000000e+03 1.640381000000000001e-03
5.133000000000000000e+03 1.664307000000000069e-03
5.139000000000000000e+03 1.650390999999999967e-03
5.144000000000000000e+03 1.662354000000000002e-03
5.150000000000000000e+03 1.659667999999999994e-03
5.156000000000000000e+03 1.642578999999999914e-03
5.162000000000000000e+03 1.626220999999999960e-03
5.168000000000000000e+03 1.637940000000000056e-03
5.173000000000000000e+03 1.657470999999999988e-03
5.179000000000000000e+03 1.665039000000000102e-03
5.185000000000000000e+03 1.654541000000000041e-03
5.191000000000000000e+03 1.638183999999999994e-03
5.197000000000000000e+03 1.655273999999999981e-03
5.202000000000000000e+03 1.656006000000000014e-03
5.208000000000000000e+03 1.681397000000000056e-03
5.214000000000000000e+03 1.669921999999999900e-03
5.220000000000000000e+03 1.660645000000000090e-03
5.226000000000000000e+03 1.643555000000000103e-03
5.232000000000000000e+03 1.638672000000000089e-03
5.237000000000000000e+03 1.666993000000000077e-03
5.243000000000000000e+03 1.658935999999999961e-03
5.249000000000000000e+03 1.665039000000000102e-03
5.255000000000000000e+03 1.669677999999999961e-03
5.261000000000000000e+03 1.676025999999999948e-03
5.266000000000000000e+03 1.677490999999999921e-03
5.272000000000000000e+03 1.645020000000000076e-03
5.278000000000000000e+03 1.647704999999999960e-03
5.284000000000000000e+03 1.669434000000000022e-03
5.290000000000000000e+03 1.661865000000000000e-03
5.296000000000000000e+03 1.649658999999999934e-03
5.301000000000000000e+03 1.670166000000000055e-03
5.307000000000000000e+03 1.650390999999999967e-03
5.313000000000000000e+03 1.624023999999999954e-03
5.319000000000000000e+03 1.682373000000000028e-03
5.325000000000000000e+03 1.683105999999999968e-03
5.330000000000000000e+03 1.643555000000000103e-03
5.336000000000000000e+03 1.655762000000000076e-03
5.342000000000000000e+03 1.641602000000000035e-03
5.348000000000000000e+03 1.653320999999999914e-03
5.354000000000000000e+03 1.664794999999999947e-03
5.359000000000000000e+03 1.648682000000000055e-03
5.365000000000000000e+03 1.662110000000000063e-03
5.371000000000000000e+03 1.647217000000000082e-03
5.377000000000000000e+03 1.662597999999999940e-03
5.383000000000000000e+03 1.665283000000000041e-03
5.389000000000000000e+03 1.664307000000000069e-03
5.394000000000000000e+03 1.648437999999999900e-03
5.400000000000000000e+03 1.664551000000000008e-03
5.406000000000000000e+03 1.665039000000000102e-03
5.412000000000000000e+03 1.647217000000000082e-03
5.418000000000000000e+03 1.663818999999999975e-03
5.423000000000000000e+03 1.654786000000000104e-03
5.429000000000000000e+03 1.643067000000000008e-03
5.435000000000000000e+03 1.665283000000000041e-03
5.441000000000000000e+03 1.645507999999999953e-03
5.447000000000000000e+03 1.662597999999999940e-03
5.452000000000000000e+03 1.652831999999999912e-03
5.458000000000000000e+03 1.665283000000000041e-03
5.464000000000000000e+03 1.660645000000000090e-03
5.470000000000000000e+03 1.649414000000000088e-03
5.476000000000000000e+03 1.674073000000000097e-03
5.482000000000000000e+03 1.670898999999999995e-03
5.487000000000000000e+03 1.671142999999999934e-03
5.493000000000000000e+03 1.635741999999999925e-03
5.499000000000000000e+03 1.626953999999999900e-03
5.505000000000000000e+03 1.656249999999999953e-03
5.511000000000000000e+03 1.678711000000000049e-03
5.516000000000000000e+03 1.691161999999999960e-03
5.522000000000000000e+03 1.659667999999999994e-03
5.528000000000000000e+03 1.684815000000000097e-03
5.534000000000000000e+03 1.671387000000000090e-03
5.540000000000000000e+03 1.638916000000000027e-03
5.545000000000000000e+03 1.648925999999999994e-03
5.551000000000000000e+03 1.651368000000000063e-03
5.557000000000000000e+03 1.681397000000000056e-03
5.563000000000000000e+03 1.616699000000000087e-03
5.569000000000000000e+03 1.656249999999999953e-03
5.575000000000000000e+03 1.652100000000000096e-03
5.580000000000000000e+03 1.682373000000000028e-03
5.586000000000000000e+03 1.644286999999999919e-03
5.592000000000000000e+03 1.651855999999999941e-03
5.598000000000000000e+03 1.659667999999999994e-03
5.604000000000000000e+03 1.672852000000000063e-03
5.609000000000000000e+03 1.672363999999999969e-03
5.615000000000000000e+03 1.641602000000000035e-03
5.621000000000000000e+03 1.666259999999999920e-03
5.627000000000000000e+03 1.675293000000000008e-03
5.633000000000000000e+03 1.647704999999999960e-03
5.638000000000000000e+03 1.674804999999999914e-03
5.644000000000000000e+03 1.671142999999999934e-03
5.650000000000000000e+03 1.681884999999999934e-03
5.656000000000000000e+03 1.645507999999999953e-03
5.662000000000000000e+03 1.649903000000000090e-03
5.668000000000000000e+03 1.665772000000000043e-03
5.673000000000000000e+03 1.649169999999999933e-03
5.679000000000000000e+03 1.646972999999999927e-03
5.685000000000000000e+03 1.648682000000000055e-03
5.691000000000000000e+03 1.669190000000000083e-03
5.697000000000000000e+03 1.668456999999999926e-03
5.702000000000000000e+03 1.670655000000000057e-03
5.708000000000000000e+03 1.690185999999999989e-03
5.714000000000000000e+03 1.662597999999999940e-03
5.720000000000000000e+03 1.657470999999999988e-03
5.726000000000000000e+03 1.659667999999999994e-03
5.732000000000000000e+03 1.652587999999999974e-03
5.737000000000000000e+03 1.667480999999999955e-03
5.743000000000000000e+03 1.661621000000000061e-03
5.749000000000000000e+03 1.676025999999999948e-03
5.755000000000000000e+03 1.643067000000000008e-03
5.761000000000000000e+03 1.662597999999999940e-03
5.766000000000000000e+03 1.677490999999999921e-03
5.772000000000000000e+03 1.658446999999999959e-03
5.778000000000000000e+03 1.648437999999999900e-03
5.784000000000000000e+03 1.653565000000000070e-03
5.790000000000000000e+03 1.649414000000000088e-03
5.795000000000000000e+03 1.642578999999999914e-03
5.801000000000000000e+03 1.644775999999999920e-03
5.807000000000000000e+03 1.667724999999999893e-03
5.813000000000000000e+03 1.652587999999999974e-03
5.819000000000000000e+03 1.672120000000000030e-03
5.825000000000000000e+03 1.649903000000000090e-03
5.830000000000000000e+03 1.661132999999999967e-03
5.836000000000000000e+03 1.664307000000000069e-03
5.842000000000000000e+03 1.657227000000000049e-03
5.848000000000000000e+03 1.673584000000000096e-03
5.854000000000000000e+03 1.643555000000000103e-03
5.859000000000000000e+03 1.649414000000000088e-03
5.865000000000000000e+03 1.664307000000000069e-03
5.871000000000000000e+03 1.657227000000000049e-03
5.877000000000000000e+03 1.645020000000000076e-03
5.883000000000000000e+03 1.668456999999999926e-03
5.888000000000000000e+03 1.654052999999999947e-03
5.894000000000000000e+03 1.679200000000000050e-03
5.900000000000000000e+03 1.637451999999999961e-03
5.906000000000000000e+03 1.668212999999999988e-03
5.912000000000000000e+03 1.652344000000000035e-03
5.918000000000000000e+03 1.652344000000000035e-03
5.923000000000000000e+03 1.674317000000000036e-03
5.929000000000000000e+03 1.686280000000000071e-03
5.935000000000000000e+03 1.641358000000000096e-03
5.941000000000000000e+03 1.653565000000000070e-03
5.947000000000000000e+03 1.685059000000000036e-03
5.952000000000000000e+03 1.665528000000000104e-03
5.958000000000000000e+03 1.659179999999999900e-03
5.964000000000000000e+03 1.678222999999999954e-03
5.970000000000000000e+03 1.657714999999999926e-03
5.976000000000000000e+03 1.662110000000000063e-03
5.981000000000000000e+03 1.655030000000000043e-03
5.987000000000000000e+03 1.665283000000000041e-03
5.993000000000000000e+03 1.656982999999999893e-03
5.999000000000000000e+03 1.674317000000000036e-03
6.000000000000000000e+03 1.687256000000000042e-03
