3.000000000000000000e+00 1.680908000000000055e-03
8.000000000000000000e+00 1.675782000000000009e-03
1.200000000000000000e+01 1.648682000000000055e-03
1.700000000000000000e+01 1.638183999999999994e-03
2.300000000000000000e+01 1.657959000000000082e-03
2.900000000000000000e+01 1.661865000000000000e-03
3.400000000000000000e+01 1.653809000000000008e-03
4.000000000000000000e+01 1.657470999999999988e-03
4.600000000000000000e+01 1.641113999999999941e-03
5.200000000000000000e+01 1.659424000000000055e-03
5.800000000000000000e+01 1.658203999999999928e-03
6.300000000000000000e+01 1.639161000000000090e-03
6.900000000000000000e+01 1.630127000000000095e-03
7.500000000000000000e+01 1.642823000000000070e-03
8.100000000000000000e+01 1.634033999999999921e-03
8.700000000000000000e+01 1.624999999999999925e-03
9.200000000000000000e+01 1.645996000000000048e-03
9.800000000000000000e+01 1.663086000000000035e-03
1.040000000000000000e+02 1.636230999999999927e-03
1.100000000000000000e+02 1.622071000000000103e-03
1.160000000000000000e+02 1.650879000000000062e-03
1.220000000000000000e+02 1.645020000000000076e-03
1.270000000000000000e+02 1.653076999999999975e-03
1.330000000000000000e+02 1.638916000000000027e-03
1.390000000000000000e+02 1.629882999999999939e-03
1.450000000000000000e+02 1.627441999999999995e-03
1.510000000000000000e+02 1.648682000000000055e-03
1.560000000000000000e+02 1.638916000000000027e-03
1.620000000000000000e+02 1.626953999999999900e-03
1.680000000000000000e+02 1.650879000000000062e-03
1.740000000000000000e+02 1.639161000000000090e-03
1.800000000000000000e+02 1.640870000000000002e-03
1.850000000000000000e+02 1.636475000000000082e-03
1.910000000000000000e+02 1.643555000000000103e-03
1.970000000000000000e+02 1.640381000000000001e-03
2.030000000000000000e+02 1.640870000000000002e-03
2.090000000000000000e+02 1.661621000000000061e-03
2.150000000000000000e+02 1.652587999999999974e-03
2.200000000000000000e+02 1.665039000000000102e-03
2.260000000000000000e+02 1.643067000000000008e-03
2.320000000000000000e+02 1.652100000000000096e-03
2.380000000000000000e+02 1.631347999999999913e-03
2.440000000000000000e+02 1.613281000000000047e-03
2.490000000000000000e+02 1.657227000000000049e-03
2.550000000000000000e+02 1.659911999999999933e-03
2.610000000000000000e+02 1.638427999999999933e-03
2.670000000000000000e+02 1.620605999999999913e-03
2.730000000000000000e+02 1.650147000000000029e-03
2.780000000000000000e+02 1.653565000000000070e-03
2.840000000000000000e+02 1.658446999999999959e-03
2.900000000000000000e+02 1.653076999999999975e-03
2.960000000000000000e+02 1.655517999999999920e-03
3.020000000000000000e+02 1.648925999999999994e-03
3.080000000000000000e+02 1.653320999999999914e-03
3.130000000000000000e+02 1.647704999999999960e-03
3.190000000000000000e+02 1.630371999999999941e-03
3.250000000000000000e+02 1.623047000000000075e-03
3.310000000000000000e+02 1.644531999999999982e-03
3.370000000000000000e+02 1.656249999999999953e-03
3.420000000000000000e+02 1.641602000000000035e-03
3.480000000000000000e+02 1.645020000000000076e-03
3.540000000000000000e+02 1.642334000000000068e-03
3.600000000000000000e+02 1.617675999999999966e-03
3.660000000000000000e+02 1.636719000000000021e-03
3.720000000000000000e+02 1.625733000000000083e-03
3.770000000000000000e+02 1.641358000000000096e-03
3.830000000000000000e+02 1.648925999999999994e-03
3.890000000000000000e+02 1.614989999999999959e-03
3.950000000000000000e+02 1.614746000000000020e-03
4.010000000000000000e+02 1.659667999999999994e-03
4.060000000000000000e+02 1.628417999999999966e-03
4.120000000000000000e+02 1.639161000000000090e-03
4.180000000000000000e+02 1.623534999999999952e-03
4.240000000000000000e+02 1.623047000000000075e-03
4.300000000000000000e+02 1.631836000000000007e-03
4.350000000000000000e+02 1.643310999999999947e-03
4.410000000000000000e+02 1.640624999999999939e-03
4.470000000000000000e+02 1.642578999999999914e-03
4.530000000000000000e+02 1.659179999999999900e-03
4.590000000000000000e+02 1.612060999999999919e-03
4.650000000000000000e+02 1.639405000000000029e-03
4.700000000000000000e+02 1.648682000000000055e-03
4.760000000000000000e+02 1.642578999999999914e-03
4.820000000000000000e+02 1.655273999999999981e-03
4.880000000000000000e+02 1.650147000000000029e-03
4.940000000000000000e+02 1.648682000000000055e-03
4.990000000000000000e+02 1.644531999999999982e-03
5.050000000000000000e+02 1.656982999999999893e-03
5.110000000000000000e+02 1.616210999999999993e-03
5.170000000000000000e+02 1.659179999999999900e-03
5.230000000000000000e+02 1.636719000000000021e-03
5.280000000000000000e+02 1.630127000000000095e-03
5.340000000000000000e+02 1.656006000000000014e-03
5.400000000000000000e+02 1.631592000000000068e-03
5.460000000000000000e+02 1.666015999999999981e-03
5.520000000000000000e+02 1.658446999999999959e-03
5.580000000000000000e+02 1.652100000000000096e-03
5.630000000000000000e+02 1.638916000000000027e-03
5.690000000000000000e+02 1.642089999999999913e-03
5.750000000000000000e+02 1.633789000000000075e-03
5.810000000000000000e+02 1.643799000000000041e-03
5.870000000000000000e+02 1.624512000000000048e-03
5.920000000000000000e+02 1.625977000000000021e-03
5.980000000000000000e+02 1.648682000000000055e-03
6.040000000000000000e+02 1.633544999999999919e-03
6.100000000000000000e+02 1.633057000000000042e-03
6.160000000000000000e+02 1.648925999999999994e-03
6.210000000000000000e+02 1.625244999999999988e-03
6.270000000000000000e+02 1.631592000000000068e-03
6.330000000000000000e+02 1.663575000000000036e-03
6.390000000000000000e+02 1.640137000000000062e-03
6.450000000000000000e+02 1.647948999999999898e-03
6.510000000000000000e+02 1.646240999999999894e-03
6.560000000000000000e+02 1.627198000000000056e-03
6.620000000000000000e+02 1.655273999999999981e-03
6.680000000000000000e+02 1.641358000000000096e-03
6.740000000000000000e+02 1.664794999999999947e-03
6.800000000000000000e+02 1.653076999999999975e-03
6.850000000000000000e+02 1.632568999999999947e-03
6.910000000000000000e+02 1.616454999999999932e-03
6.970000000000000000e+02 1.676514000000000042e-03
7.030000000000000000e+02 1.618164999999999968e-03
7.090000000000000000e+02 1.642089999999999913e-03
7.150000000000000000e+02 1.631836000000000007e-03
7.200000000000000000e+02 1.654052999999999947e-03
7.260000000000000000e+02 1.662354000000000002e-03
7.320000000000000000e+02 1.651855999999999941e-03
7.380000000000000000e+02 1.661865000000000000e-03
7.440000000000000000e+02 1.662354000000000002e-03
7.490000000000000000e+02 1.648925999999999994e-03
7.550000000000000000e+02 1.627198000000000056e-03
7.610000000000000000e+02 1.662842000000000096e-03
7.670000000000000000e+02 1.621826000000000040e-03
7.730000000000000000e+02 1.637451999999999961e-03
7.780000000000000000e+02 1.654786000000000104e-03
7.840000000000000000e+02 1.650879000000000062e-03
7.900000000000000000e+02 1.654541000000000041e-03
7.960000000000000000e+02 1.646485000000000049e-03
8.020000000000000000e+02 1.680663999999999899e-03
8.080000000000000000e+02 1.655273999999999981e-03
8.130000000000000000e+02 1.624999999999999925e-03
8.190000000000000000e+02 1.651123000000000000e-03
8.250000000000000000e+02 1.661621000000000061e-03
8.310000000000000000e+02 1.636719000000000021e-03
8.370000000000000000e+02 1.642823000000000070e-03
8.420000000000000000e+02 1.638916000000000027e-03
8.480000000000000000e+02 1.653076999999999975e-03
8.540000000000000000e+02 1.657470999999999988e-03
8.600000000000000000e+02 1.657470999999999988e-03
8.660000000000000000e+02 1.630127000000000095e-03
8.710000000000000000e+02 1.640624999999999939e-03
8.770000000000000000e+02 1.632079999999999946e-03
8.830000000000000000e+02 1.662354000000000002e-03
8.890000000000000000e+02 1.640624999999999939e-03
8.950000000000000000e+02 1.644042999999999980e-03
9.010000000000000000e+02 1.649169999999999933e-03
9.060000000000000000e+02 1.638183999999999994e-03
9.120000000000000000e+02 1.646972999999999927e-03
9.180000000000000000e+02 1.651612000000000002e-03
9.240000000000000000e+02 1.644042999999999980e-03
9.300000000000000000e+02 1.624755999999999987e-03
9.350000000000000000e+02 1.635741999999999925e-03
9.410000000000000000e+02 1.631103999999999974e-03
9.470000000000000000e+02 1.632568999999999947e-03
9.530000000000000000e+02 1.664794999999999947e-03
9.590000000000000000e+02 1.636475000000000082e-03
9.640000000000000000e+02 1.625488999999999927e-03
9.700000000000000000e+02 1.665528000000000104e-03
9.760000000000000000e+02 1.631592000000000068e-03
9.820000000000000000e+02 1.654052999999999947e-03
9.880000000000000000e+02 1.653076999999999975e-03
9.940000000000000000e+02 1.637940000000000056e-03
9.990000000000000000e+02 1.633057000000000042e-03
1.005000000000000000e+03 1.625977000000000021e-03
1.011000000000000000e+03 1.616943999999999933e-03
1.017000000000000000e+03 1.673584000000000096e-03
1.023000000000000000e+03 1.667969000000000049e-03
1.028000000000000000e+03 1.636962999999999960e-03
1.034000000000000000e+03 1.669190000000000083e-03
1.040000000000000000e+03 1.640381000000000001e-03
1.046000000000000000e+03 1.643799000000000041e-03
1.052000000000000000e+03 1.655517999999999920e-03
1.058000000000000000e+03 1.627198000000000056e-03
1.063000000000000000e+03 1.656006000000000014e-03
1.069000000000000000e+03 1.641845999999999974e-03
1.075000000000000000e+03 1.653076999999999975e-03
1.081000000000000000e+03 1.648437999999999900e-03
1.087000000000000000e+03 1.664794999999999947e-03
1.092000000000000000e+03 1.660156000000000088e-03
1.098000000000000000e+03 1.628417999999999966e-03
1.104000000000000000e+03 1.672852000000000063e-03
1.110000000000000000e+03 1.672607999999999907e-03
1.116000000000000000e+03 1.648193999999999961e-03
1.121000000000000000e+03 1.642823000000000070e-03
1.127000000000000000e+03 1.670898999999999995e-03
1.133000000000000000e+03 1.652587999999999974e-03
1.139000000000000000e+03 1.651123000000000000e-03
1.145000000000000000e+03 1.643555000000000103e-03
1.151000000000000000e+03 1.668701000000000082e-03
1.156000000000000000e+03 1.674804999999999914e-03
1.162000000000000000e+03 1.642334000000000068e-03
1.168000000000000000e+03 1.656249999999999953e-03
1.174000000000000000e+03 1.659179999999999900e-03
1.180000000000000000e+03 1.666504000000000076e-03
1.185000000000000000e+03 1.673584000000000096e-03
1.191000000000000000e+03 1.665528000000000104e-03
1.197000000000000000e+03 1.652344000000000035e-03
1.203000000000000000e+03 1.672607999999999907e-03
1.209000000000000000e+03 1.691894999999999901e-03
1.214000000000000000e+03 1.671874999999999967e-03
1.220000000000000000e+03 1.642334000000000068e-03
1.226000000000000000e+03 1.668456999999999926e-03
1.232000000000000000e+03 1.673584000000000096e-03
1.238000000000000000e+03 1.704346000000000029e-03
1.244000000000000000e+03 1.665528000000000104e-03
1.249000000000000000e+03 1.681152999999999901e-03
1.255000000000000000e+03 1.697998000000000042e-03
1.261000000000000000e+03 1.681884999999999934e-03
1.267000000000000000e+03 1.661621000000000061e-03
1.273000000000000000e+03 1.686280000000000071e-03
1.278000000000000000e+03 1.663818999999999975e-03
1.284000000000000000e+03 1.676270000000000104e-03
1.290000000000000000e+03 1.693115000000000028e-03
1.296000000000000000e+03 1.697754000000000103e-03
1.302000000000000000e+03 1.686767999999999948e-03
1.307000000000000000e+03 1.677979000000000016e-03
1.313000000000000000e+03 1.662842000000000096e-03
1.319000000000000000e+03 1.669677999999999961e-03
1.325000000000000000e+03 1.656006000000000014e-03
1.331000000000000000e+03 1.680419999999999961e-03
1.337000000000000000e+03 1.669434000000000022e-03
1.342000000000000000e+03 1.660889000000000029e-03
1.348000000000000000e+03 1.696533999999999976e-03
1.354000000000000000e+03 1.680419999999999961e-03
1.360000000000000000e+03 1.657227000000000049e-03
1.366000000000000000e+03 1.675536999999999947e-03
1.371000000000000000e+03 1.674804999999999914e-03
1.377000000000000000e+03 1.673584000000000096e-03
1.383000000000000000e+03 1.665039000000000102e-03
1.389000000000000000e+03 1.664551000000000008e-03
1.395000000000000000e+03 1.687988999999999983e-03
1.401000000000000000e+03 1.725586000000000090e-03
1.406000000000000000e+03 1.692871000000000089e-03
1.412000000000000000e+03 1.857177999999999910e-03
1.418000000000000000e+03 1.879395000000000067e-03
1.424000000000000000e+03 1.784912000000000044e-03
1.430000000000000000e+03 1.978028000000000165e-03
1.435000000000000000e+03 1.795411000000000012e-03
1.441000000000000000e+03 1.829345999999999924e-03
1.447000000000000000e+03 1.895020000000000081e-03
1.453000000000000000e+03 1.837890999999999917e-03
1.459000000000000000e+03 1.891602000000000040e-03
1.464000000000000000e+03 1.953125000000000000e-03
1.470000000000000000e+03 1.989502000000000197e-03
1.476000000000000000e+03 1.985840000000000001e-03
1.482000000000000000e+03 2.031006000000000131e-03
1.488000000000000000e+03 2.059814999999999997e-03
1.494000000000000000e+03 2.143555000000000113e-03
1.499000000000000000e+03 2.133789999999999992e-03
1.505000000000000000e+03 2.060546999999999813e-03
1.511000000000000000e+03 2.041503999999999975e-03
1.517000000000000000e+03 1.990722999999999798e-03
1.523000000000000000e+03 1.996827000000000064e-03
1.528000000000000000e+03 2.137207999999999816e-03
1.534000000000000000e+03 2.085937999999999855e-03
1.540000000000000000e+03 2.189453999999999966e-03
1.546000000000000000e+03 2.133789999999999992e-03
1.552000000000000000e+03 2.149415000000000006e-03
1.557000000000000000e+03 2.173095999999999795e-03
1.563000000000000000e+03 2.154052999999999957e-03
1.569000000000000000e+03 2.132812999999999896e-03
1.575000000000000000e+03 2.258300999999999885e-03
1.581000000000000000e+03 2.251220999999999865e-03
1.587000000000000000e+03 2.216553000000000013e-03
1.592000000000000000e+03 2.227294999999999796e-03
1.598000000000000000e+03 2.240479000000000082e-03
1.604000000000000000e+03 2.314454000000000077e-03
1.610000000000000000e+03 2.237060999999999824e-03
1.616000000000000000e+03 2.257813000000000007e-03
1.621000000000000000e+03 2.430907999999999854e-03
1.627000000000000000e+03 2.169190000000000094e-03
1.633000000000000000e+03 2.227540000000000076e-03
1.639000000000000000e+03 2.245361999999999879e-03
1.645000000000000000e+03 2.160399999999999820e-03
1.650000000000000000e+03 2.244873000000000094e-03
1.656000000000000000e+03 2.271240999999999798e-03
1.662000000000000000e+03 2.300781999999999914e-03
1.668000000000000000e+03 2.384522000000000030e-03
1.674000000000000000e+03 2.382080999999999869e-03
1.680000000000000000e+03 2.435547000000000146e-03
1.685000000000000000e+03 2.527343999999999945e-03
1.691000000000000000e+03 2.355468999999999792e-03
1.697000000000000000e+03 2.423339999999999956e-03
1.703000000000000000e+03 2.479491999999999807e-03
1.709000000000000000e+03 2.378173999999999826e-03
1.714000000000000000e+03 2.520996000000000174e-03
1.720000000000000000e+03 2.569824999999999974e-03
1.726000000000000000e+03 2.532715000000000053e-03
1.732000000000000000e+03 2.532471000000000114e-03
1.738000000000000000e+03 2.579834000000000033e-03
1.744000000000000000e+03 2.559083000000000191e-03
1.749000000000000000e+03 2.613526000000000130e-03
1.755000000000000000e+03 2.548096000000000128e-03
1.761000000000000000e+03 2.514160000000000093e-03
1.767000000000000000e+03 2.558350000000000034e-03
1.773000000000000000e+03 2.567138999999999966e-03
1.778000000000000000e+03 2.603516000000000163e-03
1.784000000000000000e+03 2.589112000000000184e-03
1.790000000000000000e+03 2.522705000000000086e-03
1.796000000000000000e+03 2.597901000000000116e-03
1.802000000000000000e+03 2.722900999999999794e-03
1.807000000000000000e+03 2.698975000000000159e-03
1.813000000000000000e+03 2.764160999999999788e-03
1.819000000000000000e+03 2.667481000000000192e-03
1.825000000000000000e+03 2.652587999999999994e-03
1.831000000000000000e+03 2.718017999999999997e-03
1.837000000000000000e+03 2.635986999999999792e-03
1.842000000000000000e+03 2.663818999999999996e-03
1.848000000000000000e+03 2.851807000000000040e-03
1.854000000000000000e+03 2.739501999999999996e-03
1.860000000000000000e+03 2.851074999999999790e-03
1.866000000000000000e+03 2.943603999999999839e-03
1.871000000000000000e+03 2.911621999999999995e-03
1.877000000000000000e+03 2.980958000000000132e-03
1.883000000000000000e+03 2.848877000000000093e-03
1.889000000000000000e+03 2.828612999999999787e-03
1.895000000000000000e+03 2.895019999999999885e-03
1.900000000000000000e+03 2.772216999999999997e-03
1.906000000000000000e+03 2.810547000000000045e-03
1.912000000000000000e+03 2.918458000000000076e-03
1.918000000000000000e+03 2.896973000000000169e-03
1.924000000000000000e+03 2.958740999999999975e-03
1.930000000000000000e+03 2.917480999999999981e-03
1.935000000000000000e+03 2.918945999999999954e-03
1.941000000000000000e+03 3.062501000000000025e-03
1.947000000000000000e+03 3.072022000000000207e-03
1.953000000000000000e+03 3.031250000000000090e-03
1.959000000000000000e+03 3.156738999999999986e-03
1.964000000000000000e+03 3.017090999999999957e-03
1.970000000000000000e+03 3.020507999999999874e-03
1.976000000000000000e+03 3.152100000000000127e-03
1.982000000000000000e+03 3.040527999999999807e-03
1.988000000000000000e+03 3.207031999999999852e-03
1.993000000000000000e+03 3.123536000000000108e-03
1.999000000000000000e+03 3.185059000000000067e-03
2.005000000000000000e+03 3.348878000000000011e-03
2.011000000000000000e+03 3.207031999999999852e-03
2.017000000000000000e+03 3.292480999999999880e-03
2.023000000000000000e+03 3.359374999999999948e-03
2.028000000000000000e+03 3.259278000000000002e-03
2.034000000000000000e+03 3.196777999999999946e-03
2.040000000000000000e+03 3.340576999999999956e-03
2.046000000000000000e+03 3.201171999999999958e-03
2.052000000000000000e+03 3.255860000000000178e-03
2.057000000000000000e+03 3.346925000000000160e-03
2.063000000000000000e+03 3.379150999999999943e-03
2.069000000000000000e+03 3.423339999999999977e-03
2.075000000000000000e+03 3.353759999999999901e-03
2.081000000000000000e+03 3.260986999999999914e-03
2.087000000000000000e+03 3.460938000000000209e-03
2.092000000000000000e+03 3.435792000000000013e-03
2.098000000000000000e+03 3.477783999999999823e-03
2.104000000000000000e+03 3.532472000000000042e-03
2.110000000000000000e+03 3.402345000000000196e-03
2.116000000000000000e+03 3.565674000000000014e-03
2.121000000000000000e+03 3.628418000000000008e-03
2.127000000000000000e+03 3.574463999999999853e-03
2.133000000000000000e+03 3.706055000000000200e-03
2.139000000000000000e+03 3.655517999999999962e-03
2.145000000000000000e+03 3.607421999999999886e-03
2.150000000000000000e+03 3.722900999999999815e-03
2.156000000000000000e+03 3.647460999999999846e-03
2.162000000000000000e+03 3.656250000000000212e-03
2.168000000000000000e+03 3.703370000000000099e-03
2.174000000000000000e+03 3.622802999999999961e-03
2.180000000000000000e+03 3.840576999999999967e-03
2.185000000000000000e+03 3.787842000000000032e-03
2.191000000000000000e+03 3.770509000000000013e-03
2.197000000000000000e+03 3.890381000000000047e-03
2.203000000000000000e+03 3.881593000000000022e-03
2.209000000000000000e+03 3.842774000000000190e-03
2.214000000000000000e+03 3.901368000000000110e-03
2.220000000000000000e+03 3.768799000000000194e-03
2.226000000000000000e+03 3.853515999999999973e-03
2.232000000000000000e+03 3.890625999999999893e-03
2.238000000000000000e+03 3.849609999999999838e-03
2.243000000000000000e+03 3.850098000000000149e-03
2.249000000000000000e+03 3.880859999999999865e-03
2.255000000000000000e+03 3.904298000000000057e-03
2.261000000000000000e+03 4.046143000000000309e-03
2.267000000000000000e+03 4.003419000000000248e-03
2.273000000000000000e+03 4.070802000000000101e-03
2.278000000000000000e+03 4.066651000000000120e-03
2.284000000000000000e+03 3.937256000000000089e-03
2.290000000000000000e+03 4.056152999999999842e-03
2.296000000000000000e+03 4.157959999999999608e-03
2.302000000000000000e+03 4.103271999999999822e-03
2.307000000000000000e+03 4.229247999999999688e-03
2.313000000000000000e+03 4.282227000000000429e-03
2.319000000000000000e+03 4.297119999999999759e-03
2.325000000000000000e+03 4.296142999999999663e-03
2.331000000000000000e+03 4.269776000000000300e-03
2.336000000000000000e+03 4.345703999999999713e-03
2.342000000000000000e+03 4.332276000000000356e-03
2.348000000000000000e+03 4.263916000000000407e-03
2.354000000000000000e+03 4.324708000000000024e-03
2.360000000000000000e+03 4.404540999999999665e-03
2.366000000000000000e+03 4.394287999999999667e-03
2.371000000000000000e+03 4.444825000000000338e-03
2.377000000000000000e+03 4.497314999999999993e-03
2.383000000000000000e+03 4.350098999999999633e-03
2.389000000000000000e+03 4.471435999999999640e-03
2.395000000000000000e+03 4.412598999999999688e-03
2.400000000000000000e+03 4.337892000000000310e-03
2.406000000000000000e+03 4.406250999999999918e-03
2.412000000000000000e+03 4.354980999999999956e-03
2.418000000000000000e+03 4.428223000000000228e-03
2.424000000000000000e+03 4.445069000000000277e-03
2.430000000000000000e+03 4.392334999999999816e-03
2.435000000000000000e+03 4.407959000000000356e-03
2.441000000000000000e+03 4.434814999999999938e-03
2.447000000000000000e+03 4.429200000000000324e-03
2.453000000000000000e+03 4.539063000000000299e-03
2.459000000000000000e+03 4.437499999999999604e-03
2.464000000000000000e+03 4.424316999999999660e-03
2.470000000000000000e+03 4.500488999999999878e-03
2.476000000000000000e+03 4.403320999999999971e-03
2.482000000000000000e+03 4.392090999999999877e-03
2.488000000000000000e+03 4.436279999999999911e-03
2.493000000000000000e+03 4.366700000000000269e-03
2.499000000000000000e+03 4.477051999999999594e-03
2.505000000000000000e+03 4.442627999999999681e-03
2.511000000000000000e+03 4.423096999999999966e-03
2.517000000000000000e+03 4.500244999999999940e-03
2.523000000000000000e+03 4.372804000000000101e-03
2.528000000000000000e+03 4.299561000000000355e-03
2.534000000000000000e+03 4.345459999999999774e-03
2.540000000000000000e+03 4.146972999999999979e-03
2.546000000000000000e+03 4.047120000000000405e-03
2.552000000000000000e+03 4.144532000000000251e-03
2.557000000000000000e+03 4.066407000000000181e-03
2.563000000000000000e+03 4.074951999999999741e-03
2.569000000000000000e+03 4.034913000000000215e-03
2.575000000000000000e+03 3.986085000000000322e-03
2.581000000000000000e+03 4.072021999999999795e-03
2.586000000000000000e+03 4.052735000000000018e-03
2.592000000000000000e+03 4.008302000000000045e-03
2.598000000000000000e+03 4.089601000000000000e-03
2.604000000000000000e+03 3.997559000000000355e-03
2.610000000000000000e+03 3.994384999999999603e-03
2.616000000000000000e+03 4.149902999999999925e-03
2.621000000000000000e+03 4.118652999999999897e-03
2.627000000000000000e+03 4.067872000000000154e-03
2.633000000000000000e+03 4.106445999999999708e-03
2.639000000000000000e+03 4.151367999999999898e-03
2.645000000000000000e+03 4.178712000000000225e-03
2.650000000000000000e+03 4.168945999999999763e-03
2.656000000000000000e+03 4.219971999999999786e-03
2.662000000000000000e+03 4.308351000000000194e-03
2.668000000000000000e+03 4.107666000000000268e-03
2.674000000000000000e+03 4.254395000000000225e-03
2.679000000000000000e+03 4.204102000000000360e-03
2.685000000000000000e+03 4.221924999999999636e-03
2.691000000000000000e+03 4.270508999999999590e-03
2.697000000000000000e+03 4.344238999999999740e-03
2.703000000000000000e+03 4.340820999999999916e-03
2.709000000000000000e+03 4.316162999999999597e-03
2.714000000000000000e+03 4.239258000000000089e-03
2.720000000000000000e+03 4.181886000000000110e-03
2.726000000000000000e+03 4.285889000000000192e-03
2.732000000000000000e+03 4.293456999999999656e-03
2.738000000000000000e+03 4.236573000000000422e-03
2.743000000000000000e+03 4.342773999999999766e-03
2.749000000000000000e+03 4.270264999999999651e-03
2.755000000000000000e+03 4.311279999999999800e-03
2.761000000000000000e+03 4.406494999999999856e-03
2.767000000000000000e+03 4.361328999999999727e-03
2.773000000000000000e+03 4.481935000000000259e-03
2.778000000000000000e+03 4.354980999999999956e-03
2.784000000000000000e+03 4.338136000000000249e-03
2.790000000000000000e+03 4.383544999999999976e-03
2.796000000000000000e+03 4.314942000000000430e-03
2.802000000000000000e+03 4.226563000000000021e-03
2.807000000000000000e+03 4.422853000000000027e-03
2.813000000000000000e+03 4.390381999999999965e-03
2.819000000000000000e+03 4.426758000000000255e-03
2.825000000000000000e+03 4.530029999999999994e-03
2.831000000000000000e+03 4.475831000000000427e-03
2.836000000000000000e+03 4.630859999999999664e-03
2.842000000000000000e+03 4.499267999999999844e-03
2.848000000000000000e+03 4.474365999999999587e-03
2.854000000000000000e+03 4.618897000000000280e-03
2.860000000000000000e+03 4.475831000000000427e-03
2.866000000000000000e+03 4.443360000000000365e-03
2.871000000000000000e+03 4.592773999999999988e-03
2.877000000000000000e+03 4.514648999999999919e-03
2.883000000000000000e+03 4.363037999999999639e-03
2.889000000000000000e+03 4.391113000000000308e-03
2.895000000000000000e+03 4.559815000000000049e-03
2.900000000000000000e+03 4.674562000000000161e-03
2.906000000000000000e+03 4.620362000000000254e-03
2.912000000000000000e+03 4.583740999999999684e-03
2.918000000000000000e+03 4.589844000000000042e-03
2.924000000000000000e+03 4.477540000000000339e-03
2.929000000000000000e+03 4.588380000000000410e-03
2.935000000000000000e+03 4.591796999999999893e-03
2.941000000000000000e+03 4.579591000000000044e-03
2.947000000000000000e+03 4.538819000000000360e-03
2.953000000000000000e+03 4.634278000000000355e-03
2.959000000000000000e+03 4.714600999999999688e-03
2.964000000000000000e+03 4.677734999999999706e-03
2.970000000000000000e+03 4.662598999999999910e-03
2.976000000000000000e+03 4.526612000000000170e-03
2.982000000000000000e+03 4.621338000000000008e-03
2.988000000000000000e+03 4.530029999999999994e-03
2.993000000000000000e+03 4.561036000000000083e-03
2.999000000000000000e+03 4.593995000000000023e-03
3.005000000000000000e+03 4.437988999999999823e-03
3.011000000000000000e+03 4.611083999999999669e-03
3.017000000000000000e+03 4.661377999999999876e-03
3.022000000000000000e+03 4.543946000000000096e-03
3.028000000000000000e+03 4.562255999999999777e-03
3.034000000000000000e+03 4.630859999999999664e-03
3.040000000000000000e+03 4.527833000000000205e-03
3.046000000000000000e+03 4.645019999999999705e-03
3.052000000000000000e+03 4.530761999999999810e-03
3.057000000000000000e+03 4.537842999999999738e-03
3.063000000000000000e+03 4.658935999999999807e-03
3.069000000000000000e+03 4.497314999999999993e-03
3.075000000000000000e+03 4.604493000000000301e-03
3.081000000000000000e+03 4.600098999999999855e-03
3.086000000000000000e+03 4.491455999999999574e-03
3.092000000000000000e+03 4.563232999999999873e-03
3.098000000000000000e+03 4.383057999999999572e-03
3.104000000000000000e+03 4.430421000000000359e-03
3.110000000000000000e+03 4.559083000000000233e-03
3.116000000000000000e+03 4.444825000000000338e-03
3.121000000000000000e+03 4.482177999999999857e-03
3.127000000000000000e+03 4.604981000000000178e-03
3.133000000000000000e+03 4.458008000000000283e-03
3.139000000000000000e+03 4.410645000000000364e-03
3.145000000000000000e+03 4.571045999999999616e-03
3.150000000000000000e+03 4.462647000000000141e-03
3.156000000000000000e+03 4.645263999999999643e-03
3.162000000000000000e+03 4.480958000000000163e-03
3.168000000000000000e+03 4.513183999999999946e-03
3.174000000000000000e+03 4.636720000000000425e-03
3.179000000000000000e+03 4.529786000000000055e-03
3.185000000000000000e+03 4.523682999999999697e-03
3.191000000000000000e+03 4.618409000000000403e-03
3.197000000000000000e+03 4.483888000000000110e-03
3.203000000000000000e+03 4.565673999999999601e-03
3.209000000000000000e+03 4.636475999999999618e-03
3.214000000000000000e+03 4.624024000000000016e-03
3.220000000000000000e+03 4.732911000000000236e-03
3.226000000000000000e+03 4.479249000000000251e-03
3.232000000000000000e+03 4.487061999999999995e-03
3.238000000000000000e+03 4.562501000000000057e-03
3.243000000000000000e+03 4.402833000000000094e-03
3.249000000000000000e+03 4.351075000000000255e-03
3.255000000000000000e+03 4.521729000000000373e-03
3.261000000000000000e+03 4.446534000000000250e-03
3.267000000000000000e+03 4.464599999999999992e-03
3.272000000000000000e+03 4.457520000000000406e-03
3.278000000000000000e+03 4.326904999999999814e-03
3.284000000000000000e+03 4.429200000000000324e-03
3.290000000000000000e+03 4.392822999999999693e-03
3.296000000000000000e+03 4.318604000000000193e-03
3.302000000000000000e+03 4.367188000000000146e-03
3.307000000000000000e+03 4.272460999999999967e-03
3.313000000000000000e+03 4.354980999999999956e-03
3.319000000000000000e+03 4.454589999999999592e-03
3.325000000000000000e+03 4.360595999999999570e-03
3.331000000000000000e+03 4.321534000000000139e-03
3.336000000000000000e+03 4.383057999999999572e-03
3.342000000000000000e+03 4.409424999999999803e-03
3.348000000000000000e+03 4.487305999999999934e-03
3.354000000000000000e+03 4.370118000000000093e-03
3.360000000000000000e+03 4.263183999999999724e-03
3.365000000000000000e+03 4.322999000000000112e-03
3.371000000000000000e+03 4.311769000000000018e-03
3.377000000000000000e+03 4.182130000000000049e-03
3.383000000000000000e+03 4.250244999999999718e-03
3.389000000000000000e+03 4.180665000000000076e-03
3.395000000000000000e+03 4.239503000000000368e-03
3.400000000000000000e+03 4.375488999999999767e-03
3.406000000000000000e+03 4.308595000000000133e-03
3.412000000000000000e+03 4.240235000000000185e-03
3.418000000000000000e+03 4.020997000000000113e-03
3.424000000000000000e+03 4.138428000000000419e-03
3.429000000000000000e+03 4.298096999999999855e-03
3.435000000000000000e+03 4.182130000000000049e-03
3.441000000000000000e+03 4.145753000000000285e-03
3.447000000000000000e+03 4.171875999999999710e-03
3.453000000000000000e+03 3.928712000000000003e-03
3.459000000000000000e+03 3.935059000000000300e-03
3.464000000000000000e+03 4.058838000000000376e-03
3.470000000000000000e+03 4.035157000000000153e-03
3.476000000000000000e+03 4.067872000000000154e-03
3.482000000000000000e+03 3.989991000000000024e-03
3.488000000000000000e+03 4.032471000000000146e-03
3.493000000000000000e+03 4.114747000000000196e-03
3.499000000000000000e+03 3.976562999999999799e-03
3.505000000000000000e+03 4.038818999999999916e-03
3.511000000000000000e+03 4.036134000000000249e-03
3.517000000000000000e+03 4.015625000000000097e-03
3.522000000000000000e+03 4.047852000000000221e-03
3.528000000000000000e+03 4.043945999999999652e-03
3.534000000000000000e+03 3.989503000000000146e-03
3.540000000000000000e+03 4.024658999999999875e-03
3.546000000000000000e+03 3.920655000000000320e-03
3.552000000000000000e+03 3.815675000000000143e-03
3.557000000000000000e+03 3.917236999999999629e-03
3.563000000000000000e+03 3.866944000000000197e-03
3.569000000000000000e+03 3.864990999999999913e-03
3.575000000000000000e+03 3.914551999999999962e-03
3.581000000000000000e+03 3.786377999999999966e-03
3.586000000000000000e+03 3.896240999999999940e-03
3.592000000000000000e+03 4.002198000000000214e-03
3.598000000000000000e+03 3.897705999999999914e-03
3.604000000000000000e+03 3.875000999999999880e-03
3.610000000000000000e+03 3.749511999999999984e-03
3.615000000000000000e+03 3.744384999999999814e-03
3.621000000000000000e+03 3.873291000000000060e-03
3.627000000000000000e+03 3.845704000000000136e-03
3.633000000000000000e+03 3.731934000000000119e-03
3.639000000000000000e+03 3.706543999999999985e-03
3.645000000000000000e+03 3.750733000000000018e-03
3.650000000000000000e+03 3.741944000000000086e-03
3.656000000000000000e+03 3.800781999999999945e-03
3.662000000000000000e+03 3.613037999999999840e-03
3.668000000000000000e+03 3.665527999999999929e-03
3.674000000000000000e+03 3.622559000000000022e-03
3.679000000000000000e+03 3.623046999999999900e-03
3.685000000000000000e+03 3.708008000000000050e-03
3.691000000000000000e+03 3.502930000000000019e-03
3.697000000000000000e+03 3.489991000000000013e-03
3.703000000000000000e+03 3.615235000000000063e-03
3.708000000000000000e+03 3.525391000000000115e-03
3.714000000000000000e+03 3.491699999999999925e-03
3.720000000000000000e+03 3.478028000000000196e-03
3.726000000000000000e+03 3.369384999999999915e-03
3.732000000000000000e+03 3.399170999999999877e-03
3.738000000000000000e+03 3.180665000000000055e-03
3.743000000000000000e+03 3.049072999999999801e-03
3.749000000000000000e+03 3.071777999999999835e-03
3.755000000000000000e+03 2.897461999999999954e-03
3.761000000000000000e+03 2.888428000000000176e-03
3.767000000000000000e+03 2.990234999999999942e-03
3.772000000000000000e+03 2.817383000000000127e-03
3.778000000000000000e+03 2.791992000000000085e-03
3.784000000000000000e+03 2.862548999999999823e-03
3.790000000000000000e+03 2.733886999999999949e-03
3.796000000000000000e+03 2.837403000000000061e-03
3.802000000000000000e+03 2.662841999999999900e-03
3.807000000000000000e+03 2.606690000000000049e-03
3.813000000000000000e+03 2.688720999999999819e-03
3.819000000000000000e+03 2.642090000000000150e-03
3.825000000000000000e+03 2.616456000000000077e-03
3.831000000000000000e+03 2.663085999999999839e-03
3.836000000000000000e+03 2.614501999999999885e-03
3.842000000000000000e+03 2.652344000000000056e-03
3.848000000000000000e+03 2.726319000000000051e-03
3.854000000000000000e+03 2.590331999999999878e-03
3.860000000000000000e+03 2.680665000000000044e-03
3.865000000000000000e+03 2.653565000000000090e-03
3.871000000000000000e+03 2.617431999999999832e-03
3.877000000000000000e+03 2.521728999999999898e-03
3.883000000000000000e+03 2.375977000000000037e-03
3.889000000000000000e+03 2.409179999999999915e-03
3.895000000000000000e+03 2.508057000000000168e-03
3.900000000000000000e+03 2.404784999999999996e-03
3.906000000000000000e+03 2.402832000000000145e-03
3.912000000000000000e+03 2.356934000000000199e-03
3.918000000000000000e+03 2.257813000000000007e-03
3.924000000000000000e+03 2.293700999999999986e-03
3.929000000000000000e+03 2.188232999999999932e-03
3.935000000000000000e+03 2.201171999999999938e-03
3.941000000000000000e+03 2.139405000000000039e-03
3.947000000000000000e+03 2.003906000000000177e-03
3.953000000000000000e+03 1.926514000000000048e-03
3.958000000000000000e+03 2.009522000000000131e-03
3.964000000000000000e+03 1.948730999999999988e-03
3.970000000000000000e+03 2.014404999999999928e-03
3.976000000000000000e+03 2.018067000000000125e-03
3.982000000000000000e+03 1.948242999999999893e-03
3.988000000000000000e+03 2.004394999999999961e-03
3.993000000000000000e+03 1.996337999999999845e-03
3.999000000000000000e+03 1.958007999999999797e-03
4.005000000000000000e+03 1.945312999999999947e-03
4.011000000000000000e+03 1.890381000000000006e-03
4.017000000000000000e+03 1.813476999999999971e-03
4.022000000000000000e+03 1.830321999999999895e-03
4.028000000000000000e+03 1.822997999999999936e-03
4.034000000000000000e+03 1.904541000000000046e-03
4.040000000000000000e+03 2.029786000000000003e-03
4.046000000000000000e+03 1.964843999999999879e-03
4.051000000000000000e+03 2.004638999999999900e-03
4.057000000000000000e+03 1.947266000000000014e-03
4.063000000000000000e+03 1.959228999999999832e-03
4.069000000000000000e+03 2.011718999999999920e-03
4.075000000000000000e+03 1.927490000000000019e-03
4.081000000000000000e+03 1.959228999999999832e-03
4.086000000000000000e+03 1.894042999999999985e-03
4.092000000000000000e+03 1.737793000000000063e-03
4.098000000000000000e+03 1.763184000000000105e-03
4.104000000000000000e+03 1.809814999999999991e-03
4.110000000000000000e+03 1.751953000000000104e-03
4.115000000000000000e+03 1.753907000000000079e-03
4.121000000000000000e+03 1.758545000000000030e-03
4.127000000000000000e+03 1.832276000000000087e-03
4.133000000000000000e+03 1.864502000000000086e-03
4.139000000000000000e+03 1.735107999999999963e-03
4.145000000000000000e+03 1.758788999999999969e-03
4.150000000000000000e+03 1.840821000000000080e-03
4.156000000000000000e+03 1.726319000000000031e-03
4.162000000000000000e+03 1.716553000000000002e-03
4.168000000000000000e+03 1.763915999999999921e-03
4.174000000000000000e+03 1.711669999999999988e-03
4.179000000000000000e+03 1.790282999999999935e-03
4.185000000000000000e+03 1.819581000000000020e-03
4.191000000000000000e+03 1.751465000000000010e-03
4.197000000000000000e+03 1.747314999999999936e-03
4.203000000000000000e+03 1.770508000000000064e-03
4.208000000000000000e+03 1.794189999999999978e-03
4.214000000000000000e+03 1.817383000000000106e-03
4.220000000000000000e+03 1.742920000000000016e-03
4.226000000000000000e+03 1.687499999999999981e-03
4.232000000000000000e+03 1.735839999999999996e-03
4.238000000000000000e+03 1.746093999999999901e-03
4.243000000000000000e+03 1.823975000000000032e-03
4.249000000000000000e+03 1.821045000000000086e-03
4.255000000000000000e+03 1.711181999999999894e-03
4.261000000000000000e+03 1.760498000000000098e-03
4.267000000000000000e+03 1.710694000000000017e-03
4.272000000000000000e+03 1.700439999999999894e-03
4.278000000000000000e+03 1.744628999999999928e-03
4.284000000000000000e+03 1.712402999999999929e-03
4.290000000000000000e+03 1.727538999999999941e-03
4.296000000000000000e+03 1.841065000000000019e-03
4.301000000000000000e+03 1.777588000000000085e-03
4.307000000000000000e+03 1.808350000000000018e-03
4.313000000000000000e+03 1.872558999999999986e-03
4.319000000000000000e+03 1.861328999999999892e-03
4.325000000000000000e+03 1.899903000000000095e-03
4.331000000000000000e+03 1.782226999999999943e-03
4.336000000000000000e+03 1.836670000000000099e-03
4.342000000000000000e+03 1.910157000000000001e-03
4.348000000000000000e+03 1.795654999999999951e-03
4.354000000000000000e+03 1.772216999999999976e-03
4.360000000000000000e+03 1.834960999999999971e-03
4.365000000000000000e+03 1.797119999999999924e-03
4.371000000000000000e+03 1.763428000000000044e-03
4.377000000000000000e+03 1.735107999999999963e-03
4.383000000000000000e+03 1.696777999999999915e-03
4.389000000000000000e+03 1.771240000000000097e-03
4.394000000000000000e+03 1.803955000000000098e-03
4.400000000000000000e+03 1.795899000000000106e-03
4.406000000000000000e+03 1.936035000000000013e-03
4.412000000000000000e+03 1.839600000000000046e-03
4.418000000000000000e+03 1.843018000000000087e-03
4.424000000000000000e+03 1.911865000000000005e-03
4.429000000000000000e+03 1.874267999999999898e-03
4.435000000000000000e+03 1.916259999999999925e-03
4.441000000000000000e+03 1.811768000000000059e-03
4.447000000000000000e+03 1.736328000000000090e-03
4.453000000000000000e+03 1.805175999999999916e-03
4.458000000000000000e+03 1.738037000000000002e-03
4.464000000000000000e+03 1.741700000000000106e-03
4.470000000000000000e+03 1.819581000000000020e-03
4.476000000000000000e+03 1.719727000000000105e-03
4.482000000000000000e+03 1.743407999999999894e-03
4.488000000000000000e+03 1.780518000000000031e-03
4.493000000000000000e+03 1.726319000000000031e-03
4.499000000000000000e+03 1.742676000000000077e-03
4.505000000000000000e+03 1.780761999999999970e-03
4.511000000000000000e+03 1.718261999999999914e-03
4.517000000000000000e+03 1.713866999999999995e-03
4.522000000000000000e+03 1.689453000000000048e-03
4.528000000000000000e+03 1.710937999999999955e-03
4.534000000000000000e+03 1.801513999999999937e-03
4.540000000000000000e+03 1.689453000000000048e-03
4.546000000000000000e+03 1.708251999999999948e-03
4.551000000000000000e+03 1.769287000000000030e-03
4.557000000000000000e+03 1.684327000000000003e-03
4.563000000000000000e+03 1.799561000000000086e-03
4.569000000000000000e+03 1.740723000000000010e-03
4.575000000000000000e+03 1.713134999999999962e-03
4.581000000000000000e+03 1.831055000000000052e-03
4.586000000000000000e+03 1.743407999999999894e-03
4.592000000000000000e+03 1.649169999999999933e-03
4.598000000000000000e+03 1.736083999999999935e-03
4.604000000000000000e+03 1.688721000000000015e-03
4.610000000000000000e+03 1.677490999999999921e-03
4.615000000000000000e+03 1.680663999999999899e-03
4.621000000000000000e+03 1.693115000000000028e-03
4.627000000000000000e+03 1.682373000000000028e-03
4.633000000000000000e+03 1.703613999999999996e-03
4.639000000000000000e+03 1.680419999999999961e-03
4.644000000000000000e+03 1.703370000000000058e-03
4.650000000000000000e+03 1.693847999999999968e-03
4.656000000000000000e+03 1.701905000000000084e-03
4.662000000000000000e+03 1.718506000000000070e-03
4.668000000000000000e+03 1.686767999999999948e-03
4.674000000000000000e+03 1.686035000000000008e-03
4.679000000000000000e+03 1.674073000000000097e-03
4.685000000000000000e+03 1.713378999999999900e-03
4.691000000000000000e+03 1.672607999999999907e-03
4.697000000000000000e+03 1.724365000000000056e-03
4.703000000000000000e+03 1.662597999999999940e-03
4.708000000000000000e+03 1.662110000000000063e-03
4.714000000000000000e+03 1.661865000000000000e-03
4.720000000000000000e+03 1.657470999999999988e-03
4.726000000000000000e+03 1.698241999999999981e-03
4.732000000000000000e+03 1.659179999999999900e-03
4.737000000000000000e+03 1.683105999999999968e-03
4.743000000000000000e+03 1.677735000000000077e-03
4.749000000000000000e+03 1.669434000000000022e-03
4.755000000000000000e+03 1.706543000000000036e-03
4.761000000000000000e+03 1.707519999999999915e-03
4.767000000000000000e+03 1.697509999999999948e-03
4.772000000000000000e+03 1.660889000000000029e-03
4.778000000000000000e+03 1.664551000000000008e-03
4.784000000000000000e+03 1.664551000000000008e-03
4.790000000000000000e+03 1.677001999999999920e-03
4.796000000000000000e+03 1.661376999999999906e-03
4.801000000000000000e+03 1.669677999999999961e-03
4.807000000000000000e+03 1.677246000000000075e-03
4.813000000000000000e+03 1.683349999999999907e-03
4.819000000000000000e+03 1.669190000000000083e-03
4.825000000000000000e+03 1.675782000000000009e-03
4.831000000000000000e+03 1.666748000000000014e-03
4.836000000000000000e+03 1.660889000000000029e-03
4.842000000000000000e+03 1.633789000000000075e-03
4.848000000000000000e+03 1.654297000000000102e-03
4.854000000000000000e+03 1.677735000000000077e-03
4.860000000000000000e+03 1.649414000000000088e-03
4.865000000000000000e+03 1.672120000000000030e-03
4.871000000000000000e+03 1.669677999999999961e-03
4.877000000000000000e+03 1.656738999999999955e-03
4.883000000000000000e+03 1.688232999999999921e-03
4.889000000000000000e+03 1.672852000000000063e-03
4.894000000000000000e+03 1.648925999999999994e-03
4.900000000000000000e+03 1.655273999999999981e-03
4.906000000000000000e+03 1.672607999999999907e-03
4.912000000000000000e+03 1.669921999999999900e-03
4.918000000000000000e+03 1.685302999999999975e-03
4.924000000000000000e+03 1.665283000000000041e-03
4.929000000000000000e+03 1.678711000000000049e-03
4.935000000000000000e+03 1.685059000000000036e-03
4.941000000000000000e+03 1.662110000000000063e-03
4.947000000000000000e+03 1.694336000000000063e-03
4.953000000000000000e+03 1.645264000000000015e-03
4.958000000000000000e+03 1.702392999999999962e-03
4.964000000000000000e+03 1.668212999999999988e-03
4.970000000000000000e+03 1.679687999999999928e-03
4.976000000000000000e+03 1.654052999999999947e-03
4.982000000000000000e+03 1.687988999999999983e-03
4.987000000000000000e+03 1.670898999999999995e-03
4.993000000000000000e+03 1.691407000000000023e-03
4.999000000000000000e+03 1.653076999999999975e-03
5.005000000000000000e+03 1.644042999999999980e-03
5.011000000000000000e+03 1.645264000000000015e-03
5.017000000000000000e+03 1.662354000000000002e-03
5.022000000000000000e+03 1.662354000000000002e-03
5.028000000000000000e+03 1.644775999999999920e-03
5.034000000000000000e+03 1.607422000000000061e-03
5.040000000000000000e+03 1.654541000000000041e-03
5.046000000000000000e+03 1.672120000000000030e-03
5.051000000000000000e+03 1.672120000000000030e-03
5.057000000000000000e+03 1.643555000000000103e-03
5.063000000000000000e+03 1.676270000000000104e-03
5.069000000000000000e+03 1.643067000000000008e-03
5.075000000000000000e+03 1.696533999999999976e-03
5.080000000000000000e+03 1.644531999999999982e-03
5.086000000000000000e+03 1.623780000000000015e-03
5.092000000000000000e+03 1.642089999999999913e-03
5.098000000000000000e+03 1.606201999999999934e-03
5.104000000000000000e+03 1.659424000000000055e-03
5.110000000000000000e+03 1.672852000000000063e-03
5.115000000000000000e+03 1.646485000000000049e-03
5.121000000000000000e+03 1.640137000000000062e-03
5.127000000000000000e+03 1.648682000000000055e-03
5.133000000000000000e+03 1.656738999999999955e-03
5.139000000000000000e+03 1.657227000000000049e-03
5.144000000000000000e+03 1.675536999999999947e-03
5.150000000000000000e+03 1.663818999999999975e-03
5.156000000000000000e+03 1.663575000000000036e-03
5.162000000000000000e+03 1.672363999999999969e-03
5.168000000000000000e+03 1.654052999999999947e-03
5.174000000000000000e+03 1.654541000000000041e-03
5.179000000000000000e+03 1.626464999999999899e-03
5.185000000000000000e+03 1.638427999999999933e-03
5.191000000000000000e+03 1.683838000000000001e-03
5.197000000000000000e+03 1.649903000000000090e-03
5.203000000000000000e+03 1.653076999999999975e-03
5.208000000000000000e+03 1.670655000000000057e-03
5.214000000000000000e+03 1.654541000000000041e-03
5.220000000000000000e+03 1.660645000000000090e-03
5.226000000000000000e+03 1.669677999999999961e-03
5.232000000000000000e+03 1.642823000000000070e-03
5.237000000000000000e+03 1.656249999999999953e-03
5.243000000000000000e+03 1.639161000000000090e-03
5.249000000000000000e+03 1.649414000000000088e-03
5.255000000000000000e+03 1.647704999999999960e-03
5.261000000000000000e+03 1.648925999999999994e-03
5.267000000000000000e+03 1.642334000000000068e-03
5.272000000000000000e+03 1.669677999999999961e-03
5.278000000000000000e+03 1.658446999999999959e-03
5.284000000000000000e+03 1.631836000000000007e-03
5.290000000000000000e+03 1.645020000000000076e-03
5.296000000000000000e+03 1.627685999999999933e-03
5.301000000000000000e+03 1.615722999999999899e-03
5.307000000000000000e+03 1.638183999999999994e-03
5.313000000000000000e+03 1.635986999999999988e-03
5.319000000000000000e+03 1.677735000000000077e-03
5.325000000000000000e+03 1.629882999999999939e-03
5.330000000000000000e+03 1.677735000000000077e-03
5.336000000000000000e+03 1.677735000000000077e-03
5.342000000000000000e+03 1.635497999999999987e-03
5.348000000000000000e+03 1.650147000000000029e-03
5.354000000000000000e+03 1.639161000000000090e-03
5.360000000000000000e+03 1.619385000000000095e-03
5.365000000000000000e+03 1.669190000000000083e-03
5.371000000000000000e+03 1.659667999999999994e-03
5.377000000000000000e+03 1.646728999999999988e-03
5.383000000000000000e+03 1.668945999999999928e-03
5.389000000000000000e+03 1.676514000000000042e-03
5.394000000000000000e+03 1.641845999999999974e-03
5.400000000000000000e+03 1.664062999999999914e-03
5.406000000000000000e+03 1.663818999999999975e-03
5.412000000000000000e+03 1.656006000000000014e-03
5.418000000000000000e+03 1.631592000000000068e-03
5.423000000000000000e+03 1.638183999999999994e-03
5.429000000000000000e+03 1.641845999999999974e-03
5.435000000000000000e+03 1.674560999999999975e-03
5.441000000000000000e+03 1.671142999999999934e-03
5.447000000000000000e+03 1.672607999999999907e-03
5.453000000000000000e+03 1.649658999999999934e-03
5.458000000000000000e+03 1.649169999999999933e-03
5.464000000000000000e+03 1.655762000000000076e-03
5.470000000000000000e+03 1.663329999999999973e-03
5.476000000000000000e+03 1.666504000000000076e-03
5.482000000000000000e+03 1.673584000000000096e-03
5.487000000000000000e+03 1.655517999999999920e-03
5.493000000000000000e+03 1.691161999999999960e-03
5.499000000000000000e+03 1.661865000000000000e-03
5.505000000000000000e+03 1.671631000000000028e-03
5.511000000000000000e+03 1.631592000000000068e-03
5.517000000000000000e+03 1.633789000000000075e-03
5.522000000000000000e+03 1.674317000000000036e-03
5.528000000000000000e+03 1.660645000000000090e-03
5.534000000000000000e+03 1.636962999999999960e-03
5.540000000000000000e+03 1.646485000000000049e-03
5.546000000000000000e+03 1.658692000000000022e-03
5.551000000000000000e+03 1.669190000000000083e-03
5.557000000000000000e+03 1.655273999999999981e-03
5.563000000000000000e+03 1.678954999999999987e-03
5.569000000000000000e+03 1.636719000000000021e-03
5.575000000000000000e+03 1.659424000000000055e-03
5.580000000000000000e+03 1.686524000000000009e-03
5.586000000000000000e+03 1.672607999999999907e-03
5.592000000000000000e+03 1.676270000000000104e-03
5.598000000000000000e+03 1.639161000000000090e-03
5.604000000000000000e+03 1.679443999999999989e-03
5.610000000000000000e+03 1.619872999999999973e-03
5.615000000000000000e+03 1.645507999999999953e-03
5.621000000000000000e+03 1.654541000000000041e-03
5.627000000000000000e+03 1.634522000000000015e-03
5.633000000000000000e+03 1.652587999999999974e-03
5.639000000000000000e+03 1.669677999999999961e-03
5.644000000000000000e+03 1.683105999999999968e-03
5.650000000000000000e+03 1.646485000000000049e-03
5.656000000000000000e+03 1.631592000000000068e-03
5.662000000000000000e+03 1.667969000000000049e-03
5.668000000000000000e+03 1.674073000000000097e-03
5.673000000000000000e+03 1.689942000000000050e-03
5.679000000000000000e+03 1.664062999999999914e-03
5.685000000000000000e+03 1.646728999999999988e-03
5.691000000000000000e+03 1.649658999999999934e-03
5.697000000000000000e+03 1.642578999999999914e-03
5.703000000000000000e+03 1.628174000000000027e-03
5.708000000000000000e+03 1.658203999999999928e-03
5.714000000000000000e+03 1.620361999999999974e-03
5.720000000000000000e+03 1.643067000000000008e-03
5.726000000000000000e+03 1.670898999999999995e-03
5.732000000000000000e+03 1.666259999999999920e-03
5.737000000000000000e+03 1.643799000000000041e-03
5.743000000000000000e+03 1.644042999999999980e-03
5.749000000000000000e+03 1.648682000000000055e-03
5.755000000000000000e+03 1.674804999999999914e-03
5.761000000000000000e+03 1.653320999999999914e-03
5.766000000000000000e+03 1.660645000000000090e-03
5.772000000000000000e+03 1.642334000000000068e-03
5.778000000000000000e+03 1.636962999999999960e-03
5.784000000000000000e+03 1.653565000000000070e-03
5.790000000000000000e+03 1.648925999999999994e-03
5.796000000000000000e+03 1.652344000000000035e-03
5.801000000000000000e+03 1.623534999999999952e-03
5.807000000000000000e+03 1.665772000000000043e-03
5.813000000000000000e+03 1.651612000000000002e-03
5.819000000000000000e+03 1.645264000000000015e-03
5.825000000000000000e+03 1.669921999999999900e-03
5.830000000000000000e+03 1.653320999999999914e-03
5.836000000000000000e+03 1.653565000000000070e-03
5.842000000000000000e+03 1.650390999999999967e-03
5.848000000000000000e+03 1.646485000000000049e-03
5.854000000000000000e+03 1.652100000000000096e-03
5.860000000000000000e+03 1.660156000000000088e-03
5.865000000000000000e+03 1.656738999999999955e-03
5.871000000000000000e+03 1.664794999999999947e-03
5.877000000000000000e+03 1.643310999999999947e-03
5.883000000000000000e+03 1.638427999999999933e-03
5.889000000000000000e+03 1.651368000000000063e-03
5.894000000000000000e+03 1.646728999999999988e-03
5.900000000000000000e+03 1.665039000000000102e-03
5.906000000000000000e+03 1.629395000000000062e-03
5.912000000000000000e+03 1.642089999999999913e-03
5.918000000000000000e+03 1.654297000000000102e-03
5.923000000000000000e+03 1.647217000000000082e-03
5.929000000000000000e+03 1.651855999999999941e-03
5.935000000000000000e+03 1.642089999999999913e-03
5.941000000000000000e+03 1.679443999999999989e-03
5.947000000000000000e+03 1.639161000000000090e-03
5.953000000000000000e+03 1.629150999999999907e-03
5.958000000000000000e+03 1.643067000000000008e-03
5.964000000000000000e+03 1.640624999999999939e-03
5.970000000000000000e+03 1.657959000000000082e-03
5.976000000000000000e+03 1.641358000000000096e-03
5.982000000000000000e+03 1.641358000000000096e-03
5.987000000000000000e+03 1.654297000000000102e-03
5.993000000000000000e+03 1.667480999999999955e-03
5.999000000000000000e+03 1.648437999999999900e-03
6.000000000000000000e+03 1.655762000000000076e-03
