335.48	-212.67
335.48	-212.67
335.48	-208.66
335.48	-236.67
335.48	-245.33
335.48	-241.34
335.49	-228.66
335.49	-223.33
335.49	-236.00
335.49	-221.34
335.49	-217.33
335.49	-210.00
335.49	-213.33
335.49	-225.33
335.50	-232.00
335.50	-237.33
335.50	-240.00
335.50	-224.00
335.50	-215.33
335.50	-216.00
335.50	-222.00
335.50	-223.33
335.50	-216.67
335.51	-216.67
335.51	-210.00
335.51	-210.66
335.51	-216.67
335.51	-217.33
335.51	-217.33
335.51	-240.00
335.51	-235.33
335.52	-222.00
335.52	-212.00
335.52	-232.00
335.52	-228.00
335.52	-224.67
335.52	-224.00
335.52	-230.66
335.52	-220.00
335.53	-218.66
335.53	-220.66
335.53	-219.34
335.53	-221.34
335.53	-210.00
335.53	-214.67
335.53	-220.00
335.53	-225.33
335.53	-226.00
335.54	-218.66
335.54	-224.67
335.54	-225.33
335.54	-226.00
335.54	-226.67
335.54	-220.00
335.54	-210.00
335.54	-220.00
335.55	-235.33
335.55	-225.33
335.55	-224.67
335.55	-214.00
335.55	-202.00
335.55	-210.00
335.55	-204.67
335.55	-202.67
335.55	-230.66
335.56	-254.67
335.56	-240.00
335.56	-220.00
335.56	-210.66
335.56	-223.33
335.56	-213.33
335.56	-204.00
335.56	-227.33
335.57	-222.67
335.57	-224.67
335.57	-226.00
335.57	-230.00
335.57	-201.34
335.57	-214.00
335.57	-227.33
335.57	-220.66
335.58	-216.00
335.58	-237.33
335.58	-223.33
335.58	-215.33
335.58	-208.66
335.58	-212.00
335.58	-219.34
335.58	-235.33
335.58	-236.00
335.59	-242.00
335.59	-222.67
335.59	-223.33
335.59	-231.34
335.59	-228.00
335.59	-236.00
335.59	-224.67
335.59	-229.34
335.60	-236.67
335.60	-236.67
335.60	-232.00
335.60	-228.66
335.60	-224.00
335.60	-202.67
335.60	-207.33
335.60	-203.33
335.60	-213.33
335.61	-212.67
335.61	-222.67
335.61	-230.00
335.61	-219.34
335.61	-227.33
335.61	-221.34
335.61	-212.67
335.61	-236.00
335.62	-238.66
335.62	-224.67
335.62	-228.00
335.62	-240.66
335.62	-221.34
335.62	-224.67
335.62	-238.66
335.62	-238.00
335.63	-225.33
335.63	-238.66
335.63	-236.67
335.63	-222.00
335.63	-226.00
335.63	-210.00
335.63	-231.34
335.63	-227.33
335.63	-230.66
335.64	-222.00
335.64	-219.34
335.64	-208.66
335.64	-221.34
335.64	-224.67
335.64	-210.66
335.64	-202.00
335.64	-201.34
335.65	-206.00
335.65	-209.34
335.65	-210.00
335.65	-218.00
335.65	-224.67
335.65	-224.00
335.65	-222.67
335.65	-212.00
335.66	-209.34
335.66	-222.00
335.66	-219.34
335.66	-227.33
335.66	-232.00
335.66	-231.34
335.66	-233.33
335.66	-256.67
335.66	-241.34
335.67	-240.66
335.67	-222.67
335.67	-225.33
335.67	-240.00
335.67	-230.00
335.67	-217.33
335.67	-200.66
335.67	-200.00
335.68	-203.33
335.68	-226.00
335.68	-239.34
335.68	-235.33
335.68	-227.33
335.68	-236.67
335.68	-248.00
335.68	-239.34
335.68	-230.66
335.69	-246.67
335.69	-220.00
335.69	-212.67
335.69	-218.00
335.69	-200.66
335.69	-201.34
335.69	-204.67
335.69	-219.34
335.70	-222.67
335.70	-228.00
335.70	-218.66
335.70	-200.00
335.70	-218.66
335.70	-224.67
335.70	-230.66
335.70	-212.00
335.71	-218.66
335.71	-226.67
335.71	-220.00
335.71	-208.66
335.71	-216.00
335.71	-215.33
335.71	-228.66
335.71	-223.33
335.71	-223.33
335.72	-215.33
335.72	-219.34
335.72	-220.66
335.72	-217.33
335.72	-240.66
335.72	-240.00
335.72	-241.34
335.72	-240.66
335.73	-238.66
335.73	-228.66
335.73	-232.67
335.73	-224.67
335.73	-217.33
335.73	-222.00
335.73	-225.33
335.73	-223.33
335.73	-234.67
335.74	-216.67
335.74	-209.34
335.74	-214.67
335.74	-208.00
335.74	-204.67
335.74	-203.33
335.74	-222.00
335.74	-234.00
335.75	-222.00
335.75	-214.00
335.75	-216.00
335.75	-222.67
335.75	-222.67
335.75	-229.34
335.75	-235.33
335.75	-222.67
335.76	-226.67
335.76	-218.00
335.76	-233.33
335.76	-234.67
335.76	-227.33
335.76	-230.00
335.76	-228.00
335.76	-220.00
335.76	-220.00
335.77	-216.67
335.77	-222.00
335.77	-217.33
335.77	-204.67
335.77	-213.33
335.77	-238.00
335.77	-220.00
335.77	-226.00
335.78	-220.66
335.78	-204.00
335.78	-200.66
335.78	-212.67
335.78	-208.66
335.78	-204.67
335.78	-229.34
335.78	-224.00
335.78	-214.67
335.79	-207.33
335.79	-202.00
335.79	-212.67
335.79	-226.67
335.79	-240.00
335.79	-240.00
335.79	-238.00
335.79	-222.00
335.80	-221.34
335.80	-230.66
335.80	-233.33
335.80	-220.66
335.80	-217.33
335.80	-217.33
335.80	-230.66
335.80	-221.34
335.81	-227.33
335.81	-227.33
335.81	-236.67
335.81	-238.66
335.81	-228.00
335.81	-232.00
335.81	-237.33
335.81	-252.67
335.81	-251.34
335.82	-241.34
335.82	-229.34
335.82	-235.33
335.82	-220.00
335.82	-224.67
335.82	-232.00
335.82	-232.00
335.82	-223.33
335.83	-203.33
335.83	-227.33
335.83	-240.00
335.83	-237.33
335.83	-218.66
335.83	-200.66
335.83	-215.33
335.83	-216.00
335.84	-203.33
335.84	-234.67
335.84	-230.66
335.84	-228.66
335.84	-220.66
335.84	-216.67
335.84	-206.00
335.84	-206.00
335.84	-215.33
335.85	-227.33
335.85	-220.66
335.85	-220.66
335.85	-217.33
335.85	-216.00
335.85	-206.67
335.85	-237.33
335.85	-240.00
335.86	-225.33
335.86	-237.33
335.86	-240.00
335.86	-240.00
335.86	-240.00
335.86	-240.00
335.86	-240.00
335.86	-235.33
335.86	-240.00
335.87	-240.00
335.87	-240.00
335.87	-226.67
335.87	-228.00
335.87	-236.67
335.87	-234.67
335.87	-229.34
335.87	-217.33
335.88	-213.33
335.88	-240.00
335.88	-240.00
335.88	-240.00
335.88	-240.00
335.88	-241.34
335.88	-232.67
335.88	-232.00
335.89	-220.00
335.89	-208.00
335.89	-204.00
335.89	-223.33
335.89	-240.00
335.89	-240.00
335.89	-235.33
335.89	-216.67
335.89	-209.34
335.90	-214.00
335.90	-216.00
335.90	-224.67
335.90	-230.00
335.90	-236.67
335.90	-225.33
335.90	-240.00
335.90	-247.33
335.91	-234.00
335.91	-220.66
335.91	-236.00
335.91	-222.67
335.91	-210.66
335.91	-205.33
335.91	-213.33
335.91	-219.34
335.91	-228.66
335.92	-220.66
335.92	-220.66
335.92	-219.34
335.92	-220.66
335.92	-232.67
335.92	-227.33
335.92	-220.66
335.92	-225.33
335.93	-220.66
335.93	-229.34
335.93	-238.66
335.93	-244.00
335.93	-217.33
335.93	-209.34
335.93	-240.00
335.93	-240.00
335.94	-215.33
335.94	-225.33
335.94	-240.00
335.94	-231.34
335.94	-232.67
335.94	-230.00
335.94	-242.00
335.94	-233.33
335.94	-210.66
335.95	-210.00
335.95	-224.00
335.95	-234.00
335.95	-232.67
335.95	-236.67
335.95	-228.66
335.95	-234.00
335.95	-238.66
335.96	-234.67
335.96	-232.00
335.96	-228.00
335.96	-222.00
335.96	-205.33
335.96	-200.00
335.96	-212.00
335.96	-210.00
335.96	-212.67
335.97	-226.00
335.97	-236.00
335.97	-218.66
335.97	-218.66
335.97	-226.67
335.97	-208.00
335.97	-206.00
335.97	-220.00
335.98	-224.67
335.98	-234.00
335.98	-234.67
335.98	-242.00
335.98	-225.33
335.98	-226.67
335.98	-216.00
335.98	-210.66
335.99	-228.66
335.99	-238.66
335.99	-228.00
335.99	-210.66
335.99	-225.33
335.99	-224.67
335.99	-234.00
335.99	-230.00
335.99	-227.33
336.00	-212.67
336.00	-214.67
336.00	-222.67
336.00	-217.33
336.00	-239.34
336.00	-224.67
336.00	-234.00
336.00	-232.67
336.01	-247.33
336.01	-231.34
336.01	-226.67
336.01	-236.00
336.01	-238.00
336.01	-238.66
336.01	-227.33
336.01	-218.00
336.02	-218.66
336.02	-218.66
336.02	-231.34
336.02	-237.33
336.02	-230.66
336.02	-240.00
336.02	-221.34
336.02	-220.00
336.02	-230.00
336.03	-218.66
336.03	-217.33
336.03	-215.33
336.03	-202.67
336.03	-206.67
336.03	-237.33
336.03	-230.00
336.03	-226.00
336.04	-240.00
336.04	-228.66
336.04	-214.00
336.04	-210.00
336.04	-214.00
336.04	-214.67
336.04	-220.66
336.04	-230.66
336.04	-232.00
336.05	-221.34
336.05	-221.34
336.05	-228.00
336.05	-222.67
336.05	-223.33
336.05	-213.33
336.05	-240.00
336.05	-230.66
336.06	-218.66
336.06	-229.34
336.06	-225.33
336.06	-239.34
336.06	-249.34
336.06	-222.00
336.06	-222.00
336.06	-230.66
336.07	-223.33
336.07	-219.34
336.07	-220.00
336.07	-227.33
336.07	-228.66
336.07	-235.33
336.07	-236.00
336.07	-215.33
336.07	-208.00
336.08	-222.67
336.08	-216.67
336.08	-216.00
336.08	-245.33
336.08	-226.00
336.08	-206.67
336.08	-235.33
336.08	-240.00
336.09	-240.00
336.09	-240.00
336.09	-233.33
336.09	-220.00
336.09	-214.67
336.09	-218.00
336.09	-240.00
336.09	-240.00
336.09	-234.00
336.10	-219.34
336.10	-222.67
336.10	-237.33
336.10	-236.67
336.10	-242.67
336.10	-230.00
336.10	-226.00
336.10	-221.34
336.11	-220.66
336.11	-214.00
336.11	-224.67
336.11	-240.00
336.11	-240.00
336.11	-240.00
336.11	-240.00
336.11	-240.00
336.12	-232.67
336.12	-219.34
336.12	-230.00
336.12	-228.66
336.12	-206.67
336.12	-215.33
336.12	-231.34
336.12	-222.67
336.12	-224.00
336.13	-234.67
336.13	-227.33
336.13	-235.33
336.13	-230.66
336.13	-222.00
336.13	-220.00
336.13	-218.66
336.13	-216.00
336.14	-222.00
336.14	-226.00
336.14	-222.00
336.14	-218.00
336.14	-217.33
336.14	-226.67
336.14	-240.00
336.14	-238.00
336.15	-220.66
336.15	-221.34
336.15	-220.66
336.15	-220.66
336.15	-235.33
336.15	-222.00
336.15	-219.34
336.15	-221.34
336.15	-222.00
336.16	-234.00
336.16	-239.34
336.16	-226.67
336.16	-214.00
336.16	-230.00
336.16	-238.66
336.16	-221.34
336.16	-236.00
336.17	-226.67
336.17	-217.33
336.17	-234.67
336.17	-229.34
336.17	-220.00
336.17	-216.00
336.17	-225.33
336.17	-227.33
336.17	-240.00
336.18	-240.00
336.18	-229.34
336.18	-218.00
336.18	-218.66
336.18	-224.67
336.18	-217.33
336.18	-208.00
336.18	-228.00
336.19	-234.67
336.19	-224.00
336.19	-220.00
336.19	-237.33
336.19	-232.00
336.19	-226.67
336.19	-222.67
336.19	-214.67
336.20	-214.67
336.20	-216.67
336.20	-222.67
336.20	-220.00
336.20	-232.67
336.20	-240.00
336.20	-218.66
336.20	-229.34
336.20	-240.00
336.21	-240.00
336.21	-240.00
336.21	-233.33
336.21	-218.66
336.21	-229.34
336.21	-240.00
336.21	-240.00
336.21	-239.34
336.22	-240.00
336.22	-239.34
336.22	-231.34
336.22	-222.00
336.22	-227.33
336.22	-234.67
336.22	-235.33
336.22	-236.67
336.22	-232.00
336.23	-230.00
336.23	-219.34
336.23	-226.67
336.23	-216.67
336.23	-218.00
336.23	-240.00
336.23	-240.00
336.23	-240.00
336.24	-240.00
336.24	-239.34
336.24	-222.67
336.24	-224.00
336.24	-219.34
336.24	-212.00
336.24	-220.00
336.24	-220.00
336.25	-232.00
336.25	-236.67
336.25	-224.67
336.25	-224.67
336.25	-220.66
336.25	-216.00
336.25	-207.33
336.25	-212.67
336.25	-220.00
336.26	-229.34
336.26	-216.00
336.26	-224.67
336.26	-232.00
336.26	-226.67
336.26	-238.00
336.26	-222.00
336.26	-220.00
336.27	-235.33
336.27	-240.00
336.27	-240.00
336.27	-240.00
336.27	-236.67
336.27	-240.00
336.27	-230.66
336.27	-233.33
336.27	-220.00
336.28	-236.67
336.28	-240.00
336.28	-240.00
336.28	-234.67
336.28	-222.00
336.28	-229.34
336.28	-222.00
336.28	-229.34
336.29	-231.34
336.29	-234.67
336.29	-221.34
336.29	-224.67
336.29	-230.00
336.29	-221.34
336.29	-219.34
336.29	-222.67
336.30	-225.33
336.30	-214.67
336.30	-229.34
336.30	-240.00
336.30	-240.00
336.30	-240.00
336.30	-240.00
336.30	-236.00
336.30	-239.34
336.31	-238.66
336.31	-238.66
336.31	-220.66
336.31	-219.34
336.31	-240.00
336.31	-240.00
336.31	-235.33
336.31	-228.66
336.32	-228.00
336.32	-228.66
336.32	-222.00
336.32	-217.33
336.32	-217.33
336.32	-228.00
336.32	-208.66
336.32	-224.67
336.33	-240.00
336.33	-222.00
336.33	-221.34
336.33	-234.00
336.33	-226.00
336.33	-223.33
336.33	-232.67
336.33	-224.00
336.33	-224.00
336.34	-230.00
336.34	-222.00
336.34	-218.66
336.34	-214.67
336.34	-234.00
336.34	-220.66
336.34	-222.00
336.34	-240.00
336.35	-227.33
336.35	-240.00
336.35	-240.00
336.35	-236.00
336.35	-224.67
336.35	-231.34
336.35	-224.00
336.35	-234.00
336.35	-223.33
336.36	-230.66
336.36	-223.33
336.36	-230.66
336.36	-225.33
336.36	-222.67
336.36	-218.00
336.36	-214.67
336.36	-226.00
336.37	-219.34
336.37	-212.00
336.37	-210.00
336.37	-210.00
336.37	-218.00
336.37	-220.00
336.37	-218.66
336.37	-201.34
336.38	-206.67
336.38	-224.00
336.38	-218.66
336.38	-218.00
336.38	-226.00
336.38	-221.34
336.38	-219.34
336.38	-225.33
336.38	-220.66
336.39	-221.34
336.39	-223.33
336.39	-226.67
336.39	-236.67
336.39	-222.67
336.39	-218.66
336.39	-222.00
336.39	-233.33
336.40	-225.33
336.40	-238.66
336.40	-223.33
336.40	-232.67
336.40	-225.33
336.40	-226.67
336.40	-240.66
336.40	-225.33
336.40	-211.34
336.41	-240.00
336.41	-228.00
336.41	-214.67
336.41	-236.67
336.41	-234.00
336.41	-222.67
336.41	-240.00
336.41	-234.67
336.42	-222.67
336.42	-220.66
336.42	-217.33
336.42	-220.66
336.42	-218.66
336.42	-209.34
336.42	-218.00
336.42	-220.00
336.43	-223.33
336.43	-230.66
336.43	-236.67
336.43	-226.00
336.43	-214.67
336.43	-220.66
336.43	-224.00
336.43	-230.00
336.43	-254.00
336.44	-241.34
336.44	-220.00
336.44	-224.67
336.44	-217.33
336.44	-214.00
336.44	-228.00
336.44	-220.00
336.44	-235.33
336.45	-223.33
336.45	-220.66
336.45	-220.66
336.45	-220.00
336.45	-220.66
336.45	-226.00
336.45	-240.00
336.45	-234.67
336.46	-232.00
336.46	-239.34
336.46	-240.00
336.46	-240.00
336.46	-240.00
336.46	-240.00
336.46	-240.00
336.46	-240.00
336.46	-240.00
336.47	-232.67
336.47	-227.33
336.47	-222.00
336.47	-225.33
336.47	-233.33
336.47	-222.00
336.47	-220.00
336.47	-225.33
336.48	-223.33
336.48	-224.00
336.48	-230.00
336.48	-220.66
336.48	-218.66
336.48	-219.34
336.48	-240.00
336.48	-238.00
336.48	-240.00
336.49	-240.00
336.49	-222.00
336.49	-237.33
336.49	-235.33
336.49	-230.00
336.49	-224.67
336.49	-240.00
336.49	-240.00
336.50	-238.66
336.50	-240.00
336.50	-230.66
336.50	-240.00
336.50	-239.34
336.50	-239.34
336.50	-240.00
336.50	-240.00
336.51	-224.00
336.51	-219.34
336.51	-224.00
336.51	-230.00
336.51	-227.33
336.51	-221.34
336.51	-226.00
336.51	-228.00
336.51	-221.34
336.52	-216.67
336.52	-220.66
336.52	-220.66
336.52	-240.00
336.52	-238.00
336.52	-231.34
336.52	-240.00
336.52	-232.00
336.53	-222.67
336.53	-233.33
336.53	-228.00
336.53	-218.66
336.53	-219.34
336.53	-224.67
336.53	-236.00
336.53	-223.33
336.53	-215.33
336.54	-218.66
336.54	-214.00
336.54	-228.66
336.54	-232.00
336.54	-222.00
336.54	-214.67
336.54	-231.34
336.54	-240.00
336.55	-240.00
336.55	-240.00
336.55	-240.00
336.55	-240.00
336.55	-240.00
336.55	-232.67
336.55	-224.67
336.55	-221.34
336.56	-234.67
336.56	-225.33
336.56	-221.34
336.56	-235.33
336.56	-240.00
336.56	-240.00
336.56	-240.00
336.56	-229.34
336.56	-219.34
336.57	-222.67
336.57	-233.33
336.57	-234.00
336.57	-221.34
336.57	-220.66
336.57	-237.33
336.57	-220.66
336.57	-211.34
336.58	-240.00
336.58	-240.00
336.58	-240.00
336.58	-220.66
336.58	-218.66
336.58	-239.34
336.58	-230.66
336.58	-226.00
336.58	-224.00
336.59	-240.00
336.59	-226.00
336.59	-217.33
336.59	-204.00
336.59	-226.67
336.59	-226.67
336.59	-224.67
336.59	-222.00
336.60	-217.33
336.60	-220.66
336.60	-218.66
336.60	-238.00
336.60	-222.67
336.60	-223.33
336.60	-221.34
336.60	-234.67
336.61	-240.00
336.61	-230.00
336.61	-234.67
336.61	-228.66
336.61	-240.00
336.61	-238.66
336.61	-232.00
336.61	-227.33
336.61	-244.67
336.62	-239.34
336.62	-235.33
336.62	-232.67
336.62	-221.34
336.62	-236.67
336.62	-228.00
336.62	-232.00
336.62	-240.00
336.63	-240.00
336.63	-239.34
336.63	-224.67
336.63	-236.67
336.63	-222.00
336.63	-220.00
336.63	-228.66
336.63	-240.00
336.64	-240.00
336.64	-240.00
336.64	-240.00
336.64	-240.00
336.64	-240.00
336.64	-240.00
336.64	-240.00
336.64	-239.34
336.64	-240.00
336.65	-240.00
336.65	-240.00
336.65	-240.00
336.65	-240.00
336.65	-240.00
336.65	-232.67
336.65	-239.34
336.65	-220.00
336.66	-240.00
336.66	-240.00
336.66	-225.33
336.66	-211.34
336.66	-240.00
336.66	-233.33
336.66	-220.66
336.66	-228.66
336.66	-228.00
336.67	-220.66
336.67	-234.67
336.67	-240.00
336.67	-240.00
336.67	-240.00
336.67	-226.67
336.67	-222.00
336.67	-221.34
336.68	-230.66
336.68	-228.00
336.68	-219.34
336.68	-236.67
336.68	-240.00
336.68	-238.66
336.68	-238.66
336.68	-232.67
336.69	-234.67
336.69	-227.33
336.69	-233.33
336.69	-239.34
336.69	-226.00
336.69	-224.67
336.69	-234.00
336.69	-218.66
336.69	-219.34
336.70	-230.00
336.70	-234.00
336.70	-240.00
336.70	-240.00
336.70	-240.00
336.70	-240.00
336.70	-240.00
336.70	-235.33
336.71	-230.66
336.71	-232.67
336.71	-233.33
336.71	-227.33
336.71	-238.00
336.71	-231.34
336.71	-225.33
336.71	-241.34
336.71	-224.00
336.72	-240.00
336.72	-240.00
336.72	-221.34
336.72	-230.66
336.72	-217.33
336.72	-220.00
336.72	-220.00
336.72	-240.00
336.73	-238.00
336.73	-228.66
336.73	-230.66
336.73	-239.34
336.73	-220.66
336.73	-240.00
336.73	-240.00
336.73	-234.67
336.74	-240.00
336.74	-240.00
336.74	-240.00
336.74	-240.00
336.74	-240.00
336.74	-240.00
336.74	-240.00
336.74	-240.00
336.74	-240.00
336.75	-240.00
336.75	-240.00
336.75	-240.00
336.75	-240.00
336.75	-240.00
336.75	-240.00
336.75	-240.00
336.75	-240.00
336.76	-240.00
336.76	-237.33
336.76	-239.34
336.76	-240.00
336.76	-240.00
336.76	-240.00
336.76	-240.00
336.76	-240.00
336.76	-226.00
336.77	-220.66
336.77	-220.00
336.77	-220.66
336.77	-234.00
336.77	-238.66
336.77	-236.00
336.77	-224.00
336.77	-230.66
336.78	-220.66
336.78	-236.67
336.78	-240.00
336.78	-240.00
336.78	-240.00
336.78	-240.00
336.78	-240.00
336.78	-240.00
336.79	-228.66
336.79	-227.33
336.79	-229.34
336.79	-240.00
336.79	-240.00
336.79	-240.00
336.79	-240.00
336.79	-240.00
336.79	-222.00
336.80	-220.00
336.80	-228.66
336.80	-240.00
336.80	-240.00
336.80	-240.00
336.80	-240.00
336.80	-240.00
336.80	-240.00
336.81	-240.00
336.81	-232.00
336.81	-222.00
336.81	-240.00
336.81	-240.00
336.81	-240.00
336.81	-240.00
336.81	-240.00
336.82	-227.33
336.82	-223.33
336.82	-230.66
336.82	-232.67
336.82	-224.00
336.82	-237.33
336.82	-222.00
336.82	-224.67
336.82	-240.00
336.83	-230.00
336.83	-230.00
336.83	-240.00
336.83	-238.66
336.83	-237.33
336.83	-240.00
336.83	-240.00
336.83	-240.00
336.84	-238.66
336.84	-228.00
336.84	-224.00
336.84	-226.00
336.84	-226.00
336.84	-220.00
336.84	-233.33
336.84	-231.34
336.84	-220.66
336.85	-228.66
336.85	-240.00
336.85	-240.00
336.85	-240.00
336.85	-240.00
336.85	-230.00
336.85	-222.67
336.85	-220.00
336.86	-220.66
336.86	-237.33
336.86	-239.34
336.86	-236.00
336.86	-240.00
336.86	-240.00
336.86	-240.00
336.86	-234.00
336.87	-220.00
336.87	-231.34
336.87	-230.00
336.87	-240.00
336.87	-236.67
336.87	-230.00
336.87	-240.00
336.87	-240.00
336.87	-238.00
336.88	-226.00
336.88	-220.00
336.88	-231.34
336.88	-230.00
336.88	-239.34
336.88	-226.67
336.88	-232.00
336.88	-221.34
336.89	-238.66
336.89	-240.00
336.89	-235.33
336.89	-222.67
336.89	-220.00
336.89	-225.33
336.89	-225.33
336.89	-235.33
336.89	-231.34
336.90	-222.00
336.90	-220.66
336.90	-235.33
336.90	-232.00
336.90	-220.00
336.90	-223.33
336.90	-240.00
336.90	-239.34
336.91	-240.00
336.91	-240.00
336.91	-240.00
336.91	-240.00
336.91	-240.00
336.91	-240.00
336.91	-240.00
336.91	-238.66
336.92	-240.00
336.92	-223.33
336.92	-227.33
336.92	-233.33
336.92	-236.67
336.92	-240.00
336.92	-240.00
336.92	-234.00
336.92	-234.67
336.93	-240.00
336.93	-240.00
336.93	-240.00
336.93	-240.00
336.93	-240.00
336.93	-235.33
336.93	-226.67
336.93	-226.00
336.94	-219.34
336.94	-236.67
336.94	-240.00
336.94	-240.00
336.94	-240.00
336.94	-240.00
336.94	-240.00
336.94	-240.00
336.95	-240.00
336.95	-240.00
336.95	-240.00
336.95	-240.00
336.95	-240.00
336.95	-240.00
336.95	-240.00
336.95	-240.00
336.95	-240.00
336.96	-240.00
336.96	-240.00
336.96	-234.00
336.96	-236.00
336.96	-240.00
336.96	-238.66
336.96	-222.67
336.96	-230.00
336.97	-230.66
336.97	-220.66
336.97	-236.67
336.97	-240.00
336.97	-240.00
336.97	-240.00
336.97	-240.00
336.97	-233.33
336.97	-224.67
336.98	-240.00
336.98	-240.00
336.98	-240.00
336.98	-240.00
336.98	-240.00
336.98	-239.34
336.98	-240.00
336.98	-234.00
336.99	-220.66
336.99	-220.00
336.99	-232.67
336.99	-239.34
336.99	-240.00
336.99	-240.00
336.99	-240.00
336.99	-240.00
337.00	-240.00
337.00	-237.33
337.00	-230.66
337.00	-222.67
337.00	-225.33
337.00	-220.66
337.00	-230.66
337.00	-240.00
337.00	-240.00
337.01	-240.00
337.01	-240.00
337.01	-240.00
337.01	-237.33
337.01	-238.66
337.01	-240.00
337.01	-240.00
337.01	-235.33
337.02	-240.00
337.02	-240.00
337.02	-240.00
337.02	-240.00
337.02	-223.33
337.02	-234.67
337.02	-240.00
337.02	-240.00
337.02	-231.34
337.03	-238.00
337.03	-232.00
337.03	-232.00
337.03	-226.67
337.03	-230.66
337.03	-227.33
337.03	-236.67
337.03	-240.00
337.04	-226.00
337.04	-222.00
337.04	-220.00
337.04	-235.33
337.04	-239.34
337.04	-226.67
337.04	-228.66
337.04	-222.00
337.05	-232.67
337.05	-240.00
337.05	-240.00
337.05	-240.00
337.05	-240.00
337.05	-240.00
337.05	-235.33
337.05	-238.66
337.05	-240.00
337.06	-239.34
337.06	-240.00
337.06	-235.33
337.06	-231.34
337.06	-216.67
337.06	-240.00
337.06	-240.00
337.06	-240.00
337.07	-240.00
337.07	-234.67
337.07	-220.66
337.07	-235.33
337.07	-236.00
337.07	-240.00
337.07	-240.00
337.07	-240.00
337.07	-231.34
337.08	-221.34
337.08	-222.00
337.08	-224.00
337.08	-231.34
337.08	-240.00
337.08	-229.34
337.08	-220.66
337.08	-238.00
337.09	-240.00
337.09	-240.00
337.09	-240.00
337.09	-239.34
337.09	-240.00
337.09	-235.33
337.09	-239.34
337.09	-230.66
337.10	-228.66
337.10	-240.00
337.10	-240.00
337.10	-240.00
337.10	-239.34
337.10	-227.33
337.10	-220.66
337.10	-220.00
337.10	-233.33
337.11	-239.34
337.11	-240.00
337.11	-240.00
337.11	-240.00
337.11	-220.66
337.11	-235.33
337.11	-240.00
337.11	-240.00
337.12	-240.00
337.12	-240.00
337.12	-234.67
337.12	-219.34
337.12	-234.00
337.12	-240.00
337.12	-240.00
337.12	-240.00
337.13	-240.00
337.13	-225.33
337.13	-240.00
337.13	-232.00
337.13	-239.34
337.13	-215.33
337.13	-240.00
337.13	-232.67
337.13	-240.00
337.14	-234.00
337.14	-224.67
337.14	-238.00
337.14	-240.00
337.14	-236.67
337.14	-228.66
337.14	-223.33
337.14	-222.00
337.15	-229.34
337.15	-234.00
337.15	-240.00
337.15	-240.00
337.15	-238.00
337.15	-228.66
337.15	-240.00
337.15	-240.00
337.15	-234.00
337.16	-204.00
337.16	-210.00
337.16	-212.00
337.16	-222.00
337.16	-240.00
337.16	-234.67
337.16	-216.00
337.16	-238.66
337.17	-240.00
337.17	-240.00
337.17	-240.00
337.17	-236.67
337.17	-236.00
337.17	-240.00
337.17	-240.00
337.17	-237.33
337.18	-238.00
337.18	-240.00
337.18	-240.00
337.18	-240.00
337.18	-240.00
337.18	-240.00
337.18	-222.67
337.18	-236.67
337.18	-240.00
337.19	-228.00
337.19	-238.66
337.19	-240.00
337.19	-236.00
337.19	-228.66
337.19	-240.00
337.19	-240.00
337.19	-240.00
337.20	-240.00
337.20	-240.00
337.20	-240.00
337.20	-240.00
337.20	-240.00
337.20	-238.66
337.20	-230.00
337.20	-238.00
337.20	-236.00
337.21	-234.67
337.21	-234.00
337.21	-238.66
337.21	-238.66
337.21	-237.33
337.21	-240.00
337.21	-239.34
337.21	-240.00
337.22	-229.34
337.22	-238.00
337.22	-240.00
337.22	-240.00
337.22	-238.66
337.22	-239.34
337.22	-240.00
337.22	-240.00
337.23	-240.00
337.23	-239.34
337.23	-236.00
337.23	-234.67
337.23	-240.00
337.23	-239.34
337.23	-225.33
337.23	-201.34
337.23	-222.67
337.24	-218.66
337.24	-227.33
337.24	-240.00
337.24	-240.00
337.24	-239.34
337.24	-240.00
337.24	-240.00
337.24	-240.00
337.25	-240.00
337.25	-240.00
337.25	-240.00
337.25	-240.00
337.25	-240.00
337.25	-240.00
337.25	-240.00
337.25	-239.34
337.26	-240.00
337.26	-233.33
337.26	-233.33
337.26	-239.34
337.26	-220.66
337.26	-230.66
337.26	-239.34
337.26	-201.34
337.26	-235.33
337.27	-236.67
337.27	-223.33
337.27	-230.00
337.27	-237.33
337.27	-240.00
337.27	-215.33
337.27	-206.67
337.27	-230.00
337.28	-210.66
337.28	-232.00
337.28	-239.34
337.28	-240.00
337.28	-239.34
337.28	-232.00
337.28	-228.66
337.28	-222.67
337.28	-223.33
337.29	-210.00
337.29	-226.00
337.29	-211.34
337.29	-211.34
337.29	-210.66
337.29	-223.33
337.29	-240.00
337.29	-240.00
337.30	-238.66
337.30	-239.34
337.30	-240.00
337.30	-238.66
337.30	-222.00
337.30	-231.34
337.30	-240.00
337.30	-239.34
337.31	-233.33
337.31	-240.00
337.31	-239.34
337.31	-236.00
337.31	-237.33
337.31	-235.33
337.31	-236.00
337.31	-238.66
337.31	-216.67
337.32	-226.67
337.32	-206.00
337.32	-204.67
337.32	-207.33
337.32	-215.33
337.32	-236.67
337.32	-216.00
337.32	-216.00
337.33	-239.34
337.33	-234.67
337.33	-230.00
337.33	-240.00
337.33	-222.67
337.33	-210.00
337.33	-204.67
337.33	-206.00
337.33	-204.67
337.34	-206.00
337.34	-200.00
337.34	-201.34
337.34	-201.34
337.34	-202.00
337.34	-223.33
337.34	-231.34
337.34	-207.33
337.35	-205.33
337.35	-211.34
337.35	-236.00
337.35	-237.33
337.35	-236.00
337.35	-225.33
337.35	-234.00
337.35	-226.67
337.36	-236.00
337.36	-239.34
337.36	-222.00
337.36	-240.00
337.36	-218.66
337.36	-200.00
337.36	-200.66
337.36	-206.67
337.36	-200.00
337.37	-205.33
337.37	-240.00
337.37	-233.33
337.37	-220.66
337.37	-202.00
337.37	-206.67
337.37	-201.34
337.37	-200.00
337.38	-212.00
337.38	-203.33
337.38	-201.34
337.38	-208.66
337.38	-238.66
337.38	-208.00
337.38	-203.33
337.38	-200.66
337.38	-200.00
337.39	-200.00
337.39	-205.33
337.39	-208.66
337.39	-237.33
337.39	-230.00
337.39	-200.00
337.39	-202.67
337.39	-222.00
337.40	-232.00
337.40	-222.67
337.40	-201.34
337.40	-200.00
337.40	-200.00
337.40	-200.00
337.40	-200.66
337.40	-200.00
337.41	-199.34
337.41	-199.34
337.41	-200.66
337.41	-200.00
337.41	-200.00
337.41	-200.00
337.41	-200.66
337.41	-200.00
337.41	-200.66
337.42	-198.66
337.42	-199.34
337.42	-200.00
337.42	-200.00
337.42	-200.00
337.42	-201.34
337.42	-207.33
337.42	-210.66
337.43	-216.67
337.43	-215.33
337.43	-200.66
337.43	-200.00
337.43	-200.00
337.43	-200.00
337.43	-200.00
337.43	-200.00
337.44	-198.66
337.44	-200.00
337.44	-200.00
337.44	-199.34
337.44	-196.67
337.44	-190.00
337.44	-184.00
337.44	-164.00
337.44	-190.66
337.45	-199.34
337.45	-200.66
337.45	-199.34
337.45	-192.00
337.45	-192.67
337.45	-189.34
337.45	-192.00
337.45	-200.00
337.46	-172.67
337.46	-176.00
337.46	-193.33
337.46	-200.00
337.46	-200.00
337.46	-200.00
337.46	-200.00
337.46	-198.00
337.46	-187.33
337.47	-193.33
337.47	-184.67
337.47	-194.67
337.47	-188.66
337.47	-194.00
337.47	-163.33
337.47	-185.33
337.47	-168.00
337.48	-190.00
337.48	-177.33
337.48	-163.33
337.48	-172.00
337.48	-176.00
337.48	-184.67
337.48	-176.67
337.48	-164.67
337.49	-162.00
337.49	-152.00
337.49	-158.00
337.49	-180.66
337.49	-194.00
337.49	-200.00
337.49	-200.00
337.49	-186.00
337.49	-176.67
337.50	-168.00
337.50	-160.00
337.50	-156.67
337.50	-158.66
337.50	-159.34
337.50	-160.00
337.50	-160.00
337.50	-160.66
337.51	-159.34
337.51	-150.00
337.51	-157.33
337.51	-160.00
337.51	-170.00
337.51	-166.67
337.51	-179.34
337.51	-186.67
337.51	-171.34
337.52	-160.66
337.52	-158.00
337.52	-160.00
337.52	-184.67
337.52	-166.00
337.52	-152.67
337.52	-148.66
337.52	-154.00
337.53	-156.67
337.53	-150.00
337.53	-149.34
337.53	-155.33
337.53	-157.33
337.53	-154.00
337.53	-150.00
337.53	-149.34
337.54	-152.00
337.54	-156.67
337.54	-158.66
337.54	-152.67
337.54	-158.66
337.54	-156.67
337.54	-146.67
337.54	-160.00
337.54	-160.00
337.55	-160.00
337.55	-148.00
337.55	-150.66
337.55	-154.00
337.55	-151.34
337.55	-159.34
337.55	-148.00
337.55	-145.33
337.56	-154.67
337.56	-153.33
337.56	-151.34
337.56	-159.34
337.56	-160.00
337.56	-156.00
337.56	-151.34
337.56	-156.00
337.56	-160.00
337.57	-160.00
337.57	-160.00
337.57	-160.00
337.57	-158.66
337.57	-160.00
337.57	-152.67
337.57	-147.33
337.57	-142.00
337.58	-126.67
337.58	-157.33
337.58	-160.00
337.58	-142.67
337.58	-120.00
337.58	-122.67
337.58	-121.34
337.58	-129.34
337.59	-139.34
337.59	-124.67
337.59	-130.66
337.59	-124.00
337.59	-139.34
337.59	-128.66
337.59	-120.00
337.59	-125.33
337.59	-130.66
337.60	-120.00
337.60	-120.00
337.60	-121.34
337.60	-120.00
337.60	-120.00
337.60	-116.67
337.60	-115.33
337.60	-110.00
337.61	-109.34
337.61	-109.34
337.61	-100.00
337.61	-98.00
337.61	-102.00
337.61	-110.00
337.61	-110.66
337.61	-120.00
337.62	-113.33
337.62	-98.66
337.62	-102.00
337.62	-99.34
337.62	-98.00
337.62	-102.00
337.62	-92.67
337.62	-88.66
337.62	-90.00
337.63	-83.33
337.63	-82.67
337.63	-76.00
337.63	-70.00
337.63	-76.67
337.63	-94.67
337.63	-71.34
337.63	-71.34
337.64	-76.00
337.64	-76.67
337.64	-80.00
337.64	-80.00
337.64	-80.00
337.64	-68.00
337.64	-76.00
337.64	-78.66
337.64	-76.67
337.65	-74.00
337.65	-76.67
337.65	-74.00
337.65	-42.67
337.65	-40.00
337.65	-59.34
337.65	-59.34
337.65	-64.00
337.66	-51.34
337.66	-48.66
337.66	-40.00
337.66	-40.00
337.66	-40.00
337.66	-40.00
337.66	-40.00
337.66	-46.67
337.67	-40.00
337.67	-40.00
337.67	-40.00
337.67	-40.00
337.67	-40.00
337.67	-40.00
337.67	-40.00
337.67	-40.00
337.67	-40.00
337.68	-40.00
337.68	-40.00
337.68	-40.00
337.68	-40.00
337.68	-2.67
337.68	0.00
337.68	0.00
337.68	0.00
337.69	1.33
337.69	12.67
337.69	1.33
337.69	28.00
337.69	20.00
337.69	10.00
337.69	36.67
337.69	40.00
337.69	40.00
337.70	40.00
337.70	40.00
337.70	40.00
337.70	40.00
337.70	44.00
337.70	43.33
337.70	41.33
337.70	40.00
337.71	40.00
337.71	45.33
337.71	66.00
337.71	78.67
337.71	80.00
337.71	80.00
337.71	80.00
337.71	80.00
337.72	80.00
337.72	91.33
337.72	81.33
337.72	80.00
337.72	84.00
337.72	116.67
337.72	118.67
337.72	119.33
337.72	120.00
337.73	120.00
337.73	120.00
337.73	120.00
337.73	120.00
337.73	120.00
337.73	120.00
337.73	120.00
337.73	120.00
337.74	133.33
337.74	137.33
337.74	130.67
337.74	140.00
337.74	160.00
337.74	160.00
337.74	160.00
337.74	166.67
337.75	192.00
337.75	184.00
337.75	199.33
337.75	200.00
337.75	200.00
337.75	200.00
337.75	200.00
337.75	200.67
337.75	206.00
337.76	223.33
337.76	225.33
337.76	231.33
337.76	240.00
337.76	240.00
337.76	240.00
337.76	240.00
337.76	240.67
337.77	242.00
337.77	254.00
337.77	240.67
337.77	248.00
337.77	280.00
337.77	280.00
337.77	280.00
337.77	280.00
337.77	281.33
337.78	291.33
337.78	280.00
337.78	315.33
337.78	310.00
337.78	320.00
337.78	312.00
337.78	319.33
337.78	320.00
337.79	320.00
337.79	324.67
337.79	358.00
337.79	360.00
337.79	360.00
337.79	360.67
337.79	375.33
337.79	394.00
337.80	394.00
337.80	400.00
337.80	400.00
337.80	400.00
337.80	400.00
337.80	400.00
337.80	400.67
337.80	410.00
337.80	412.67
337.81	437.33
337.81	440.00
337.81	440.00
337.81	440.00
337.81	440.00
337.81	440.00
337.81	440.00
337.81	440.00
337.82	440.00
337.82	440.00
337.82	444.67
337.82	440.00
337.82	443.33
337.82	475.33
337.82	455.33
337.82	449.33
337.82	466.00
337.83	472.00
337.83	478.00
337.83	480.00
337.83	480.00
337.83	493.33
337.83	485.33
337.83	479.33
337.83	471.33
337.84	480.00
337.84	481.33
337.84	472.00
337.84	460.67
337.84	476.67
337.84	478.67
337.84	476.67
337.84	488.00
337.85	482.67
337.85	469.33
337.85	470.00
337.85	442.00
337.85	442.00
337.85	440.00
337.85	440.00
337.85	440.00
337.85	440.00
337.86	440.00
337.86	439.33
337.86	434.67
337.86	406.00
337.86	401.33
337.86	400.00
337.86	400.00
337.86	400.00
337.87	395.33
337.87	369.33
337.87	366.00
337.87	360.00
337.87	351.33
337.87	322.00
337.87	320.00
337.87	304.00
337.87	280.00
337.88	280.00
337.88	271.33
337.88	247.33
337.88	264.67
337.88	240.00
337.88	218.00
337.88	202.67
337.88	186.00
337.89	164.67
337.89	140.00
337.89	120.67
337.89	120.00
337.89	110.00
337.89	82.67
337.89	80.00
337.89	46.00
337.90	40.00
337.90	26.00
337.90	0.00
337.90	0.00
337.90	-17.33
337.90	-74.67
337.90	-70.66
337.90	-107.33
337.90	-120.00
337.91	-149.34
337.91	-168.00
337.91	-176.00
337.91	-202.00
337.91	-238.66
337.91	-233.33
337.91	-253.33
337.91	-290.66
337.92	-312.67
337.92	-320.00
337.92	-318.00
337.92	-359.34
337.92	-390.66
337.92	-390.66
337.92	-415.33
337.92	-454.00
337.93	-475.33
337.93	-477.33
337.93	-488.66
337.93	-489.34
337.93	-522.67
337.93	-524.00
337.93	-548.66
337.93	-587.33
337.93	-598.00
337.94	-608.66
337.94	-639.34
337.94	-644.67
337.94	-660.66
337.94	-676.67
337.94	-686.00
337.94	-716.00
337.94	-711.34
337.95	-725.33
337.95	-744.67
337.95	-760.00
337.95	-774.00
337.95	-800.00
337.95	-795.33
337.95	-800.00
337.95	-805.33
337.95	-810.00
337.96	-805.33
337.96	-830.66
337.96	-840.66
337.96	-878.00
337.96	-878.66
337.96	-880.00
337.96	-869.34
337.96	-876.00
337.97	-882.00
337.97	-884.00
337.97	-893.33
337.97	-918.66
337.97	-917.33
337.97	-920.00
337.97	-920.00
337.97	-920.00
337.98	-920.00
337.98	-920.66
337.98	-920.00
337.98	-936.67
337.98	-958.66
337.98	-958.66
337.98	-960.00
337.98	-958.00
337.98	-951.34
337.99	-930.66
337.99	-932.00
337.99	-956.67
337.99	-954.67
337.99	-956.67
337.99	-960.00
337.99	-960.00
337.99	-957.33
338.00	-936.00
338.00	-954.67
338.00	-934.67
338.00	-920.66
338.00	-929.34
338.00	-920.00
338.00	-920.00
338.00	-920.00
338.00	-920.00
338.01	-920.00
338.01	-920.00
338.01	-920.00
338.01	-900.00
338.01	-892.67
338.01	-884.67
338.01	-878.00
338.01	-864.00
338.02	-877.33
338.02	-875.33
338.02	-870.66
338.02	-870.66
338.02	-873.33
338.02	-862.67
338.02	-878.66
338.02	-856.00
338.03	-840.00
338.03	-841.34
338.03	-840.00
338.03	-830.66
338.03	-836.67
338.03	-834.00
338.03	-802.67
338.03	-807.33
338.03	-800.00
338.04	-800.00
338.04	-793.33
338.04	-784.67
338.04	-798.66
338.04	-797.33
338.04	-800.00
338.04	-800.00
338.04	-796.67
338.05	-793.33
338.05	-776.00
338.05	-760.00
338.05	-760.00
338.05	-760.00
338.05	-760.00
338.05	-735.33
338.05	-746.67
338.05	-740.00
338.06	-722.67
338.06	-714.67
338.06	-707.33
338.06	-709.34
338.06	-719.34
338.06	-709.34
338.06	-720.00
338.06	-716.00
338.07	-680.66
338.07	-679.34
338.07	-661.34
338.07	-660.00
338.07	-660.66
338.07	-659.34
338.07	-660.00
338.07	-659.34
338.08	-654.00
338.08	-630.00
338.08	-652.67
338.08	-654.67
338.08	-626.67
338.08	-639.34
338.08	-615.33
338.08	-610.66
338.08	-619.34
338.09	-622.67
338.09	-640.00
338.09	-623.33
338.09	-625.33
338.09	-618.00
338.09	-600.66
338.09	-599.34
338.09	-600.00
338.10	-600.00
338.10	-598.00
338.10	-595.33
338.10	-558.66
338.10	-556.67
338.10	-553.33
338.10	-544.00
338.10	-550.66
338.11	-557.33
338.11	-549.34
338.11	-557.33
338.11	-559.34
338.11	-542.67
338.11	-551.34
338.11	-560.00
338.11	-550.66
338.11	-555.33
338.12	-543.33
338.12	-520.00
338.12	-520.00
338.12	-520.00
338.12	-520.00
338.12	-506.00
338.12	-511.34
338.12	-501.34
338.13	-499.34
338.13	-483.33
338.13	-489.34
338.13	-492.00
338.13	-498.00
338.13	-489.34
338.13	-486.67
338.13	-483.33
338.13	-482.67
338.14	-479.34
338.14	-466.67
338.14	-464.67
338.14	-464.00
338.14	-472.67
338.14	-480.00
338.14	-477.33
338.14	-480.00
338.15	-472.00
338.15	-460.66
338.15	-468.66
338.15	-475.33
338.15	-440.66
338.15	-462.67
338.15	-474.67
338.15	-448.66
338.16	-440.00
338.16	-440.00
338.16	-439.34
338.16	-439.34
338.16	-434.00
338.16	-438.66
338.16	-427.33
338.16	-422.67
338.16	-432.67
338.17	-440.00
338.17	-440.00
338.17	-435.33
338.17	-406.67
338.17	-394.67
338.17	-406.00
338.17	-408.66
338.17	-390.66
338.18	-385.33
338.18	-385.33
338.18	-386.67
338.18	-390.00
338.18	-388.00
338.18	-384.67
338.18	-389.34
338.18	-394.00
338.18	-388.66
338.19	-394.67
338.19	-389.34
338.19	-398.00
338.19	-399.34
338.19	-392.00
338.19	-398.00
338.19	-390.00
338.19	-400.00
338.20	-398.66
338.20	-398.66
338.20	-400.00
338.20	-396.67
338.20	-400.00
338.20	-399.34
338.20	-368.66
338.20	-376.67
338.21	-360.00
338.21	-362.00
338.21	-361.34
338.21	-388.66
338.21	-373.33
338.21	-360.00
338.21	-360.00
338.21	-375.33
338.21	-360.00
338.22	-360.66
338.22	-360.00
338.22	-360.00
338.22	-360.00
338.22	-360.00
338.22	-360.00
338.22	-360.00
338.22	-360.00
338.23	-360.00
338.23	-360.00
338.23	-360.00
338.23	-360.00
338.23	-360.00
338.23	-360.00
338.23	-344.67
338.23	-320.00
338.24	-324.67
338.24	-360.00
338.24	-360.00
338.24	-360.00
338.24	-360.00
338.24	-347.33
338.24	-320.00
338.24	-328.66
338.24	-360.00
338.25	-334.00
338.25	-318.66
338.25	-314.00
338.25	-318.66
338.25	-320.00
338.25	-306.00
338.25	-318.66
338.25	-316.00
338.26	-313.33
338.26	-306.67
338.26	-320.00
338.26	-318.00
338.26	-304.67
338.26	-315.33
338.26	-320.00
338.26	-319.34
338.26	-310.66
338.27	-319.34
338.27	-308.66
338.27	-306.00
338.27	-318.00
338.27	-304.00
338.27	-302.67
338.27	-309.34
338.27	-314.00
338.28	-320.00
338.28	-320.00
338.28	-320.00
338.28	-320.00
338.28	-320.00
338.28	-312.00
338.28	-317.33
338.28	-320.00
338.29	-317.33
338.29	-310.00
338.29	-308.66
338.29	-312.00
338.29	-314.67
338.29	-316.67
338.29	-314.67
338.29	-303.33
338.29	-316.67
338.30	-320.00
338.30	-318.66
338.30	-320.00
338.30	-320.00
338.30	-320.00
338.30	-320.00
338.30	-319.34
338.30	-320.00
338.31	-307.33
338.31	-315.33
338.31	-297.33
338.31	-281.34
338.31	-288.00
338.31	-290.66
338.31	-318.00
338.31	-310.66
338.31	-320.00
338.32	-320.00
338.32	-319.34
338.32	-310.66
338.32	-306.00
338.32	-316.00
338.32	-315.33
338.32	-280.66
338.32	-285.33
338.33	-306.67
338.33	-306.67
338.33	-300.00
338.33	-314.00
338.33	-318.66
338.33	-319.34
338.33	-304.00
338.33	-305.33
338.34	-280.00
338.34	-280.00
338.34	-280.66
338.34	-280.00
338.34	-280.66
338.34	-280.00
338.34	-280.00
338.34	-290.66
338.34	-293.33
338.35	-280.00
338.35	-280.00
338.35	-280.00
338.35	-280.00
338.35	-280.00
338.35	-280.00
338.35	-280.00
338.35	-280.00
338.36	-280.00
338.36	-278.00
338.36	-280.00
338.36	-280.00
338.36	-280.00
338.36	-280.00
338.36	-280.00
338.36	-280.00
338.36	-278.66
338.37	-281.34
338.37	-294.67
338.37	-304.00
338.37	-282.67
338.37	-281.34
338.37	-282.00
338.37	-280.00
338.37	-280.00
338.38	-282.67
338.38	-280.00
338.38	-277.33
338.38	-278.66
338.38	-280.00
338.38	-280.00
338.38	-280.00
338.38	-280.00
338.39	-279.34
338.39	-279.34
338.39	-280.00
338.39	-280.00
338.39	-280.00
338.39	-279.34
338.39	-280.00
338.39	-279.34
338.39	-280.00
338.40	-280.00
338.40	-280.00
338.40	-280.00
338.40	-280.00
338.40	-280.00
338.40	-280.00
338.40	-280.00
338.40	-272.67
338.41	-280.00
338.41	-280.00
338.41	-280.00
338.41	-278.66
338.41	-279.34
338.41	-280.00
338.41	-280.00
338.41	-281.34
338.42	-280.00
338.42	-280.00
338.42	-280.00
338.42	-280.00
338.42	-279.34
338.42	-280.00
338.42	-280.00
338.42	-280.00
338.42	-276.67
338.43	-268.00
338.43	-264.00
338.43	-270.66
338.43	-280.00
338.43	-268.00
338.43	-242.67
338.43	-260.66
338.43	-280.00
338.44	-278.00
338.44	-277.33
338.44	-279.34
338.44	-274.00
338.44	-273.33
338.44	-259.34
338.44	-271.34
338.44	-279.34
338.44	-280.00
338.45	-271.34
338.45	-244.00
338.45	-248.66
338.45	-238.66
338.45	-255.33
338.45	-256.67
338.45	-274.67
338.45	-266.67
338.46	-267.33
338.46	-263.33
338.46	-266.67
338.46	-252.67
338.46	-269.34
338.46	-274.67
338.46	-258.00
338.46	-274.00
338.47	-246.67
338.47	-252.67
338.47	-248.00
338.47	-278.66
338.47	-279.34
338.47	-279.34
338.47	-280.00
338.47	-280.00
338.47	-280.00
338.48	-281.34
338.48	-280.00
338.48	-279.34
338.48	-273.33
338.48	-274.00
338.48	-280.00
338.48	-274.67
338.48	-268.00
338.49	-278.66
338.49	-259.34
338.49	-272.67
338.49	-258.00
338.49	-274.00
338.49	-260.66
338.49	-256.00
338.49	-239.34
338.49	-246.67
338.50	-236.67
338.50	-255.33
338.50	-242.67
338.50	-240.66
338.50	-242.67
338.50	-271.34
338.50	-270.00
338.50	-256.00
338.51	-242.00
338.51	-240.66
338.51	-238.00
338.51	-246.67
338.51	-276.67
338.51	-270.66
338.51	-249.34
338.51	-244.67
338.52	-270.00
338.52	-276.67
338.52	-269.34
338.52	-272.00
338.52	-279.34
338.52	-256.67
338.52	-261.34
338.52	-268.66
338.52	-252.00
338.53	-244.67
338.53	-254.67
338.53	-268.66
338.53	-256.00
338.53	-263.33
338.53	-256.00
338.53	-262.00
338.53	-252.67
338.54	-250.00
338.54	-268.00
338.54	-272.00
338.54	-277.33
338.54	-269.34
338.54	-246.00
338.54	-261.34
338.54	-265.33
338.55	-248.00
338.55	-267.33
338.55	-264.00
338.55	-247.33
338.55	-248.66
338.55	-240.66
338.55	-242.67
338.55	-247.33
338.55	-238.66
338.56	-252.00
338.56	-264.00
338.56	-252.67
338.56	-244.67
338.56	-249.34
338.56	-248.66
338.56	-234.67
338.56	-234.67
338.57	-255.33
338.57	-254.00
338.57	-242.67
338.57	-231.34
338.57	-238.66
338.57	-250.66
338.57	-250.66
338.57	-254.00
338.57	-242.00
338.58	-244.67
338.58	-244.00
338.58	-244.67
338.58	-245.33
338.58	-257.33
338.58	-279.34
338.58	-274.67
338.58	-266.00
338.59	-277.33
338.59	-270.00
338.59	-253.33
338.59	-253.33
338.59	-249.34
338.59	-228.00
338.59	-231.34
338.59	-245.33
338.60	-240.00
338.60	-248.66
338.60	-236.67
338.60	-246.00
338.60	-236.00
338.60	-246.67
338.60	-241.34
338.60	-245.33
338.60	-246.00
338.61	-232.00
338.61	-246.00
338.61	-244.67
338.61	-234.00
338.61	-226.00
338.61	-228.00
338.61	-238.66
338.61	-240.00
338.62	-236.67
338.62	-243.33
338.62	-232.67
338.62	-226.67
338.62	-231.34
338.62	-234.67
338.62	-241.34
338.62	-244.00
338.62	-259.34
338.63	-229.34
338.63	-225.33
338.63	-226.67
338.63	-240.00
338.63	-238.66
338.63	-223.33
338.63	-222.00
338.63	-230.00
338.64	-244.67
338.64	-244.00
338.64	-240.00
338.64	-225.33
338.64	-236.67
338.64	-238.00
338.64	-226.67
338.64	-238.00
338.65	-228.66
338.65	-241.34
338.65	-241.34
338.65	-242.00
338.65	-232.00
338.65	-240.66
338.65	-249.34
338.65	-233.33
338.65	-222.67
338.66	-235.33
338.66	-236.67
338.66	-238.00
338.66	-238.66
338.66	-232.67
338.66	-233.33
338.66	-222.67
338.66	-221.34
338.67	-237.33
338.67	-240.00
338.67	-230.66
338.67	-236.67
338.67	-241.34
338.67	-251.34
338.67	-244.00
338.67	-231.34
338.67	-238.66
338.68	-226.00
338.68	-237.33
338.68	-248.00
338.68	-247.33
338.68	-242.00
338.68	-254.00
338.68	-251.34
338.68	-246.00
338.69	-253.33
338.69	-254.67
338.69	-236.67
338.69	-223.33
338.69	-242.00
338.69	-245.33
338.69	-232.67
338.69	-238.66
338.70	-232.00
338.70	-234.00
338.70	-231.34
338.70	-238.66
338.70	-233.33
338.70	-228.66
338.70	-234.67
338.70	-225.33
338.70	-222.00
338.71	-227.33
338.71	-240.00
338.71	-230.00
338.71	-226.67
338.71	-225.33
338.71	-236.00
338.71	-227.33
338.71	-236.67
338.72	-255.33
338.72	-230.66
338.72	-240.66
338.72	-248.66
338.72	-239.34
338.72	-220.66
338.72	-242.00
338.72	-241.34
338.73	-230.00
338.73	-238.00
338.73	-220.66
338.73	-220.00
338.73	-225.33
338.73	-237.33
338.73	-237.33
338.73	-241.34
338.73	-254.00
338.74	-256.67
338.74	-244.67
338.74	-226.67
338.74	-224.00
338.74	-232.67
338.74	-238.66
338.74	-228.66
338.74	-232.67
338.75	-242.67
338.75	-240.66
338.75	-227.33
338.75	-233.33
338.75	-224.00
338.75	-228.00
338.75	-236.00
338.75	-238.00
338.75	-234.67
338.76	-240.00
338.76	-244.67
338.76	-252.67
338.76	-231.34
338.76	-238.66
338.76	-231.34
338.76	-240.00
338.76	-238.00
338.77	-236.67
338.77	-234.67
338.77	-231.34
338.77	-226.67
338.77	-231.34
338.77	-239.34
338.77	-242.67
338.77	-225.33
338.78	-235.33
338.78	-227.33
338.78	-230.66
338.78	-240.00
338.78	-230.00
338.78	-240.00
338.78	-229.34
338.78	-224.00
338.78	-229.34
338.79	-234.67
338.79	-232.67
338.79	-238.00
338.79	-226.00
338.79	-228.66
338.79	-232.00
338.79	-240.66
338.79	-237.33
338.80	-230.00
338.80	-222.00
338.80	-239.34
338.80	-232.00
338.80	-234.67
338.80	-234.00
338.80	-238.00
338.80	-247.33
338.80	-234.00
338.81	-228.66
338.81	-247.33
338.81	-248.00
338.81	-226.67
338.81	-236.00
338.81	-227.33
338.81	-238.00
338.81	-240.00
338.82	-238.00
338.82	-234.67
338.82	-250.00
338.82	-256.00
338.82	-254.00
338.82	-228.00
338.82	-234.00
338.82	-244.67
338.83	-224.67
338.83	-232.67
338.83	-226.00
338.83	-221.34
338.83	-233.33
338.83	-233.33
338.83	-238.00
338.83	-220.66
338.83	-232.00
338.84	-233.33
338.84	-226.67
338.84	-240.00
338.84	-240.00
338.84	-236.67
338.84	-224.00
338.84	-224.00
338.84	-225.33
338.85	-235.33
338.85	-225.33
338.85	-232.00
338.85	-232.67
338.85	-231.34
338.85	-238.00
338.85	-230.66
338.85	-240.00
338.85	-229.34
338.86	-232.00
338.86	-228.66
338.86	-238.66
338.86	-248.00
338.86	-246.67
338.86	-228.00
338.86	-229.34
338.86	-236.67
338.87	-236.67
338.87	-240.66
338.87	-237.33
338.87	-236.00
338.87	-240.66
338.87	-230.66
338.87	-226.67
338.87	-228.66
338.88	-235.33
338.88	-240.00
338.88	-240.00
338.88	-240.00
338.88	-226.00
338.88	-234.00
338.88	-239.34
338.88	-239.34
338.88	-237.33
338.89	-237.33
338.89	-235.33
338.89	-238.00
338.89	-233.33
338.89	-238.66
338.89	-240.00
338.89	-240.00
338.89	-239.34
338.90	-233.33
338.90	-240.00
338.90	-222.67
338.90	-231.34
338.90	-240.00
338.90	-223.33
338.90	-228.66
338.90	-238.66
338.91	-238.66
338.91	-239.34
338.91	-228.00
338.91	-232.67
338.91	-227.33
338.91	-231.34
338.91	-236.67
338.91	-232.00
338.91	-237.33
338.92	-224.67
338.92	-239.34
338.92	-232.67
338.92	-244.00
338.92	-244.00
338.92	-231.34
338.92	-230.66
338.92	-240.00
338.93	-240.00
338.93	-238.66
338.93	-238.66
338.93	-228.00
338.93	-220.00
338.93	-229.34
338.93	-239.34
338.93	-241.34
338.93	-231.34
338.94	-225.33
338.94	-222.67
338.94	-221.34
338.94	-224.67
338.94	-238.66
338.94	-232.00
338.94	-237.33
338.94	-234.00
338.95	-240.66
338.95	-231.34
338.95	-221.34
338.95	-222.67
338.95	-228.66
338.95	-238.66
338.95	-233.33
338.95	-224.00
338.96	-232.00
338.96	-240.00
338.96	-240.00
338.96	-235.33
338.96	-226.67
338.96	-226.00
338.96	-225.33
338.96	-228.00
338.96	-246.67
338.97	-238.00
338.97	-240.00
338.97	-247.33
338.97	-246.67
338.97	-224.67
338.97	-226.67
338.97	-224.67
338.97	-224.67
338.98	-228.66
338.98	-231.34
338.98	-222.67
338.98	-226.67
338.98	-253.33
338.98	-242.67
338.98	-234.67
338.98	-236.00
338.98	-228.66
338.99	-226.00
338.99	-224.67
338.99	-240.00
338.99	-231.34
338.99	-234.00
338.99	-233.33
338.99	-227.33
338.99	-237.33
339.00	-234.67
339.00	-224.67
339.00	-224.00
339.00	-240.00
339.00	-222.00
339.00	-220.00
339.00	-236.67
339.00	-239.34
339.01	-239.34
339.01	-232.00
339.01	-239.34
339.01	-242.00
339.01	-233.33
339.01	-230.66
339.01	-232.67
339.01	-230.00
339.01	-227.33
339.02	-236.00
339.02	-242.00
339.02	-238.66
339.02	-230.66
339.02	-240.00
339.02	-240.00
339.02	-232.00
339.02	-229.34
339.03	-224.67
339.03	-221.34
339.03	-228.66
339.03	-231.34
339.03	-230.00
339.03	-228.66
339.03	-235.33
339.03	-232.67
339.04	-240.00
339.04	-234.67
339.04	-230.66
339.04	-231.34
339.04	-230.66
339.04	-223.33
339.04	-238.00
339.04	-240.00
339.04	-228.00
339.05	-234.67
339.05	-225.33
339.05	-230.66
339.05	-234.67
339.05	-237.33
339.05	-228.66
339.05	-229.34
339.05	-228.00
339.06	-221.34
339.06	-234.00
339.06	-238.66
339.06	-232.67
339.06	-232.67
339.06	-238.66
339.06	-229.34
339.06	-234.67
339.06	-239.34
339.07	-234.00
339.07	-237.33
339.07	-235.33
339.07	-247.33
339.07	-240.66
339.07	-238.66
339.07	-230.66
339.07	-236.00
339.08	-227.33
339.08	-225.33
339.08	-238.00
339.08	-236.00
339.08	-240.00
339.08	-225.33
339.08	-232.00
339.08	-240.00
339.09	-240.00
339.09	-240.00
339.09	-234.00
339.09	-235.33
339.09	-233.33
339.09	-240.00
339.09	-240.00
339.09	-235.33
339.09	-224.67
339.10	-240.00
339.10	-230.00
339.10	-233.33
339.10	-236.67
339.10	-229.34
339.10	-226.67
339.10	-238.66
339.10	-230.00
339.11	-236.00
339.11	-224.00
339.11	-237.33
339.11	-225.33
339.11	-221.34
339.11	-224.00
339.11	-223.33
339.11	-235.33
339.11	-240.00
339.12	-236.00
339.12	-236.00
339.12	-227.33
339.12	-230.66
339.12	-234.00
339.12	-235.33
339.12	-238.66
339.12	-228.66
339.13	-236.00
339.13	-227.33
339.13	-240.00
339.13	-238.00
339.13	-222.67
339.13	-236.00
339.13	-232.67
339.13	-224.67
339.14	-225.33
339.14	-220.66
339.14	-220.66
339.14	-222.00
339.14	-224.00
339.14	-226.67
339.14	-240.00
339.14	-232.00
339.14	-236.67
339.15	-240.00
339.15	-233.33
339.15	-224.67
339.15	-228.66
339.15	-223.33
339.15	-224.00
339.15	-225.33
339.15	-240.00
339.16	-236.67
339.16	-238.66
339.16	-238.00
339.16	-256.67
339.16	-250.00
339.16	-224.00
339.16	-220.00
339.16	-228.00
339.16	-240.00
339.17	-223.33
339.17	-224.00
339.17	-236.67
339.17	-240.00
339.17	-231.34
339.17	-220.66
339.17	-238.00
339.17	-228.00
339.18	-225.33
339.18	-236.67
339.18	-240.00
339.18	-232.00
339.18	-238.00
339.18	-240.00
339.18	-240.00
339.18	-226.00
339.19	-228.00
339.19	-234.00
339.19	-240.00
339.19	-239.34
339.19	-228.66
339.19	-236.00
339.19	-230.66
339.19	-232.00
339.19	-228.66
339.20	-228.66
339.20	-236.67
339.20	-224.00
339.20	-240.00
339.20	-240.00
339.20	-238.66
339.20	-231.34
339.20	-230.00
339.21	-240.00
339.21	-230.66
339.21	-220.66
339.21	-239.34
339.21	-234.00
339.21	-241.34
339.21	-246.67
339.21	-236.67
339.22	-227.33
339.22	-238.00
339.22	-240.00
339.22	-234.00
339.22	-226.00
339.22	-238.66
339.22	-231.34
339.22	-220.00
339.22	-233.33
339.23	-240.00
339.23	-240.00
339.23	-238.66
339.23	-240.00
339.23	-238.00
339.23	-236.00
339.23	-226.00
339.23	-229.34
339.24	-238.00
339.24	-232.67
339.24	-229.34
339.24	-225.33
339.24	-232.00
339.24	-231.34
339.24	-237.33
339.24	-236.67
339.24	-237.33
339.25	-223.33
339.25	-222.00
339.25	-226.00
339.25	-236.67
339.25	-240.00
339.25	-240.00
339.25	-232.00
339.25	-228.66
339.26	-224.67
339.26	-240.00
339.26	-242.00
339.26	-224.67
339.26	-224.00
339.26	-237.33
339.26	-238.00
339.26	-235.33
339.27	-239.34
339.27	-227.33
339.27	-236.00
339.27	-230.00
339.27	-226.67
339.27	-231.34
339.27	-230.66
339.27	-231.34
339.27	-224.00
339.28	-228.66
339.28	-240.00
339.28	-228.00
339.28	-238.66
339.28	-224.67
339.28	-231.34
339.28	-223.33
339.28	-240.00
339.29	-240.00
339.29	-240.00
339.29	-233.33
339.29	-238.66
339.29	-224.00
339.29	-236.00
339.29	-240.66
339.29	-224.67
339.29	-221.34
339.30	-240.00
339.30	-240.00
339.30	-240.00
339.30	-228.66
339.30	-223.33
339.30	-221.34
339.30	-244.67
339.30	-246.00
339.31	-224.67
339.31	-224.67
339.31	-231.34
339.31	-240.00
339.31	-238.66
339.31	-228.00
339.31	-230.00
339.31	-240.00
339.32	-228.66
339.32	-238.66
339.32	-238.66
339.32	-240.00
339.32	-234.67
339.32	-226.00
339.32	-224.00
339.32	-235.33
339.32	-232.67
339.33	-238.66
339.33	-240.00
339.33	-240.00
339.33	-240.00
339.33	-234.67
339.33	-242.67
339.33	-227.33
339.33	-223.33
339.34	-220.66
339.34	-228.66
339.34	-238.00
339.34	-241.34
339.34	-228.00
339.34	-220.66
339.34	-224.67
339.34	-230.66
339.35	-232.67
339.35	-224.67
339.35	-236.67
339.35	-240.00
339.35	-231.34
339.35	-236.67
339.35	-228.00
339.35	-222.67
339.35	-232.67
339.36	-232.67
339.36	-236.67
339.36	-234.67
339.36	-223.33
339.36	-224.00
339.36	-238.66
339.36	-244.00
339.36	-224.67
339.37	-222.00
339.37	-229.34
339.37	-239.34
339.37	-231.34
339.37	-236.67
339.37	-240.00
339.37	-239.34
339.37	-238.00
339.37	-224.00
339.38	-223.33
339.38	-227.33
339.38	-224.00
339.38	-240.00
339.38	-236.00
339.38	-222.00
339.38	-234.00
339.38	-236.00
339.39	-234.67
339.39	-222.00
339.39	-226.67
339.39	-223.33
339.39	-239.34
339.39	-224.67
339.39	-230.00
339.39	-232.00
339.40	-220.00
339.40	-234.00
339.40	-224.67
339.40	-220.66
339.40	-237.33
339.40	-239.34
339.40	-239.34
339.40	-237.33
339.40	-242.67
339.41	-238.00
339.41	-230.00
339.41	-230.66
339.41	-230.66
339.41	-223.33
339.41	-230.66
339.41	-236.67
339.41	-232.67
339.42	-230.00
339.42	-235.33
339.42	-232.00
339.42	-234.00
339.42	-240.00
339.42	-232.00
339.42	-240.00
339.42	-240.00
339.42	-240.00
339.43	-225.33
339.43	-221.34
339.43	-228.00
339.43	-231.34
339.43	-221.34
339.43	-224.00
339.43	-240.00
339.43	-224.00
339.44	-232.67
339.44	-236.67
339.44	-237.33
339.44	-228.66
339.44	-246.67
339.44	-231.34
339.44	-230.66
339.44	-225.33
339.45	-237.33
339.45	-240.00
339.45	-240.00
339.45	-223.33
339.45	-225.33
339.45	-237.33
339.45	-234.67
339.45	-226.67
339.45	-240.00
339.46	-238.66
339.46	-240.00
339.46	-223.33
339.46	-240.00
339.46	-236.67
339.46	-228.00
339.46	-224.00
339.46	-226.00
339.47	-234.00
339.47	-236.67
339.47	-222.00
339.47	-228.00
339.47	-229.34
339.47	-238.66
339.47	-230.00
339.47	-236.67
339.47	-240.00
339.48	-233.33
339.48	-225.33
339.48	-222.67
339.48	-236.67
339.48	-226.00
339.48	-236.00
339.48	-240.00
339.48	-240.00
339.49	-240.00
339.49	-234.67
339.49	-230.00
339.49	-232.00
339.49	-237.33
339.49	-241.34
339.49	-228.66
339.49	-240.00
339.50	-230.66
339.50	-234.00
339.50	-240.00
339.50	-230.66
339.50	-220.00
339.50	-220.66
339.50	-238.66
339.50	-238.66
339.50	-240.00
339.51	-227.33
339.51	-222.67
339.51	-224.67
339.51	-223.33
339.51	-237.33
339.51	-236.67
339.51	-230.00
339.51	-239.34
339.52	-224.00
339.52	-222.00
339.52	-224.00
339.52	-238.00
339.52	-240.00
339.52	-240.00
339.52	-224.67
339.52	-235.33
339.53	-223.33
339.53	-230.66
339.53	-224.00
339.53	-238.66
339.53	-230.00
339.53	-228.66
339.53	-226.00
339.53	-222.67
339.53	-226.67
339.54	-227.33
339.54	-228.66
339.54	-239.34
339.54	-230.66
339.54	-240.00
339.54	-224.00
339.54	-229.34
339.54	-236.67
339.55	-232.00
339.55	-221.34
339.55	-234.67
339.55	-238.00
339.55	-240.00
339.55	-230.66
339.55	-227.33
339.55	-226.00
339.55	-230.66
339.56	-225.33
339.56	-222.67
339.56	-231.34
339.56	-230.00
339.56	-240.66
339.56	-230.66
339.56	-230.00
339.56	-222.67
339.57	-232.67
339.57	-240.00
339.57	-240.00
339.57	-236.00
339.57	-236.00
339.57	-237.33
339.57	-234.00
339.57	-226.00
339.58	-236.00
339.58	-240.00
339.58	-240.00
339.58	-240.00
339.58	-240.00
339.58	-228.66
339.58	-220.66
339.58	-220.00
339.58	-227.33
339.59	-238.00
339.59	-240.00
339.59	-238.66
339.59	-248.66
339.59	-234.00
339.59	-240.00
339.59	-236.00
339.59	-226.67
339.60	-228.00
339.60	-225.33
339.60	-233.33
339.60	-229.34
339.60	-224.00
339.60	-224.00
339.60	-228.66
339.60	-231.34
339.60	-225.33
339.61	-232.67
339.61	-240.00
339.61	-228.66
339.61	-235.33
339.61	-240.00
339.61	-235.33
339.61	-236.00
339.61	-238.00
339.62	-236.67
339.62	-222.67
339.62	-240.00
339.62	-240.00
339.62	-240.00
339.62	-240.00
339.62	-240.00
339.62	-232.00
339.63	-221.34
339.63	-228.66
339.63	-232.67
339.63	-234.67
339.63	-232.00
339.63	-228.66
339.63	-233.33
339.63	-220.00
339.63	-221.34
339.64	-241.34
339.64	-232.00
339.64	-240.00
339.64	-226.00
339.64	-231.34
339.64	-234.67
339.64	-240.00
339.64	-240.00
339.65	-240.00
339.65	-240.00
339.65	-240.00
339.65	-240.00
339.65	-238.00
339.65	-234.67
339.65	-231.34
339.65	-240.00
339.65	-233.33
339.66	-234.00
339.66	-240.00
339.66	-240.00
339.66	-240.00
339.66	-240.00
339.66	-240.00
339.66	-240.00
339.66	-240.00
339.67	-240.00
339.67	-227.33
339.67	-234.00
339.67	-237.33
339.67	-231.34
339.67	-234.67
339.67	-240.00
339.67	-240.00
339.68	-240.00
339.68	-240.00
339.68	-234.67
339.68	-239.34
339.68	-233.33
339.68	-230.66
339.68	-240.00
339.68	-240.00
339.68	-240.00
339.69	-232.67
339.69	-221.34
339.69	-238.00
339.69	-239.34
339.69	-246.00
339.69	-242.67
339.69	-242.00
339.69	-228.00
339.70	-232.00
339.70	-234.00
339.70	-236.00
339.70	-225.33
339.70	-240.00
339.70	-240.00
339.70	-238.00
339.70	-239.34
339.71	-240.00
339.71	-236.00
339.71	-228.66
339.71	-232.67
339.71	-225.33
339.71	-240.00
339.71	-232.00
339.71	-234.67
339.71	-222.00
339.72	-236.67
339.72	-240.00
339.72	-226.67
339.72	-239.34
339.72	-234.00
339.72	-227.33
339.72	-238.00
339.72	-233.33
339.73	-234.00
339.73	-224.00
339.73	-238.66
339.73	-240.00
339.73	-233.33
339.73	-238.00
339.73	-237.33
339.73	-226.67
339.73	-224.67
339.74	-223.33
339.74	-222.67
339.74	-221.34
339.74	-232.67
339.74	-228.00
339.74	-229.34
339.74	-240.00
339.74	-240.00
339.75	-234.00
339.75	-231.34
339.75	-244.00
339.75	-222.67
339.75	-229.34
339.75	-229.34
339.75	-237.33
339.75	-230.66
339.76	-240.00
339.76	-225.33
339.76	-235.33
339.76	-234.00
339.76	-236.67
339.76	-240.00
339.76	-222.00
339.76	-226.67
339.76	-231.34
339.77	-222.00
339.77	-226.67
339.77	-237.33
339.77	-227.33
339.77	-227.33
339.77	-236.00
339.77	-232.67
339.77	-225.33
339.78	-240.00
339.78	-239.34
339.78	-222.67
339.78	-222.00
339.78	-240.00
339.78	-240.00
339.78	-225.33
339.78	-240.00
339.78	-240.00
339.79	-228.00
339.79	-239.34
339.79	-236.00
339.79	-240.00
339.79	-240.00
339.79	-233.33
339.79	-240.00
339.79	-238.66
339.80	-240.00
339.80	-229.34
339.80	-240.00
339.80	-231.34
339.80	-240.00
339.80	-240.00
339.80	-240.00
339.80	-229.34
339.81	-238.66
339.81	-222.00
339.81	-222.00
339.81	-232.67
339.81	-238.66
339.81	-228.00
339.81	-234.00
339.81	-221.34
339.81	-239.34
339.82	-236.67
339.82	-227.33
339.82	-233.33
339.82	-236.67
339.82	-220.66
339.82	-239.34
339.82	-240.00
339.82	-240.00
339.83	-240.00
339.83	-230.66
339.83	-237.33
339.83	-221.34
339.83	-231.34
339.83	-224.00
339.83	-223.33
339.83	-232.67
339.84	-228.66
339.84	-230.00
339.84	-238.00
339.84	-224.00
339.84	-221.34
339.84	-239.34
339.84	-228.00
339.84	-236.00
339.84	-234.00
339.85	-209.34
339.85	-240.00
339.85	-213.33
339.85	-212.67
339.85	-239.34
339.85	-240.00
339.85	-240.00
339.85	-233.33
339.86	-234.67
339.86	-228.66
339.86	-232.00
339.86	-224.67
339.86	-240.00
339.86	-233.33
339.86	-220.66
339.86	-220.00
339.86	-240.00
339.87	-240.00
339.87	-232.67
339.87	-240.00
339.87	-233.33
339.87	-228.66
339.87	-230.66
339.87	-238.00
339.87	-234.67
339.88	-240.00
339.88	-231.34
339.88	-228.00
339.88	-228.00
339.88	-231.34
339.88	-222.67
339.88	-225.33
339.88	-232.67
339.89	-222.67
339.89	-222.00
339.89	-224.67
339.89	-228.00
339.89	-220.00
339.89	-236.67
339.89	-233.33
339.89	-222.00
339.89	-234.00
339.90	-240.00
339.90	-240.00
339.90	-235.33
339.90	-229.34
339.90	-237.33
339.90	-232.67
339.90	-222.67
339.90	-231.34
339.91	-233.33
339.91	-220.66
339.91	-240.00
339.91	-240.00
339.91	-240.00
339.91	-240.00
339.91	-226.00
339.91	-221.34
339.91	-236.00
339.92	-235.33
339.92	-232.67
339.92	-230.66
339.92	-240.00
339.92	-240.00
339.92	-240.00
339.92	-240.00
339.92	-240.00
339.93	-229.34
339.93	-233.33
339.93	-234.00
339.93	-238.00
339.93	-240.00
339.93	-232.67
339.93	-222.00
339.93	-226.67
339.94	-234.00
339.94	-240.00
339.94	-240.00
339.94	-240.00
339.94	-240.00
339.94	-239.34
339.94	-232.67
339.94	-240.00
339.94	-238.66
339.95	-232.67
339.95	-240.00
339.95	-236.00
339.95	-233.33
339.95	-240.00
339.95	-240.00
339.95	-240.00
339.95	-232.67
339.96	-230.00
339.96	-232.67
339.96	-238.00
339.96	-235.33
339.96	-223.33
339.96	-222.00
339.96	-220.00
339.96	-228.66
339.96	-224.67
339.97	-227.33
339.97	-232.67
339.97	-240.00
339.97	-226.00
339.97	-240.00
339.97	-233.33
339.97	-220.66
339.97	-237.33
339.98	-240.00
339.98	-236.67
339.98	-234.67
339.98	-240.00
339.98	-234.67
339.98	-238.66
339.98	-232.00
339.98	-231.34
339.99	-229.34
339.99	-239.34
339.99	-240.00
339.99	-239.34
339.99	-222.67
339.99	-233.33
339.99	-232.67
339.99	-240.00
339.99	-224.00
340.00	-222.00
340.00	-225.33
340.00	-220.66
340.00	-226.00
340.00	-235.33
340.00	-233.33
340.00	-236.00
340.00	-239.34
340.01	-234.00
340.01	-227.33
340.01	-238.66
340.01	-226.67
340.01	-236.00
340.01	-230.00
340.01	-226.00
340.01	-230.66
340.02	-227.33
340.02	-240.00
340.02	-240.00
340.02	-238.00
340.02	-221.34
340.02	-223.33
340.02	-227.33
340.02	-238.66
340.02	-240.00
340.03	-240.00
340.03	-240.00
340.03	-236.67
340.03	-237.33
340.03	-240.00
340.03	-240.00
340.03	-240.00
340.03	-238.66
340.04	-225.33
340.04	-240.00
340.04	-234.00
340.04	-232.00
340.04	-236.67
340.04	-221.34
340.04	-238.66
340.04	-237.33
340.04	-231.34
340.05	-234.00
340.05	-240.00
340.05	-240.00
340.05	-226.00
340.05	-225.33
340.05	-239.34
340.05	-226.67
340.05	-232.67
340.06	-226.00
340.06	-228.00
340.06	-239.34
340.06	-239.34
340.06	-230.66
340.06	-226.00
340.06	-221.34
340.06	-220.66
340.07	-229.34
340.07	-240.00
340.07	-240.00
340.07	-240.00
340.07	-235.33
340.07	-222.67
340.07	-232.67
340.07	-235.33
340.07	-240.00
340.08	-240.00
340.08	-231.34
340.08	-238.00
340.08	-240.00
340.08	-232.67
340.08	-223.33
340.08	-228.00
340.08	-238.66
340.09	-240.00
340.09	-229.34
340.09	-228.00
340.09	-229.34
340.09	-232.67
340.09	-236.00
340.09	-234.67
340.09	-230.66
340.09	-238.66
340.10	-232.67
340.10	-234.67
340.10	-240.00
340.10	-240.00
340.10	-236.67
340.10	-221.34
340.10	-233.33
340.10	-240.00
340.11	-240.00
340.11	-240.00
340.11	-228.66
340.11	-230.00
340.11	-233.33
340.11	-233.33
340.11	-238.66
340.11	-232.00
340.12	-240.00
340.12	-236.67
340.12	-230.00
340.12	-238.00
340.12	-228.00
340.12	-228.00
340.12	-233.33
340.12	-235.33
340.12	-240.00
340.13	-240.00
340.13	-239.34
340.13	-228.00
340.13	-240.00
340.13	-226.00
340.13	-224.67
340.13	-232.67
340.13	-234.00
340.14	-229.34
340.14	-224.67
340.14	-225.33
340.14	-230.66
340.14	-240.00
340.14	-237.33
340.14	-236.67
340.14	-238.00
340.14	-240.00
340.15	-238.00
340.15	-220.00
340.15	-238.00
340.15	-240.00
340.15	-234.67
340.15	-240.00
340.15	-240.00
340.15	-240.00
340.16	-240.00
340.16	-235.33
340.16	-239.34
340.16	-240.00
340.16	-240.00
340.16	-240.00
340.16	-240.00
340.16	-240.00
340.17	-240.00
340.17	-233.33
340.17	-223.33
340.17	-230.00
340.17	-231.34
340.17	-225.33
340.17	-221.34
340.17	-225.33
340.17	-238.66
340.18	-238.00
340.18	-222.67
340.18	-229.34
340.18	-230.00
340.18	-240.00
340.18	-240.00
340.18	-240.00
340.18	-240.00
340.19	-232.67
340.19	-228.00
340.19	-226.67
340.19	-240.00
340.19	-232.67
340.19	-229.34
340.19	-232.67
340.19	-235.33
340.20	-222.67
340.20	-228.00
340.20	-233.33
340.20	-235.33
340.20	-240.00
340.20	-240.00
340.20	-228.00
340.20	-239.34
340.20	-228.66
340.21	-234.67
340.21	-237.33
340.21	-235.33
340.21	-235.33
340.21	-224.00
340.21	-221.34
340.21	-228.00
340.21	-237.33
340.22	-234.67
340.22	-240.00
340.22	-226.67
340.22	-232.67
340.22	-221.34
340.22	-236.00
340.22	-240.00
340.22	-240.00
340.22	-223.33
340.23	-224.00
340.23	-240.00
340.23	-240.00
340.23	-224.67
340.23	-237.33
340.23	-240.00
340.23	-231.34
340.23	-240.00
340.24	-240.00
340.24	-226.67
340.24	-237.33
340.24	-240.00
340.24	-237.33
340.24	-226.00
340.24	-235.33
340.24	-240.00
340.25	-227.33
340.25	-240.00
340.25	-240.00
340.25	-238.00
340.25	-234.67
340.25	-240.00
340.25	-240.00
340.25	-240.00
340.25	-240.00
340.26	-240.00
340.26	-240.00
340.26	-240.00
340.26	-225.33
340.26	-233.33
340.26	-224.00
340.26	-236.00
340.26	-229.34
340.27	-220.00
340.27	-239.34
340.27	-240.00
340.27	-240.00
340.27	-236.00
340.27	-222.00
340.27	-240.00
340.27	-232.00
340.27	-240.00
340.28	-234.67
340.28	-240.00
340.28	-232.00
340.28	-236.00
340.28	-241.34
340.28	-240.66
340.28	-244.67
340.28	-236.00
340.29	-236.67
340.29	-240.00
340.29	-240.00
340.29	-240.00
340.29	-229.34
340.29	-220.66
340.29	-234.00
340.29	-236.00
340.30	-239.34
340.30	-222.00
340.30	-228.66
340.30	-222.67
340.30	-226.67
340.30	-240.00
340.30	-229.34
340.30	-230.66
340.30	-240.00
340.31	-240.00
340.31	-226.00
340.31	-224.67
340.31	-238.00
340.31	-240.00
340.31	-240.00
340.31	-239.34
340.31	-240.00
340.32	-233.33
340.32	-222.00
340.32	-228.66
340.32	-226.00
340.32	-220.66
340.32	-240.00
340.32	-240.00
340.32	-223.33
340.33	-231.34
340.33	-233.33
340.33	-232.67
340.33	-234.00
340.33	-230.66
340.33	-234.67
340.33	-240.00
340.33	-240.00
340.33	-224.67
340.34	-236.00
340.34	-240.00
340.34	-241.34
340.34	-234.67
340.34	-240.00
340.34	-232.00
340.34	-240.00
340.34	-240.00
340.35	-234.00
340.35	-222.00
340.35	-234.00
340.35	-234.00
340.35	-228.00
340.35	-240.00
340.35	-240.00
340.35	-236.67
340.35	-240.00
340.36	-239.34
340.36	-240.00
340.36	-240.00
340.36	-240.00
340.36	-240.00
