335.48	-231.34
335.48	-231.34
335.48	-226.00
335.48	-232.67
335.48	-222.67
335.48	-223.33
335.49	-236.00
335.49	-240.00
335.49	-227.33
335.49	-239.34
335.49	-240.00
335.49	-240.00
335.49	-240.00
335.49	-240.00
335.50	-240.00
335.50	-238.00
335.50	-239.34
335.50	-240.00
335.50	-240.00
335.50	-240.00
335.50	-240.00
335.50	-239.34
335.50	-240.00
335.51	-240.00
335.51	-240.00
335.51	-227.33
335.51	-239.34
335.51	-240.00
335.51	-240.00
335.51	-240.00
335.51	-240.00
335.52	-239.34
335.52	-239.34
335.52	-240.00
335.52	-240.00
335.52	-240.00
335.52	-240.00
335.52	-240.00
335.52	-239.34
335.53	-239.34
335.53	-229.34
335.53	-222.67
335.53	-240.00
335.53	-240.00
335.53	-237.33
335.53	-233.33
335.53	-234.00
335.53	-240.00
335.54	-234.00
335.54	-234.00
335.54	-226.67
335.54	-221.34
335.54	-232.67
335.54	-222.00
335.54	-224.00
335.54	-226.67
335.55	-230.66
335.55	-231.34
335.55	-240.00
335.55	-235.33
335.55	-228.00
335.55	-236.00
335.55	-223.33
335.55	-227.33
335.55	-240.00
335.56	-240.00
335.56	-240.00
335.56	-240.00
335.56	-240.00
335.56	-240.00
335.56	-240.00
335.56	-238.66
335.56	-240.00
335.57	-240.00
335.57	-232.00
335.57	-236.00
335.57	-238.66
335.57	-220.00
335.57	-240.00
335.57	-240.00
335.57	-239.34
335.58	-240.00
335.58	-236.00
335.58	-240.66
335.58	-240.00
335.58	-232.00
335.58	-236.67
335.58	-222.00
335.58	-226.00
335.58	-223.33
335.59	-226.67
335.59	-226.00
335.59	-238.00
335.59	-240.00
335.59	-240.00
335.59	-240.00
335.59	-224.00
335.59	-229.34
335.60	-240.00
335.60	-228.66
335.60	-233.33
335.60	-232.67
335.60	-222.00
335.60	-226.00
335.60	-220.66
335.60	-226.67
335.60	-210.66
335.61	-201.34
335.61	-240.00
335.61	-240.00
335.61	-239.34
335.61	-224.67
335.61	-228.66
335.61	-239.34
335.61	-229.34
335.62	-237.33
335.62	-238.66
335.62	-220.00
335.62	-222.00
335.62	-240.00
335.62	-236.67
335.62	-232.67
335.62	-230.00
335.63	-240.00
335.63	-236.00
335.63	-222.00
335.63	-240.00
335.63	-235.33
335.63	-226.00
335.63	-233.33
335.63	-240.00
335.63	-240.00
335.64	-240.00
335.64	-238.00
335.64	-240.00
335.64	-240.00
335.64	-240.00
335.64	-226.67
335.64	-228.66
335.64	-240.00
335.65	-240.00
335.65	-240.00
335.65	-240.00
335.65	-222.67
335.65	-239.34
335.65	-220.66
335.65	-240.00
335.65	-240.00
335.66	-240.00
335.66	-240.00
335.66	-240.00
335.66	-240.00
335.66	-240.00
335.66	-240.00
335.66	-223.33
335.66	-220.00
335.66	-238.66
335.67	-229.34
335.67	-237.33
335.67	-238.66
335.67	-240.00
335.67	-240.00
335.67	-240.00
335.67	-240.00
335.67	-236.67
335.68	-230.00
335.68	-240.00
335.68	-239.34
335.68	-234.00
335.68	-226.67
335.68	-240.00
335.68	-240.00
335.68	-240.00
335.68	-240.00
335.69	-240.00
335.69	-240.00
335.69	-240.00
335.69	-240.00
335.69	-240.00
335.69	-234.67
335.69	-240.00
335.69	-235.33
335.70	-237.33
335.70	-240.00
335.70	-235.33
335.70	-240.00
335.70	-239.34
335.70	-226.67
335.70	-227.33
335.70	-240.00
335.71	-237.33
335.71	-227.33
335.71	-240.00
335.71	-239.34
335.71	-220.66
335.71	-234.00
335.71	-239.34
335.71	-240.00
335.71	-228.66
335.72	-231.34
335.72	-221.34
335.72	-235.33
335.72	-229.34
335.72	-231.34
335.72	-220.66
335.72	-220.00
335.72	-236.67
335.73	-233.33
335.73	-239.34
335.73	-240.00
335.73	-233.33
335.73	-228.66
335.73	-233.33
335.73	-236.67
335.73	-228.00
335.73	-228.00
335.74	-234.67
335.74	-238.66
335.74	-221.34
335.74	-232.67
335.74	-236.00
335.74	-240.00
335.74	-240.00
335.74	-240.00
335.75	-240.00
335.75	-240.00
335.75	-232.67
335.75	-224.00
335.75	-240.00
335.75	-240.00
335.75	-235.33
335.75	-235.33
335.76	-234.67
335.76	-222.67
335.76	-222.00
335.76	-222.67
335.76	-221.34
335.76	-236.00
335.76	-238.00
335.76	-234.67
335.76	-238.00
335.77	-230.00
335.77	-229.34
335.77	-226.67
335.77	-240.00
335.77	-240.00
335.77	-231.34
335.77	-237.33
335.77	-228.66
335.78	-234.67
335.78	-240.00
335.78	-240.00
335.78	-229.34
335.78	-226.67
335.78	-240.00
335.78	-240.00
335.78	-240.00
335.78	-240.00
335.79	-240.00
335.79	-230.66
335.79	-240.00
335.79	-234.00
335.79	-232.00
335.79	-240.00
335.79	-238.66
335.79	-240.00
335.80	-240.00
335.80	-240.00
335.80	-238.66
335.80	-240.00
335.80	-238.66
335.80	-232.00
335.80	-221.34
335.80	-231.34
335.81	-240.00
335.81	-237.33
335.81	-234.67
335.81	-240.00
335.81	-240.00
335.81	-233.33
335.81	-226.00
335.81	-230.00
335.81	-226.00
335.82	-229.34
335.82	-240.00
335.82	-240.00
335.82	-240.00
335.82	-240.00
335.82	-237.33
335.82	-232.00
335.82	-226.00
335.83	-225.33
335.83	-232.00
335.83	-226.67
335.83	-236.67
335.83	-235.33
335.83	-230.00
335.83	-233.33
335.83	-226.67
335.84	-238.66
335.84	-239.34
335.84	-235.33
335.84	-231.34
335.84	-240.00
335.84	-240.00
335.84	-240.00
335.84	-239.34
335.84	-229.34
335.85	-237.33
335.85	-224.00
335.85	-238.66
335.85	-229.34
335.85	-232.67
335.85	-240.00
335.85	-240.00
335.85	-227.33
335.86	-235.33
335.86	-240.00
335.86	-226.00
335.86	-235.33
335.86	-222.67
335.86	-229.34
335.86	-237.33
335.86	-240.00
335.86	-229.34
335.87	-232.67
335.87	-240.00
335.87	-226.67
335.87	-227.33
335.87	-240.00
335.87	-234.67
335.87	-231.34
335.87	-229.34
335.88	-240.00
335.88	-240.00
335.88	-240.00
335.88	-240.00
335.88	-240.00
335.88	-238.66
335.88	-234.67
335.88	-225.33
335.89	-222.00
335.89	-237.33
335.89	-240.00
335.89	-240.00
335.89	-240.00
335.89	-240.00
335.89	-224.67
335.89	-226.67
335.89	-236.67
335.90	-240.00
335.90	-230.00
335.90	-240.00
335.90	-240.00
335.90	-222.00
335.90	-229.34
335.90	-240.00
335.90	-234.00
335.91	-240.00
335.91	-240.00
335.91	-234.67
335.91	-220.66
335.91	-234.00
335.91	-240.00
335.91	-224.00
335.91	-232.67
335.91	-232.00
335.92	-222.00
335.92	-236.00
335.92	-240.00
335.92	-235.33
335.92	-228.00
335.92	-240.00
335.92	-225.33
335.92	-240.00
335.93	-239.34
335.93	-240.00
335.93	-237.33
335.93	-239.34
335.93	-240.00
335.93	-236.00
335.93	-240.00
335.93	-239.34
335.94	-209.34
335.94	-239.34
335.94	-240.00
335.94	-240.00
335.94	-234.67
335.94	-240.00
335.94	-236.67
335.94	-238.66
335.94	-240.00
335.95	-240.00
335.95	-236.67
335.95	-226.67
335.95	-236.67
335.95	-240.00
335.95	-240.00
335.95	-236.00
335.95	-240.00
335.96	-225.33
335.96	-237.33
335.96	-229.34
335.96	-234.67
335.96	-229.34
335.96	-240.00
335.96	-232.00
335.96	-234.67
335.96	-240.00
335.97	-237.33
335.97	-228.00
335.97	-226.67
335.97	-222.00
335.97	-237.33
335.97	-227.33
335.97	-230.66
335.97	-225.33
335.98	-236.67
335.98	-225.33
335.98	-227.33
335.98	-221.34
335.98	-240.00
335.98	-224.00
335.98	-231.34
335.98	-220.00
335.99	-221.34
335.99	-221.34
335.99	-240.00
335.99	-230.00
335.99	-222.00
335.99	-238.00
335.99	-240.00
335.99	-234.67
335.99	-235.33
336.00	-240.00
336.00	-240.00
336.00	-232.67
336.00	-236.00
336.00	-238.00
336.00	-229.34
336.00	-235.33
336.00	-230.66
336.01	-240.00
336.01	-240.00
336.01	-240.00
336.01	-224.67
336.01	-233.33
336.01	-237.33
336.01	-240.00
336.01	-240.00
336.02	-238.66
336.02	-240.00
336.02	-240.00
336.02	-231.34
336.02	-224.67
336.02	-239.34
336.02	-240.00
336.02	-238.66
336.02	-240.00
336.03	-240.00
336.03	-240.00
336.03	-240.00
336.03	-240.00
336.03	-232.00
336.03	-231.34
336.03	-239.34
336.03	-240.00
336.04	-240.00
336.04	-234.00
336.04	-234.67
336.04	-234.67
336.04	-240.00
336.04	-236.00
336.04	-224.00
336.04	-222.00
336.04	-236.00
336.05	-228.66
336.05	-233.33
336.05	-226.00
336.05	-222.00
336.05	-226.00
336.05	-222.00
336.05	-238.00
336.05	-236.67
336.06	-236.67
336.06	-240.00
336.06	-228.66
336.06	-239.34
336.06	-224.00
336.06	-236.67
336.06	-231.34
336.06	-233.33
336.07	-230.00
336.07	-239.34
336.07	-240.00
336.07	-240.00
336.07	-236.67
336.07	-226.67
336.07	-238.00
336.07	-224.00
336.07	-238.00
336.08	-236.00
336.08	-222.67
336.08	-238.00
336.08	-240.00
336.08	-234.67
336.08	-224.00
336.08	-228.00
336.08	-240.00
336.09	-240.00
336.09	-239.34
336.09	-230.66
336.09	-232.67
336.09	-241.34
336.09	-233.33
336.09	-234.67
336.09	-240.00
336.09	-238.00
336.10	-226.67
336.10	-235.33
336.10	-240.00
336.10	-226.67
336.10	-237.33
336.10	-240.00
336.10	-224.67
336.10	-240.00
336.11	-240.00
336.11	-240.00
336.11	-240.00
336.11	-230.66
336.11	-239.34
336.11	-240.00
336.11	-240.00
336.11	-240.00
336.12	-238.00
336.12	-228.66
336.12	-234.67
336.12	-230.66
336.12	-231.34
336.12	-220.66
336.12	-220.66
336.12	-230.66
336.12	-235.33
336.13	-221.34
336.13	-237.33
336.13	-240.00
336.13	-231.34
336.13	-224.00
336.13	-238.00
336.13	-240.00
336.13	-240.00
336.14	-240.00
336.14	-240.00
336.14	-240.00
336.14	-239.34
336.14	-240.00
336.14	-230.66
336.14	-222.67
336.14	-237.33
336.15	-240.00
336.15	-222.00
336.15	-237.33
336.15	-240.00
336.15	-240.00
336.15	-240.00
336.15	-234.00
336.15	-222.67
336.15	-224.00
336.16	-232.67
336.16	-239.34
336.16	-236.67
336.16	-236.67
336.16	-238.66
336.16	-233.33
336.16	-223.33
336.16	-226.00
336.17	-234.00
336.17	-230.00
336.17	-226.67
336.17	-227.33
336.17	-228.66
336.17	-229.34
336.17	-230.66
336.17	-226.67
336.17	-238.00
336.18	-240.00
336.18	-239.34
336.18	-224.67
336.18	-229.34
336.18	-239.34
336.18	-238.66
336.18	-240.00
336.18	-240.00
336.19	-240.00
336.19	-240.00
336.19	-239.34
336.19	-230.00
336.19	-225.33
336.19	-240.00
336.19	-236.67
336.19	-235.33
336.20	-226.00
336.20	-236.67
336.20	-240.00
336.20	-238.00
336.20	-221.34
336.20	-235.33
336.20	-234.67
336.20	-240.00
336.20	-240.00
336.21	-240.00
336.21	-239.34
336.21	-240.00
336.21	-240.00
336.21	-234.00
336.21	-240.00
336.21	-240.00
336.21	-240.00
336.22	-240.00
336.22	-237.33
336.22	-240.00
336.22	-240.00
336.22	-240.00
336.22	-240.00
336.22	-240.00
336.22	-240.00
336.22	-236.00
336.23	-240.00
336.23	-240.00
336.23	-223.33
336.23	-228.00
336.23	-226.67
336.23	-228.66
336.23	-215.33
336.23	-234.67
336.24	-238.66
336.24	-240.00
336.24	-240.00
336.24	-231.34
336.24	-236.67
336.24	-224.00
336.24	-232.67
336.24	-236.67
336.25	-240.00
336.25	-240.00
336.25	-238.66
336.25	-236.67
336.25	-220.66
336.25	-230.66
336.25	-227.33
336.25	-238.00
336.25	-240.00
336.26	-240.00
336.26	-240.00
336.26	-240.00
336.26	-240.00
336.26	-240.00
336.26	-240.00
336.26	-224.00
336.26	-224.67
336.27	-227.33
336.27	-232.00
336.27	-226.00
336.27	-235.33
336.27	-236.00
336.27	-232.67
336.27	-234.00
336.27	-227.33
336.27	-223.33
336.28	-232.00
336.28	-235.33
336.28	-240.00
336.28	-240.00
336.28	-240.00
336.28	-240.00
336.28	-240.00
336.28	-240.00
336.29	-230.00
336.29	-222.00
336.29	-238.00
336.29	-239.34
336.29	-240.00
336.29	-229.34
336.29	-240.00
336.29	-240.00
336.30	-240.00
336.30	-240.00
336.30	-240.00
336.30	-240.00
336.30	-240.00
336.30	-239.34
336.30	-240.00
336.30	-235.33
336.30	-240.00
336.31	-232.67
336.31	-240.00
336.31	-240.00
336.31	-240.00
336.31	-240.00
336.31	-240.00
336.31	-239.34
336.31	-240.00
336.32	-234.00
336.32	-234.00
336.32	-240.00
336.32	-240.00
336.32	-240.00
336.32	-240.00
336.32	-238.66
336.32	-230.00
336.33	-240.00
336.33	-224.67
336.33	-237.33
336.33	-236.67
336.33	-240.00
336.33	-240.00
336.33	-240.00
336.33	-233.33
336.33	-225.33
336.34	-240.00
336.34	-240.00
336.34	-239.34
336.34	-226.00
336.34	-234.67
336.34	-234.00
336.34	-234.00
336.34	-240.00
336.35	-240.00
336.35	-239.34
336.35	-240.00
336.35	-228.66
336.35	-231.34
336.35	-224.67
336.35	-222.67
336.35	-236.67
336.35	-235.33
336.36	-240.00
336.36	-227.33
336.36	-238.00
336.36	-240.00
336.36	-240.00
336.36	-238.66
336.36	-228.66
336.36	-239.34
336.37	-234.67
336.37	-240.00
336.37	-240.00
336.37	-224.00
336.37	-238.00
336.37	-235.33
336.37	-228.00
336.37	-231.34
336.38	-226.00
336.38	-223.33
336.38	-237.33
336.38	-238.66
336.38	-222.00
336.38	-238.00
336.38	-240.00
336.38	-240.00
336.38	-240.00
336.39	-220.00
336.39	-231.34
336.39	-240.00
336.39	-240.00
336.39	-240.00
336.39	-234.67
336.39	-226.00
336.39	-234.00
336.40	-229.34
336.40	-224.67
336.40	-240.00
336.40	-218.66
336.40	-240.00
336.40	-240.00
336.40	-240.00
336.40	-240.00
336.40	-240.00
336.41	-240.00
336.41	-240.00
336.41	-240.00
336.41	-240.00
336.41	-230.00
336.41	-238.66
336.41	-240.00
336.41	-232.67
336.42	-240.00
336.42	-240.00
336.42	-236.67
336.42	-231.34
336.42	-226.67
336.42	-228.66
336.42	-236.00
336.42	-228.00
336.43	-222.67
336.43	-240.00
336.43	-239.34
336.43	-240.00
336.43	-240.00
336.43	-240.00
336.43	-240.00
336.43	-240.00
336.43	-238.66
336.44	-225.33
336.44	-221.34
336.44	-223.33
336.44	-232.00
336.44	-227.33
336.44	-220.66
336.44	-240.00
336.44	-240.00
336.45	-240.00
336.45	-234.00
336.45	-240.00
336.45	-228.00
336.45	-226.00
336.45	-228.66
336.45	-237.33
336.45	-240.00
336.46	-240.00
336.46	-238.66
336.46	-240.00
336.46	-240.00
336.46	-240.00
336.46	-240.00
336.46	-226.67
336.46	-238.66
336.46	-240.00
336.47	-228.66
336.47	-222.67
336.47	-227.33
336.47	-238.66
336.47	-230.66
336.47	-240.00
336.47	-240.00
336.47	-240.00
336.48	-227.33
336.48	-234.67
336.48	-232.00
336.48	-232.00
336.48	-227.33
336.48	-248.00
336.48	-236.67
336.48	-230.00
336.48	-236.00
336.49	-231.34
336.49	-228.00
336.49	-239.34
336.49	-238.00
336.49	-229.34
336.49	-226.67
336.49	-224.00
336.49	-230.00
336.50	-236.67
336.50	-227.33
336.50	-232.00
336.50	-234.67
336.50	-240.00
336.50	-226.67
336.50	-234.67
336.50	-238.66
336.51	-240.00
336.51	-240.00
336.51	-212.67
336.51	-212.00
336.51	-238.66
336.51	-239.34
336.51	-240.00
336.51	-238.00
336.51	-223.33
336.52	-232.67
336.52	-224.00
336.52	-228.00
336.52	-237.33
336.52	-240.00
336.52	-230.66
336.52	-225.33
336.52	-236.67
336.53	-240.00
336.53	-229.34
336.53	-240.00
336.53	-231.34
336.53	-240.00
336.53	-240.00
336.53	-232.00
336.53	-238.66
336.53	-240.00
336.54	-234.00
336.54	-240.00
336.54	-240.00
336.54	-236.67
336.54	-240.00
336.54	-240.00
336.54	-240.00
336.54	-240.00
336.55	-234.67
336.55	-240.00
336.55	-233.33
336.55	-234.00
336.55	-234.00
336.55	-240.00
336.55	-234.00
336.55	-237.33
336.56	-226.67
336.56	-240.00
336.56	-239.34
336.56	-239.34
336.56	-240.00
336.56	-230.00
336.56	-240.00
336.56	-240.00
336.56	-224.67
336.57	-228.00
336.57	-248.66
336.57	-246.00
336.57	-224.00
336.57	-227.33
336.57	-236.67
336.57	-236.67
336.57	-240.00
336.58	-238.66
336.58	-240.00
336.58	-240.00
336.58	-240.00
336.58	-236.67
336.58	-230.66
336.58	-235.33
336.58	-225.33
336.58	-236.67
336.59	-230.00
336.59	-235.33
336.59	-234.67
336.59	-240.00
336.59	-229.34
336.59	-236.67
336.59	-236.00
336.59	-238.66
336.60	-234.00
336.60	-240.00
336.60	-228.66
336.60	-220.00
336.60	-237.33
336.60	-238.66
336.60	-240.00
336.60	-240.00
336.61	-240.00
336.61	-231.34
336.61	-228.00
336.61	-240.00
336.61	-240.00
336.61	-240.00
336.61	-240.00
336.61	-240.00
336.61	-234.67
336.62	-235.33
336.62	-240.00
336.62	-238.66
336.62	-232.67
336.62	-238.00
336.62	-239.34
336.62	-240.00
336.62	-240.00
336.63	-240.00
336.63	-236.00
336.63	-231.34
336.63	-238.00
336.63	-240.00
336.63	-230.00
336.63	-224.00
336.63	-226.00
336.64	-233.33
336.64	-224.67
336.64	-226.00
336.64	-230.66
336.64	-240.00
336.64	-240.00
336.64	-234.67
336.64	-225.33
336.64	-240.00
336.65	-240.00
336.65	-240.00
336.65	-236.00
336.65	-226.67
336.65	-240.00
336.65	-236.67
336.65	-232.00
336.65	-240.00
336.66	-240.00
336.66	-240.00
336.66	-233.33
336.66	-227.33
336.66	-240.00
336.66	-240.00
336.66	-235.33
336.66	-240.00
336.66	-238.66
336.67	-238.00
336.67	-240.00
336.67	-232.00
336.67	-231.34
336.67	-236.00
336.67	-240.00
336.67	-236.67
336.67	-232.67
336.68	-230.00
336.68	-233.33
336.68	-228.00
336.68	-237.33
336.68	-234.67
336.68	-228.00
336.68	-237.33
336.68	-240.00
336.69	-240.00
336.69	-240.00
336.69	-240.00
336.69	-240.00
336.69	-230.66
336.69	-240.00
336.69	-232.00
336.69	-240.00
336.69	-237.33
336.70	-240.00
336.70	-240.00
336.70	-240.00
336.70	-239.34
336.70	-238.66
336.70	-240.00
336.70	-240.00
336.70	-231.34
336.71	-238.00
336.71	-240.00
336.71	-240.00
336.71	-240.00
336.71	-240.00
336.71	-234.67
336.71	-240.00
336.71	-240.00
336.71	-240.00
336.72	-235.33
336.72	-221.34
336.72	-235.33
336.72	-240.00
336.72	-240.00
336.72	-240.00
336.72	-240.00
336.72	-240.00
336.73	-240.00
336.73	-240.00
336.73	-235.33
336.73	-240.00
336.73	-240.00
336.73	-228.00
336.73	-240.00
336.73	-240.00
336.74	-240.00
336.74	-240.00
336.74	-240.00
336.74	-238.00
336.74	-224.67
336.74	-238.00
336.74	-240.00
336.74	-240.00
336.74	-225.33
336.75	-228.00
336.75	-240.00
336.75	-240.00
336.75	-240.00
336.75	-229.34
336.75	-224.00
336.75	-233.33
336.75	-233.33
336.76	-224.67
336.76	-239.34
336.76	-240.00
336.76	-240.00
336.76	-239.34
336.76	-240.00
336.76	-239.34
336.76	-200.00
336.76	-200.00
336.77	-213.33
336.77	-239.34
336.77	-234.00
336.77	-240.00
336.77	-237.33
336.77	-229.34
336.77	-240.00
336.77	-232.67
336.78	-236.67
336.78	-239.34
336.78	-239.34
336.78	-240.00
336.78	-238.66
336.78	-239.34
336.78	-217.33
336.78	-206.00
336.79	-220.00
336.79	-236.00
336.79	-240.00
336.79	-232.00
336.79	-240.00
336.79	-238.66
336.79	-240.00
336.79	-218.66
336.79	-238.00
336.80	-223.33
336.80	-240.00
336.80	-240.00
336.80	-240.00
336.80	-238.66
336.80	-240.00
336.80	-238.00
336.80	-234.00
336.81	-233.33
336.81	-240.00
336.81	-237.33
336.81	-236.67
336.81	-240.00
336.81	-237.33
336.81	-213.33
336.81	-200.00
336.82	-200.00
336.82	-204.00
336.82	-208.00
336.82	-232.00
336.82	-238.00
336.82	-240.00
336.82	-230.66
336.82	-235.33
336.82	-238.66
336.83	-240.00
336.83	-238.66
336.83	-232.00
336.83	-237.33
336.83	-222.67
336.83	-234.67
336.83	-235.33
336.83	-239.34
336.84	-240.00
336.84	-240.00
336.84	-233.33
336.84	-240.00
336.84	-240.00
336.84	-239.34
336.84	-240.00
336.84	-240.00
336.84	-240.00
336.85	-218.00
336.85	-219.34
336.85	-226.67
336.85	-204.00
336.85	-220.66
336.85	-234.67
336.85	-230.66
336.85	-238.66
336.86	-240.00
336.86	-240.00
336.86	-214.67
336.86	-200.00
336.86	-234.00
336.86	-240.00
336.86	-238.00
336.86	-240.00
336.87	-240.00
336.87	-240.00
336.87	-240.00
336.87	-240.00
336.87	-240.00
336.87	-232.67
336.87	-234.67
336.87	-240.00
336.87	-234.67
336.88	-240.00
336.88	-240.00
336.88	-240.00
336.88	-240.00
336.88	-240.00
336.88	-238.66
336.88	-240.00
336.88	-223.33
336.89	-222.00
336.89	-232.00
336.89	-228.00
336.89	-220.66
336.89	-221.34
336.89	-227.33
336.89	-230.00
336.89	-238.66
336.89	-238.66
336.90	-238.66
336.90	-212.67
336.90	-216.00
336.90	-218.66
336.90	-203.33
336.90	-226.67
336.90	-237.33
336.90	-240.00
336.91	-223.33
336.91	-233.33
336.91	-240.00
336.91	-230.66
336.91	-240.00
336.91	-240.00
336.91	-240.00
336.91	-236.67
336.92	-238.00
336.92	-206.00
336.92	-234.67
336.92	-234.00
336.92	-240.00
336.92	-205.33
336.92	-239.34
336.92	-240.00
336.92	-236.67
336.93	-240.00
336.93	-240.00
336.93	-233.33
336.93	-232.00
336.93	-238.66
336.93	-231.34
336.93	-240.00
336.93	-230.00
336.94	-240.00
336.94	-240.00
336.94	-232.67
336.94	-202.00
336.94	-200.66
336.94	-220.00
336.94	-240.00
336.94	-232.67
336.95	-232.00
336.95	-239.34
336.95	-236.67
336.95	-240.00
336.95	-240.00
336.95	-229.34
336.95	-228.00
336.95	-235.33
336.95	-234.67
336.96	-220.00
336.96	-216.00
336.96	-238.66
336.96	-240.00
336.96	-237.33
336.96	-237.33
336.96	-222.00
336.96	-236.67
336.97	-239.34
336.97	-240.00
336.97	-216.00
336.97	-229.34
336.97	-234.67
336.97	-238.66
336.97	-236.00
336.97	-233.33
336.97	-204.67
336.98	-200.00
336.98	-216.00
336.98	-210.66
336.98	-203.33
336.98	-234.00
336.98	-223.33
336.98	-228.00
336.98	-238.66
336.99	-234.67
336.99	-204.00
336.99	-203.33
336.99	-240.00
336.99	-232.00
336.99	-235.33
336.99	-238.00
336.99	-210.66
337.00	-231.34
337.00	-238.00
337.00	-240.00
337.00	-220.66
337.00	-238.66
337.00	-240.00
337.00	-236.67
337.00	-235.33
337.00	-240.00
337.01	-240.00
337.01	-240.00
337.01	-231.34
337.01	-232.00
337.01	-237.33
337.01	-239.34
337.01	-221.34
337.01	-208.66
337.02	-202.67
337.02	-202.67
337.02	-218.00
337.02	-239.34
337.02	-240.00
337.02	-224.67
337.02	-231.34
337.02	-233.33
337.02	-234.67
337.03	-240.00
337.03	-240.00
337.03	-239.34
337.03	-212.67
337.03	-208.00
337.03	-240.00
337.03	-240.00
337.03	-214.67
337.04	-239.34
337.04	-240.00
337.04	-233.33
337.04	-237.33
337.04	-240.00
337.04	-238.66
337.04	-238.66
337.04	-227.33
337.05	-200.00
337.05	-225.33
337.05	-238.00
337.05	-224.67
337.05	-200.00
337.05	-213.33
337.05	-203.33
337.05	-200.66
337.05	-232.67
337.06	-204.67
337.06	-200.66
337.06	-217.33
337.06	-211.34
337.06	-200.00
337.06	-203.33
337.06	-234.67
337.06	-234.00
337.07	-224.00
337.07	-239.34
337.07	-240.00
337.07	-206.67
337.07	-204.67
337.07	-237.33
337.07	-239.34
337.07	-240.00
337.07	-224.67
337.08	-200.66
337.08	-200.00
337.08	-204.67
337.08	-204.67
337.08	-234.67
337.08	-240.00
337.08	-240.00
337.08	-232.67
337.09	-230.66
337.09	-237.33
337.09	-240.00
337.09	-229.34
337.09	-240.00
337.09	-207.33
337.09	-202.67
337.09	-225.33
337.10	-240.00
337.10	-202.00
337.10	-214.67
337.10	-210.00
337.10	-207.33
337.10	-210.66
337.10	-236.67
337.10	-200.66
337.10	-204.00
337.11	-239.34
337.11	-222.00
337.11	-200.00
337.11	-207.33
337.11	-224.67
337.11	-226.00
337.11	-230.66
337.11	-240.00
337.12	-205.33
337.12	-200.00
337.12	-217.33
337.12	-238.00
337.12	-240.00
337.12	-240.00
337.12	-240.00
337.12	-226.00
337.13	-207.33
337.13	-201.34
337.13	-199.34
337.13	-208.66
337.13	-226.00
337.13	-208.00
337.13	-200.00
337.13	-200.00
337.13	-201.34
337.14	-205.33
337.14	-218.66
337.14	-224.00
337.14	-226.00
337.14	-230.00
337.14	-203.33
337.14	-200.66
337.14	-200.00
337.15	-202.00
337.15	-202.67
337.15	-230.66
337.15	-232.00
337.15	-207.33
337.15	-225.33
337.15	-240.00
337.15	-239.34
337.15	-210.66
337.16	-204.00
337.16	-207.33
337.16	-202.67
337.16	-200.00
337.16	-200.00
337.16	-210.00
337.16	-230.00
337.16	-238.66
337.17	-212.00
337.17	-204.00
337.17	-202.00
337.17	-200.00
337.17	-200.00
337.17	-216.00
337.17	-234.67
337.17	-220.66
337.18	-209.34
337.18	-201.34
337.18	-200.00
337.18	-210.00
337.18	-233.33
337.18	-235.33
337.18	-202.67
337.18	-198.66
337.18	-199.34
337.19	-200.00
337.19	-210.00
337.19	-200.66
337.19	-200.00
337.19	-200.00
337.19	-214.67
337.19	-230.00
337.19	-214.67
337.20	-222.00
337.20	-206.00
337.20	-216.00
337.20	-201.34
337.20	-200.66
337.20	-205.33
337.20	-200.00
337.20	-202.00
337.20	-200.00
337.21	-210.00
337.21	-208.00
337.21	-200.00
337.21	-200.00
337.21	-200.66
337.21	-200.00
337.21	-200.00
337.21	-200.00
337.22	-202.00
337.22	-200.00
337.22	-200.00
337.22	-200.00
337.22	-206.00
337.22	-200.00
337.22	-200.00
337.22	-200.00
337.23	-200.66
337.23	-200.00
337.23	-202.00
337.23	-216.67
337.23	-201.34
337.23	-200.00
337.23	-200.00
337.23	-200.00
337.23	-221.34
337.24	-220.66
337.24	-208.66
337.24	-223.33
337.24	-206.67
337.24	-200.66
337.24	-200.00
337.24	-200.00
337.24	-186.67
337.25	-199.34
337.25	-200.00
337.25	-200.00
337.25	-198.00
337.25	-200.00
337.25	-200.00
337.25	-195.33
337.25	-200.00
337.26	-188.66
337.26	-188.66
337.26	-200.00
337.26	-198.00
337.26	-200.00
337.26	-200.00
337.26	-200.00
337.26	-201.34
337.26	-200.00
337.27	-200.00
337.27	-200.00
337.27	-198.66
337.27	-197.33
337.27	-200.00
337.27	-200.00
337.27	-200.00
337.27	-196.00
337.28	-198.00
337.28	-200.00
337.28	-200.00
337.28	-198.00
337.28	-188.00
337.28	-200.00
337.28	-198.00
337.28	-194.67
337.28	-194.00
337.29	-190.00
337.29	-194.67
337.29	-184.00
337.29	-193.33
337.29	-200.00
337.29	-200.00
337.29	-200.00
337.29	-193.33
337.30	-196.00
337.30	-199.34
337.30	-200.00
337.30	-186.67
337.30	-178.66
337.30	-178.66
337.30	-181.34
337.30	-194.67
337.31	-196.67
337.31	-199.34
337.31	-198.00
337.31	-196.00
337.31	-187.33
337.31	-179.34
337.31	-194.00
337.31	-198.66
337.31	-200.00
337.32	-194.00
337.32	-183.33
337.32	-199.34
337.32	-198.66
337.32	-190.66
337.32	-192.00
337.32	-193.33
337.32	-186.00
337.33	-200.00
337.33	-200.00
337.33	-200.00
337.33	-191.34
337.33	-182.00
337.33	-180.66
337.33	-179.34
337.33	-167.33
337.33	-172.00
337.34	-180.00
337.34	-195.33
337.34	-187.33
337.34	-190.66
337.34	-182.00
337.34	-177.33
337.34	-164.00
337.34	-178.66
337.35	-173.33
337.35	-156.67
337.35	-157.33
337.35	-166.00
337.35	-167.33
337.35	-178.00
337.35	-182.67
337.35	-178.00
337.36	-186.67
337.36	-187.33
337.36	-196.00
337.36	-175.33
337.36	-169.34
337.36	-180.66
337.36	-184.00
337.36	-184.67
337.36	-197.33
337.37	-182.67
337.37	-188.66
337.37	-200.00
337.37	-199.34
337.37	-180.66
337.37	-182.67
337.37	-178.00
337.37	-176.67
337.38	-164.00
337.38	-174.00
337.38	-168.66
337.38	-163.33
337.38	-170.00
337.38	-168.66
337.38	-174.67
337.38	-174.67
337.38	-168.00
337.39	-162.67
337.39	-176.00
337.39	-180.66
337.39	-170.00
337.39	-166.67
337.39	-155.33
337.39	-149.34
337.39	-152.00
337.40	-152.67
337.40	-150.00
337.40	-156.67
337.40	-157.33
337.40	-148.00
337.40	-147.33
337.40	-144.00
337.40	-160.66
337.41	-154.67
337.41	-144.00
337.41	-146.67
337.41	-149.34
337.41	-150.00
337.41	-153.33
337.41	-151.34
337.41	-164.00
337.41	-152.00
337.42	-150.00
337.42	-144.00
337.42	-144.00
337.42	-148.66
337.42	-160.66
337.42	-161.34
337.42	-153.33
337.42	-149.34
337.43	-148.66
337.43	-149.34
337.43	-148.00
337.43	-148.66
337.43	-146.67
337.43	-144.00
337.43	-156.00
337.43	-156.00
337.44	-151.34
337.44	-149.34
337.44	-150.66
337.44	-150.00
337.44	-138.66
337.44	-124.00
337.44	-157.33
337.44	-128.00
337.44	-120.00
337.45	-130.00
337.45	-148.66
337.45	-150.00
337.45	-154.67
337.45	-157.33
337.45	-159.34
337.45	-158.00
337.45	-158.00
337.46	-158.66
337.46	-158.00
337.46	-159.34
337.46	-128.00
337.46	-118.00
337.46	-120.00
337.46	-116.67
337.46	-134.00
337.46	-154.00
337.47	-148.66
337.47	-145.33
337.47	-150.00
337.47	-155.33
337.47	-149.34
337.47	-133.33
337.47	-148.00
337.47	-123.33
337.48	-140.00
337.48	-158.00
337.48	-122.67
337.48	-118.66
337.48	-118.00
337.48	-141.34
337.48	-130.66
337.48	-118.66
337.49	-111.34
337.49	-128.66
337.49	-136.67
337.49	-120.00
337.49	-118.66
337.49	-120.00
337.49	-120.00
337.49	-120.00
337.49	-119.34
337.50	-120.00
337.50	-120.00
337.50	-120.00
337.50	-120.00
337.50	-128.00
337.50	-119.34
337.50	-120.00
337.50	-120.00
337.51	-120.00
337.51	-120.00
337.51	-120.00
337.51	-120.00
337.51	-117.33
337.51	-118.66
337.51	-96.00
337.51	-94.67
337.51	-114.00
337.52	-120.00
337.52	-115.33
337.52	-118.00
337.52	-76.67
337.52	-72.00
337.52	-72.00
337.52	-63.33
337.52	-72.67
337.53	-67.33
337.53	-74.67
337.53	-71.34
337.53	-84.67
337.53	-74.67
337.53	-68.66
337.53	-64.67
337.53	-70.00
337.54	-66.67
337.54	-68.66
337.54	-68.00
337.54	-72.00
337.54	-72.00
337.54	-78.66
337.54	-75.33
337.54	-78.00
337.54	-79.34
337.55	-74.67
337.55	-74.67
337.55	-78.00
337.55	-80.00
337.55	-80.00
337.55	-76.67
337.55	-51.34
337.55	-41.34
337.56	-66.00
337.56	-52.00
337.56	-40.00
337.56	-45.33
337.56	-40.00
337.56	-40.00
337.56	-45.33
337.56	-40.00
337.56	-40.00
337.57	-40.00
337.57	-40.00
337.57	-40.00
337.57	-40.00
337.57	-40.00
337.57	-40.00
337.57	-40.00
337.57	-53.33
337.58	-40.00
337.58	-40.00
337.58	-40.00
337.58	-40.00
337.58	-40.00
337.58	-40.00
337.58	-40.00
337.58	-40.00
337.59	-40.00
337.59	-40.00
337.59	-40.00
337.59	-40.00
337.59	-40.00
337.59	-40.00
337.59	-6.67
337.59	0.00
337.59	0.67
337.60	0.00
337.60	11.33
337.60	0.00
337.60	12.00
337.60	8.00
337.60	21.33
337.60	38.67
337.60	32.67
337.61	36.00
337.61	35.33
337.61	38.00
337.61	36.00
337.61	40.00
337.61	40.00
337.61	39.33
337.61	40.00
337.62	46.00
337.62	42.00
337.62	40.00
337.62	48.67
337.62	40.67
337.62	45.33
337.62	80.00
337.62	80.00
337.62	80.00
337.63	80.00
337.63	80.00
337.63	80.67
337.63	81.33
337.63	80.00
337.63	80.00
337.63	80.67
337.63	86.00
337.64	100.00
337.64	101.33
337.64	104.67
337.64	111.33
337.64	118.00
337.64	120.00
337.64	120.00
337.64	120.00
337.64	120.00
337.65	120.00
337.65	122.00
337.65	121.33
337.65	120.00
337.65	123.33
337.65	120.67
337.65	131.33
337.65	134.67
337.66	123.33
337.66	135.33
337.66	153.33
337.66	162.00
337.66	171.33
337.66	172.00
337.66	159.33
337.66	179.33
337.67	200.00
337.67	200.00
337.67	200.00
337.67	200.00
337.67	200.00
337.67	200.00
337.67	200.00
337.67	216.67
337.67	215.33
337.68	218.67
337.68	240.00
337.68	240.00
337.68	240.00
337.68	240.00
337.68	240.00
337.68	252.67
337.68	273.33
337.69	280.00
337.69	280.00
337.69	280.00
337.69	280.00
337.69	280.00
337.69	280.00
337.69	280.00
337.69	293.33
337.69	300.67
337.70	320.00
337.70	320.00
337.70	320.00
337.70	337.33
337.70	360.00
337.70	360.00
337.70	360.00
337.70	360.00
337.71	366.67
337.71	360.67
337.71	391.33
337.71	400.00
337.71	400.00
337.71	400.00
337.71	400.00
337.71	411.33
337.72	418.00
337.72	432.67
337.72	440.00
337.72	440.00
337.72	440.00
337.72	440.00
337.72	448.67
337.72	470.00
337.72	474.67
337.73	482.00
337.73	507.33
337.73	516.67
337.73	520.00
337.73	520.00
337.73	532.00
337.73	521.33
337.73	520.67
337.74	551.33
337.74	560.00
337.74	560.00
337.74	561.33
337.74	560.67
337.74	579.33
337.74	600.00
337.74	600.00
337.75	610.00
337.75	628.67
337.75	639.33
337.75	651.33
337.75	676.00
337.75	680.00
337.75	680.00
337.75	680.00
337.75	680.00
337.76	704.67
337.76	719.33
337.76	715.33
337.76	724.00
337.76	753.33
337.76	760.00
337.76	760.00
337.76	760.00
337.77	764.67
337.77	778.00
337.77	793.33
337.77	800.67
337.77	807.33
337.77	839.33
337.77	840.00
337.77	840.00
337.77	867.33
337.78	872.67
337.78	880.00
337.78	892.67
337.78	914.00
337.78	920.00
337.78	920.00
337.78	926.67
337.78	960.00
337.79	970.00
337.79	992.00
337.79	996.00
337.79	1000.00
337.79	1000.00
337.79	1000.00
337.79	1016.67
337.79	1034.67
337.80	1040.00
337.80	1041.33
337.80	1062.67
337.80	1077.33
337.80	1080.00
337.80	1080.00
337.80	1080.00
337.80	1087.33
337.80	1116.67
337.81	1139.33
337.81	1144.00
337.81	1133.33
337.81	1156.00
337.81	1160.00
337.81	1160.00
337.81	1192.67
337.81	1200.00
337.82	1198.67
337.82	1200.00
337.82	1200.00
337.82	1218.00
337.82	1221.33
337.82	1228.00
337.82	1219.33
337.82	1208.00
337.82	1231.33
337.83	1239.33
337.83	1238.67
337.83	1240.00
337.83	1240.67
337.83	1250.67
337.83	1251.33
337.83	1265.33
337.83	1240.00
337.84	1273.33
337.84	1252.67
337.84	1259.33
337.84	1240.00
337.84	1240.00
337.84	1240.00
337.84	1240.00
337.84	1240.00
337.85	1240.00
337.85	1238.67
337.85	1239.33
337.85	1218.00
337.85	1211.33
337.85	1203.33
337.85	1202.67
337.85	1200.00
337.85	1194.67
337.86	1168.00
337.86	1160.00
337.86	1150.00
337.86	1132.00
337.86	1132.67
337.86	1110.00
337.86	1102.67
337.86	1078.00
337.87	1040.67
337.87	1040.00
337.87	1002.00
337.87	1000.00
337.87	994.00
337.87	969.33
337.87	934.67
337.87	920.00
337.87	892.67
337.88	880.00
337.88	851.33
337.88	822.67
337.88	788.00
337.88	745.33
337.88	720.00
337.88	690.67
337.88	649.33
337.89	617.33
337.89	592.67
337.89	558.67
337.89	520.00
337.89	461.33
337.89	440.00
337.89	420.67
337.89	375.33
337.90	339.33
337.90	308.00
337.90	266.00
337.90	238.67
337.90	196.00
337.90	147.33
337.90	123.33
337.90	65.33
337.90	27.33
337.91	0.00
337.91	-66.00
337.91	-104.00
337.91	-131.34
337.91	-195.33
337.91	-231.34
337.91	-265.33
337.91	-316.00
337.92	-325.33
337.92	-388.66
337.92	-432.67
337.92	-466.67
337.92	-512.00
337.92	-547.33
337.92	-581.34
337.92	-630.00
337.93	-662.00
337.93	-700.00
337.93	-751.34
337.93	-776.00
337.93	-832.00
337.93	-879.34
337.93	-896.67
337.93	-949.34
337.93	-960.00
337.94	-1004.00
337.94	-1034.67
337.94	-1060.00
337.94	-1092.00
337.94	-1121.34
337.94	-1153.33
337.94	-1194.67
337.94	-1194.00
337.95	-1247.33
337.95	-1272.67
337.95	-1272.00
337.95	-1305.33
337.95	-1344.00
337.95	-1350.00
337.95	-1391.34
337.95	-1426.67
337.95	-1428.66
337.96	-1472.67
337.96	-1480.00
337.96	-1492.00
337.96	-1510.00
337.96	-1507.33
337.96	-1557.33
337.96	-1560.00
337.96	-1560.66
337.97	-1588.66
337.97	-1590.00
337.97	-1609.34
337.97	-1640.00
337.97	-1640.00
337.97	-1642.67
337.97	-1670.00
337.97	-1670.00
337.98	-1668.00
337.98	-1666.67
337.98	-1671.34
337.98	-1670.66
337.98	-1673.33
337.98	-1687.33
337.98	-1718.00
337.98	-1720.00
337.98	-1720.00
337.99	-1720.00
337.99	-1714.00
337.99	-1688.00
337.99	-1686.00
337.99	-1680.00
337.99	-1718.00
337.99	-1713.33
337.99	-1707.33
338.00	-1682.00
338.00	-1707.33
338.00	-1687.33
338.00	-1669.34
338.00	-1673.33
338.00	-1670.66
338.00	-1672.67
338.00	-1672.67
338.00	-1675.33
338.01	-1672.00
338.01	-1654.67
338.01	-1646.00
338.01	-1640.66
338.01	-1640.00
338.01	-1640.00
338.01	-1640.00
338.01	-1611.34
338.02	-1587.33
338.02	-1594.00
338.02	-1562.00
338.02	-1566.67
338.02	-1560.00
338.02	-1554.00
338.02	-1520.66
338.02	-1535.33
338.03	-1512.00
338.03	-1515.33
338.03	-1506.67
338.03	-1480.00
338.03	-1479.34
338.03	-1470.00
338.03	-1438.00
338.03	-1426.67
338.03	-1424.00
338.04	-1426.67
338.04	-1416.67
338.04	-1429.34
338.04	-1396.67
338.04	-1398.00
338.04	-1400.00
338.04	-1384.67
338.04	-1358.66
338.05	-1345.33
338.05	-1349.34
338.05	-1355.33
338.05	-1325.33
338.05	-1300.66
338.05	-1280.00
338.05	-1280.00
338.05	-1263.33
338.05	-1278.66
338.06	-1256.00
338.06	-1240.66
338.06	-1265.33
338.06	-1240.00
338.06	-1236.67
338.06	-1237.33
338.06	-1232.67
338.06	-1192.67
338.07	-1198.66
338.07	-1188.66
338.07	-1165.33
338.07	-1158.66
338.07	-1147.33
338.07	-1124.00
338.07	-1106.00
338.07	-1124.00
338.08	-1110.00
338.08	-1107.33
338.08	-1108.66
338.08	-1082.00
338.08	-1076.00
338.08	-1080.00
338.08	-1048.66
338.08	-1034.67
338.08	-1028.00
338.09	-1034.67
338.09	-1034.67
338.09	-1004.67
338.09	-1006.00
338.09	-1000.00
338.09	-1000.00
338.09	-1000.00
338.09	-988.66
338.10	-958.66
338.10	-958.66
338.10	-951.34
338.10	-956.00
338.10	-948.66
338.10	-944.00
338.10	-920.00
338.10	-920.00
338.11	-920.00
338.11	-917.33
338.11	-873.33
338.11	-870.66
338.11	-866.00
338.11	-876.67
338.11	-880.00
338.11	-880.00
338.11	-846.67
338.12	-828.00
338.12	-840.00
338.12	-832.67
338.12	-837.33
338.12	-828.00
338.12	-819.34
338.12	-803.33
338.12	-807.33
338.13	-796.67
338.13	-788.66
338.13	-786.00
338.13	-788.66
338.13	-794.00
338.13	-752.67
338.13	-743.33
338.13	-752.67
338.13	-760.00
338.14	-754.67
338.14	-746.67
338.14	-728.66
338.14	-749.34
338.14	-720.00
338.14	-711.34
338.14	-706.67
338.14	-711.34
338.15	-709.34
338.15	-708.00
338.15	-694.67
338.15	-706.67
338.15	-696.67
338.15	-687.33
338.15	-678.66
338.15	-660.66
338.16	-660.00
338.16	-660.00
338.16	-658.66
338.16	-655.33
338.16	-657.33
338.16	-656.00
338.16	-623.33
338.16	-638.00
338.16	-637.33
338.17	-601.34
338.17	-600.00
338.17	-636.00
338.17	-615.33
338.17	-600.00
338.17	-600.00
338.17	-600.00
338.17	-600.00
338.18	-600.00
338.18	-600.00
338.18	-600.00
338.18	-600.00
338.18	-600.00
338.18	-568.00
338.18	-559.34
338.18	-560.00
338.18	-556.67
338.19	-550.66
338.19	-552.00
338.19	-550.00
338.19	-554.67
338.19	-556.00
338.19	-554.00
338.19	-549.34
338.19	-550.66
338.20	-560.00
338.20	-532.00
338.20	-523.33
338.20	-539.34
338.20	-530.00
338.20	-528.00
338.20	-540.00
338.20	-526.00
338.21	-520.00
338.21	-520.00
338.21	-520.00
338.21	-506.00
338.21	-510.66
338.21	-516.00
338.21	-502.00
338.21	-516.00
338.21	-506.67
338.22	-499.34
338.22	-492.00
338.22	-486.67
338.22	-495.33
338.22	-480.66
338.22	-490.00
338.22	-479.34
338.22	-467.33
338.23	-466.67
338.23	-468.66
338.23	-466.67
338.23	-456.00
338.23	-460.66
338.23	-466.00
338.23	-466.67
338.23	-464.67
338.24	-467.33
338.24	-460.00
338.24	-474.00
338.24	-470.00
338.24	-460.66
338.24	-454.00
338.24	-434.00
338.24	-442.67
338.24	-451.34
338.25	-453.33
338.25	-459.34
338.25	-426.67
338.25	-471.34
338.25	-455.33
338.25	-422.67
338.25	-424.67
338.25	-434.67
338.26	-440.00
338.26	-438.00
338.26	-440.00
338.26	-440.00
338.26	-440.00
338.26	-440.00
338.26	-440.00
338.26	-426.67
338.26	-398.66
338.27	-398.00
338.27	-391.34
338.27	-388.66
338.27	-417.33
338.27	-399.34
338.27	-420.00
338.27	-435.33
338.27	-408.00
338.28	-397.33
338.28	-396.00
338.28	-396.67
338.28	-387.33
338.28	-395.33
338.28	-404.67
338.28	-397.33
338.28	-390.00
338.29	-400.00
338.29	-387.33
338.29	-386.00
338.29	-392.67
338.29	-396.67
338.29	-396.67
338.29	-388.00
338.29	-388.00
338.29	-389.34
338.30	-387.33
338.30	-387.33
338.30	-378.66
338.30	-368.66
338.30	-383.33
338.30	-375.33
338.30	-386.67
338.30	-392.00
338.31	-381.34
338.31	-360.00
338.31	-360.00
338.31	-360.00
338.31	-371.34
338.31	-364.67
338.31	-360.66
338.31	-373.33
338.31	-360.66
338.32	-360.00
338.32	-360.00
338.32	-360.00
338.32	-360.00
338.32	-360.00
338.32	-361.34
338.32	-360.00
338.32	-360.00
338.33	-364.00
338.33	-362.00
338.33	-360.00
338.33	-360.00
338.33	-360.00
338.33	-360.00
338.33	-360.00
338.33	-360.00
338.34	-360.00
338.34	-360.00
338.34	-360.00
338.34	-360.00
338.34	-360.00
338.34	-360.00
338.34	-360.00
338.34	-332.67
338.34	-360.00
338.35	-360.00
338.35	-360.00
338.35	-360.00
338.35	-327.33
338.35	-320.00
338.35	-320.66
338.35	-320.00
338.35	-320.00
338.36	-352.67
338.36	-326.00
338.36	-311.34
338.36	-318.66
338.36	-320.00
338.36	-320.00
338.36	-319.34
338.36	-320.00
338.36	-320.00
338.37	-320.00
338.37	-320.00
338.37	-320.00
338.37	-319.34
338.37	-305.33
338.37	-309.34
338.37	-302.00
338.37	-306.67
338.38	-309.34
338.38	-312.00
338.38	-312.00
338.38	-318.00
338.38	-305.33
338.38	-311.34
338.38	-310.66
338.38	-305.33
338.39	-318.66
338.39	-312.67
338.39	-320.00
338.39	-319.34
338.39	-304.67
338.39	-317.33
338.39	-310.66
338.39	-309.34
338.39	-306.67
338.40	-311.34
338.40	-318.00
338.40	-302.00
338.40	-311.34
338.40	-316.67
338.40	-310.66
338.40	-310.00
338.40	-320.00
338.41	-314.00
338.41	-314.67
338.41	-313.33
338.41	-317.33
338.41	-316.00
338.41	-315.33
338.41	-318.00
338.41	-300.66
338.42	-318.66
338.42	-318.66
338.42	-320.00
338.42	-308.00
338.42	-306.67
338.42	-284.00
338.42	-320.00
338.42	-319.34
338.42	-309.34
338.43	-305.33
338.43	-296.00
338.43	-306.00
338.43	-311.34
338.43	-318.00
338.43	-316.67
338.43	-313.33
338.43	-320.00
338.44	-288.00
338.44	-300.66
338.44	-312.00
338.44	-314.67
338.44	-292.00
338.44	-280.00
338.44	-308.00
338.44	-308.00
338.44	-306.67
338.45	-310.66
338.45	-280.00
338.45	-290.00
338.45	-302.00
338.45	-280.66
338.45	-310.00
338.45	-312.67
338.45	-288.66
338.46	-280.00
338.46	-280.00
338.46	-280.00
338.46	-280.00
338.46	-280.00
338.46	-280.00
338.46	-280.66
338.46	-280.00
338.47	-280.00
338.47	-280.00
338.47	-280.00
338.47	-289.34
338.47	-300.66
338.47	-303.33
338.47	-286.67
338.47	-280.66
338.47	-282.67
338.48	-288.66
338.48	-285.33
338.48	-280.00
338.48	-281.34
338.48	-280.66
338.48	-280.00
338.48	-280.00
338.48	-280.66
338.49	-280.00
338.49	-280.00
338.49	-280.00
338.49	-280.00
338.49	-280.00
338.49	-280.00
338.49	-280.00
338.49	-280.00
338.49	-280.00
338.50	-280.00
338.50	-280.00
338.50	-280.00
338.50	-280.00
338.50	-280.00
338.50	-280.00
338.50	-280.00
338.50	-280.00
338.51	-280.00
338.51	-280.00
338.51	-280.00
338.51	-280.00
338.51	-280.00
338.51	-280.00
338.51	-280.00
338.51	-280.00
338.52	-280.00
338.52	-280.00
338.52	-280.00
338.52	-280.00
338.52	-280.00
338.52	-280.00
338.52	-280.00
338.52	-280.00
338.52	-280.00
338.53	-280.00
338.53	-280.00
338.53	-280.00
338.53	-280.00
338.53	-280.00
338.53	-280.00
338.53	-280.00
338.53	-280.00
338.54	-280.00
338.54	-280.00
338.54	-280.00
338.54	-280.00
338.54	-280.66
338.54	-280.00
338.54	-280.00
338.54	-280.00
338.55	-280.00
338.55	-280.00
338.55	-280.00
338.55	-280.00
338.55	-280.00
338.55	-280.00
338.55	-280.00
338.55	-280.00
338.55	-280.00
338.56	-280.00
338.56	-280.00
338.56	-280.00
338.56	-280.00
338.56	-280.00
338.56	-280.00
338.56	-280.00
338.56	-280.00
338.57	-280.00
338.57	-280.00
338.57	-280.00
338.57	-280.00
338.57	-280.00
338.57	-280.00
338.57	-280.00
338.57	-280.00
338.57	-280.00
338.58	-280.00
338.58	-280.00
338.58	-280.00
338.58	-280.00
338.58	-280.00
338.58	-280.00
338.58	-280.00
338.58	-280.00
338.59	-280.00
338.59	-280.00
338.59	-280.00
338.59	-280.00
338.59	-280.00
338.59	-259.34
338.59	-275.33
338.59	-280.00
338.60	-280.00
338.60	-280.00
338.60	-280.00
338.60	-280.00
338.60	-280.00
338.60	-280.00
338.60	-280.00
338.60	-275.33
338.60	-280.00
338.61	-267.33
338.61	-280.00
338.61	-280.00
338.61	-280.00
338.61	-280.00
338.61	-280.00
338.61	-280.00
338.61	-280.00
338.62	-280.00
338.62	-258.66
338.62	-280.00
338.62	-280.00
338.62	-280.00
338.62	-280.00
338.62	-280.00
338.62	-257.33
338.62	-264.00
338.63	-280.00
338.63	-276.67
338.63	-250.66
338.63	-280.00
338.63	-280.00
338.63	-280.00
338.63	-280.00
338.63	-280.00
338.64	-263.33
338.64	-280.00
338.64	-280.00
338.64	-266.67
338.64	-251.34
338.64	-241.34
338.64	-237.33
338.64	-239.34
338.65	-240.00
338.65	-240.00
338.65	-273.33
338.65	-275.33
338.65	-280.00
338.65	-280.00
338.65	-280.00
338.65	-278.66
338.65	-252.67
338.66	-280.00
338.66	-272.00
338.66	-274.67
338.66	-258.66
338.66	-280.00
338.66	-272.67
338.66	-276.67
338.66	-270.00
338.67	-240.00
338.67	-248.66
338.67	-280.00
338.67	-280.00
338.67	-276.67
338.67	-257.33
338.67	-266.67
338.67	-234.67
338.67	-255.33
338.68	-241.34
338.68	-228.66
338.68	-238.66
338.68	-260.00
338.68	-274.67
338.68	-240.66
338.68	-250.66
338.68	-226.67
338.69	-234.00
338.69	-268.66
338.69	-258.66
338.69	-235.33
338.69	-237.33
338.69	-246.00
338.69	-256.67
338.69	-238.66
338.70	-267.33
338.70	-255.33
338.70	-261.34
338.70	-277.33
338.70	-241.34
338.70	-248.00
338.70	-270.66
338.70	-251.34
338.70	-246.00
338.71	-258.00
338.71	-273.33
338.71	-240.00
338.71	-256.67
338.71	-242.00
338.71	-240.00
338.71	-266.67
338.71	-240.00
338.72	-239.34
338.72	-231.34
338.72	-244.00
338.72	-279.34
338.72	-266.00
338.72	-250.66
338.72	-280.00
338.72	-240.66
338.73	-248.66
338.73	-238.00
338.73	-239.34
338.73	-235.33
338.73	-252.00
338.73	-264.67
338.73	-238.00
338.73	-238.00
338.73	-272.67
338.74	-240.00
338.74	-266.00
338.74	-237.33
338.74	-234.67
338.74	-226.67
338.74	-270.00
338.74	-242.00
338.74	-256.00
338.75	-280.00
338.75	-280.00
338.75	-280.00
338.75	-280.00
338.75	-268.66
338.75	-251.34
338.75	-244.00
338.75	-242.00
338.75	-272.67
338.76	-246.67
338.76	-226.67
338.76	-235.33
338.76	-240.00
338.76	-236.00
338.76	-228.00
338.76	-232.00
338.76	-240.00
338.77	-239.34
338.77	-266.67
338.77	-246.67
338.77	-270.00
338.77	-240.66
338.77	-226.00
338.77	-239.34
338.77	-236.67
338.78	-232.67
338.78	-239.34
338.78	-233.33
338.78	-228.00
338.78	-232.67
338.78	-238.00
338.78	-227.33
338.78	-229.34
338.78	-236.67
338.79	-238.00
338.79	-240.00
338.79	-257.33
338.79	-234.00
338.79	-226.67
338.79	-238.00
338.79	-256.67
338.79	-253.33
338.80	-229.34
338.80	-240.00
338.80	-241.34
338.80	-228.66
338.80	-232.00
338.80	-234.67
338.80	-228.66
338.80	-242.67
338.80	-276.00
338.81	-254.00
338.81	-239.34
338.81	-235.33
338.81	-229.34
338.81	-238.66
338.81	-228.00
338.81	-234.00
338.81	-239.34
338.82	-238.00
338.82	-248.66
338.82	-247.33
338.82	-255.33
338.82	-239.34
338.82	-252.00
338.82	-234.00
338.82	-232.67
338.83	-232.67
338.83	-260.00
338.83	-280.00
338.83	-274.67
338.83	-264.67
338.83	-272.00
338.83	-256.67
338.83	-247.33
338.83	-235.33
338.84	-230.00
338.84	-232.67
338.84	-230.66
338.84	-264.00
338.84	-280.00
338.84	-278.00
338.84	-244.67
338.84	-238.66
338.85	-230.66
338.85	-229.34
338.85	-248.00
338.85	-243.33
338.85	-234.00
338.85	-232.00
338.85	-229.34
338.85	-255.33
338.85	-256.00
338.86	-250.00
338.86	-238.66
338.86	-247.33
338.86	-280.00
338.86	-240.00
338.86	-229.34
338.86	-238.66
338.86	-234.67
338.87	-230.00
338.87	-237.33
338.87	-240.00
338.87	-256.00
338.87	-266.00
338.87	-238.66
338.87	-234.67
338.87	-248.00
338.88	-224.67
338.88	-228.00
338.88	-227.33
338.88	-238.00
338.88	-252.00
338.88	-235.33
338.88	-227.33
338.88	-240.00
338.88	-240.00
338.89	-256.00
338.89	-280.00
338.89	-280.00
338.89	-280.00
338.89	-280.00
338.89	-280.00
338.89	-269.34
338.89	-239.34
338.90	-227.33
338.90	-229.34
338.90	-250.00
338.90	-266.00
338.90	-238.00
338.90	-231.34
338.90	-240.00
338.90	-230.66
338.91	-226.00
338.91	-225.33
338.91	-231.34
338.91	-246.67
338.91	-240.00
338.91	-245.33
338.91	-250.66
338.91	-234.67
338.91	-231.34
338.92	-236.00
338.92	-238.66
338.92	-238.00
338.92	-238.66
338.92	-226.67
338.92	-224.67
338.92	-236.00
338.92	-233.33
338.93	-238.66
338.93	-230.00
338.93	-230.66
338.93	-238.66
338.93	-230.66
338.93	-225.33
338.93	-235.33
338.93	-236.67
338.93	-254.00
338.94	-238.00
338.94	-226.67
338.94	-234.67
338.94	-229.34
338.94	-237.33
338.94	-222.67
338.94	-235.33
338.94	-236.67
338.95	-233.33
338.95	-232.67
338.95	-238.66
338.95	-257.33
338.95	-237.33
338.95	-232.00
338.95	-236.67
338.95	-226.67
338.96	-236.67
338.96	-240.00
338.96	-249.34
338.96	-236.67
338.96	-224.00
338.96	-228.00
338.96	-224.67
338.96	-228.66
338.96	-236.67
338.97	-246.00
338.97	-258.66
338.97	-236.00
338.97	-240.00
338.97	-226.00
338.97	-232.67
338.97	-234.67
338.97	-237.33
338.98	-232.67
338.98	-225.33
338.98	-228.66
338.98	-224.67
338.98	-222.67
338.98	-236.67
338.98	-240.00
338.98	-240.00
338.98	-229.34
338.99	-240.00
338.99	-237.33
338.99	-235.33
338.99	-229.34
338.99	-240.00
338.99	-225.33
338.99	-232.67
338.99	-233.33
339.00	-231.34
339.00	-240.00
339.00	-234.00
339.00	-226.00
339.00	-233.33
339.00	-227.33
339.00	-226.67
339.00	-229.34
339.01	-236.67
339.01	-221.34
339.01	-224.67
339.01	-230.00
339.01	-226.00
339.01	-223.33
339.01	-225.33
339.01	-232.00
339.01	-227.33
339.02	-230.00
339.02	-236.67
339.02	-237.33
339.02	-226.67
339.02	-236.67
339.02	-229.34
339.02	-236.00
339.02	-235.33
339.03	-227.33
339.03	-238.00
339.03	-237.33
339.03	-233.33
339.03	-244.00
339.03	-228.66
339.03	-234.67
339.03	-238.66
339.04	-239.34
339.04	-239.34
339.04	-228.66
339.04	-230.00
339.04	-234.00
339.04	-257.33
339.04	-238.00
339.04	-234.00
339.04	-224.67
339.05	-227.33
339.05	-233.33
339.05	-236.00
339.05	-224.67
339.05	-232.67
339.05	-229.34
339.05	-228.66
339.05	-230.00
339.06	-229.34
339.06	-226.00
339.06	-233.33
339.06	-227.33
339.06	-223.33
339.06	-224.00
339.06	-231.34
339.06	-226.67
339.06	-235.33
339.07	-230.00
339.07	-233.33
339.07	-234.67
339.07	-225.33
339.07	-232.67
339.07	-235.33
339.07	-236.67
339.07	-230.66
339.08	-234.00
339.08	-240.00
339.08	-239.34
339.08	-240.00
339.08	-227.33
339.08	-226.00
339.08	-236.67
339.08	-238.00
339.09	-235.33
339.09	-230.66
339.09	-235.33
339.09	-227.33
339.09	-225.33
339.09	-236.67
339.09	-226.00
339.09	-232.67
339.09	-240.00
339.10	-240.00
339.10	-229.34
339.10	-230.00
339.10	-227.33
339.10	-224.00
339.10	-238.00
339.10	-237.33
339.10	-232.67
339.11	-234.67
339.11	-236.67
339.11	-228.66
339.11	-240.00
339.11	-238.66
339.11	-224.67
339.11	-228.00
339.11	-228.66
339.11	-227.33
339.12	-236.00
339.12	-254.00
339.12	-232.00
339.12	-239.34
339.12	-240.00
339.12	-230.00
339.12	-228.66
339.12	-230.00
339.13	-236.00
339.13	-236.00
339.13	-233.33
339.13	-232.00
339.13	-232.00
339.13	-229.34
339.13	-230.66
339.13	-233.33
339.14	-230.66
339.14	-238.66
339.14	-237.33
339.14	-224.67
339.14	-224.67
339.14	-228.66
339.14	-226.67
339.14	-249.34
339.14	-246.00
339.15	-231.34
339.15	-231.34
339.15	-245.33
339.15	-229.34
339.15	-232.00
339.15	-233.33
339.15	-230.00
339.15	-236.00
339.16	-228.00
339.16	-226.00
339.16	-238.66
339.16	-249.34
339.16	-241.34
339.16	-230.66
339.16	-226.00
339.16	-227.33
339.16	-228.66
339.17	-229.34
339.17	-242.00
339.17	-240.00
339.17	-228.66
339.17	-235.33
339.17	-236.00
339.17	-234.67
339.17	-228.66
339.18	-227.33
339.18	-223.33
339.18	-225.33
339.18	-231.34
339.18	-229.34
339.18	-234.67
339.18	-225.33
339.18	-234.00
339.19	-252.67
339.19	-258.66
339.19	-257.33
339.19	-234.67
339.19	-225.33
339.19	-225.33
339.19	-226.67
339.19	-232.67
339.19	-238.66
339.20	-238.00
339.20	-228.00
339.20	-231.34
339.20	-234.67
339.20	-232.67
339.20	-232.67
339.20	-225.33
339.20	-232.00
339.21	-239.34
339.21	-237.33
339.21	-236.00
339.21	-227.33
339.21	-226.67
339.21	-223.33
339.21	-222.67
339.21	-234.67
339.22	-226.67
339.22	-234.67
339.22	-234.67
339.22	-235.33
339.22	-223.33
339.22	-229.34
339.22	-240.00
339.22	-236.00
339.22	-236.00
339.23	-234.00
339.23	-231.34
339.23	-233.33
339.23	-236.00
339.23	-231.34
339.23	-232.67
339.23	-230.00
339.23	-228.00
339.24	-228.00
339.24	-238.66
339.24	-225.33
339.24	-224.67
339.24	-237.33
339.24	-236.00
339.24	-234.00
339.24	-233.33
339.24	-234.67
339.25	-234.67
339.25	-232.67
339.25	-239.34
339.25	-229.34
339.25	-226.00
339.25	-240.00
339.25	-228.00
339.25	-232.67
339.26	-226.00
339.26	-228.00
339.26	-224.00
339.26	-239.34
339.26	-238.66
339.26	-231.34
339.26	-230.00
339.26	-227.33
339.27	-230.00
339.27	-226.00
339.27	-240.66
339.27	-236.00
339.27	-238.00
339.27	-249.34
339.27	-236.67
339.27	-233.33
339.27	-226.00
339.28	-230.00
339.28	-238.00
339.28	-230.66
339.28	-235.33
339.28	-238.00
339.28	-240.00
339.28	-237.33
339.28	-229.34
339.29	-236.00
339.29	-237.33
339.29	-235.33
339.29	-229.34
339.29	-233.33
339.29	-225.33
339.29	-222.00
339.29	-224.67
339.29	-232.67
339.30	-232.00
339.30	-224.67
339.30	-224.67
339.30	-243.33
339.30	-242.67
339.30	-230.00
339.30	-240.00
339.30	-232.67
339.31	-226.67
339.31	-238.66
339.31	-230.00
339.31	-238.00
339.31	-236.00
339.31	-237.33
339.31	-233.33
339.31	-232.00
339.32	-224.67
339.32	-229.34
339.32	-236.67
339.32	-223.33
339.32	-234.00
339.32	-232.00
339.32	-238.66
339.32	-238.00
339.32	-237.33
339.33	-227.33
339.33	-230.66
339.33	-236.67
339.33	-234.00
339.33	-237.33
339.33	-231.34
339.33	-235.33
339.33	-224.67
339.34	-230.66
339.34	-228.66
339.34	-236.00
339.34	-240.00
339.34	-240.00
339.34	-240.00
339.34	-226.00
339.34	-231.34
339.35	-228.66
339.35	-233.33
339.35	-237.33
339.35	-240.00
339.35	-239.34
339.35	-223.33
339.35	-233.33
339.35	-238.66
339.35	-240.66
339.36	-266.00
339.36	-239.34
339.36	-238.66
339.36	-268.66
339.36	-227.33
339.36	-236.00
339.36	-223.33
339.36	-238.66
339.37	-239.34
339.37	-240.00
339.37	-240.00
339.37	-240.00
339.37	-239.34
339.37	-232.00
339.37	-232.00
339.37	-232.00
339.37	-247.33
339.38	-234.67
339.38	-232.67
339.38	-238.00
339.38	-240.00
339.38	-232.00
339.38	-233.33
339.38	-228.00
339.38	-226.67
339.39	-234.00
339.39	-224.67
339.39	-225.33
339.39	-223.33
339.39	-228.66
339.39	-232.00
339.39	-223.33
339.39	-236.00
339.40	-230.66
339.40	-238.00
339.40	-242.67
339.40	-240.66
339.40	-236.00
339.40	-232.67
339.40	-232.00
339.40	-228.00
339.40	-240.00
339.41	-229.34
339.41	-233.33
339.41	-234.67
339.41	-232.00
339.41	-236.67
339.41	-232.00
339.41	-230.66
339.41	-240.00
339.42	-232.00
339.42	-230.00
339.42	-238.00
339.42	-238.00
339.42	-261.34
339.42	-274.67
339.42	-254.00
339.42	-223.33
339.42	-231.34
339.43	-227.33
339.43	-226.00
339.43	-228.66
339.43	-234.67
339.43	-225.33
339.43	-226.67
339.43	-240.00
339.43	-237.33
339.44	-239.34
339.44	-234.00
339.44	-238.00
339.44	-236.00
339.44	-233.33
339.44	-236.67
339.44	-230.00
339.44	-232.00
339.45	-236.00
339.45	-234.67
339.45	-234.67
339.45	-231.34
339.45	-240.00
339.45	-240.00
339.45	-240.00
339.45	-224.00
339.45	-240.00
339.46	-240.00
339.46	-236.67
339.46	-224.00
339.46	-236.67
339.46	-228.00
339.46	-228.66
339.46	-229.34
339.46	-242.67
339.47	-230.00
339.47	-224.00
339.47	-238.00
339.47	-231.34
339.47	-239.34
339.47	-233.33
339.47	-224.00
339.47	-238.00
339.47	-238.66
339.48	-237.33
339.48	-234.00
339.48	-235.33
339.48	-232.67
339.48	-228.66
339.48	-223.33
339.48	-224.00
339.48	-228.66
339.49	-224.67
339.49	-242.67
339.49	-229.34
339.49	-236.00
339.49	-239.34
339.49	-237.33
339.49	-236.67
339.49	-230.00
339.50	-233.33
339.50	-225.33
339.50	-228.66
339.50	-238.00
339.50	-236.67
339.50	-228.00
339.50	-229.34
339.50	-230.00
339.50	-224.00
339.51	-227.33
339.51	-235.33
339.51	-236.00
339.51	-240.00
339.51	-236.00
339.51	-233.33
339.51	-230.66
339.51	-228.66
339.52	-232.67
339.52	-225.33
339.52	-224.67
339.52	-234.00
339.52	-233.33
339.52	-230.66
339.52	-226.67
339.52	-230.00
339.53	-234.67
339.53	-232.00
339.53	-226.00
339.53	-227.33
339.53	-236.00
339.53	-240.00
339.53	-234.00
339.53	-233.33
339.53	-233.33
339.54	-232.00
339.54	-238.66
339.54	-232.67
339.54	-232.67
339.54	-226.67
339.54	-224.67
339.54	-228.00
339.54	-235.33
339.55	-224.00
339.55	-232.67
339.55	-234.67
339.55	-226.00
339.55	-235.33
339.55	-224.67
339.55	-226.67
339.55	-239.34
339.55	-230.66
339.56	-232.67
339.56	-227.33
339.56	-222.67
339.56	-238.00
339.56	-234.67
339.56	-234.00
339.56	-232.67
339.56	-237.33
339.57	-230.66
339.57	-231.34
339.57	-236.67
339.57	-226.67
339.57	-230.66
339.57	-231.34
339.57	-226.67
339.57	-226.67
339.58	-234.67
339.58	-240.00
339.58	-239.34
339.58	-236.67
339.58	-236.00
339.58	-235.33
339.58	-235.33
339.58	-240.66
339.58	-236.67
339.59	-229.34
339.59	-230.00
339.59	-232.00
339.59	-232.67
339.59	-240.00
339.59	-227.33
339.59	-224.67
339.59	-232.67
339.60	-237.33
339.60	-238.66
339.60	-238.66
339.60	-236.00
339.60	-232.67
339.60	-238.66
339.60	-240.00
339.60	-240.00
339.60	-234.00
339.61	-230.66
339.61	-232.00
339.61	-233.33
339.61	-236.00
339.61	-228.00
339.61	-240.00
339.61	-257.33
339.61	-240.00
339.62	-233.33
339.62	-224.00
339.62	-238.66
339.62	-235.33
339.62	-230.66
339.62	-240.00
339.62	-234.00
339.62	-240.00
339.63	-238.00
339.63	-238.00
339.63	-231.34
339.63	-240.00
339.63	-240.00
339.63	-232.67
339.63	-239.34
339.63	-240.00
339.63	-240.00
339.64	-228.00
339.64	-229.34
339.64	-226.00
339.64	-226.67
339.64	-235.33
339.64	-238.66
339.64	-228.66
339.64	-223.33
339.65	-239.34
339.65	-234.67
339.65	-238.66
339.65	-240.00
339.65	-235.33
339.65	-226.67
339.65	-231.34
339.65	-232.00
339.65	-228.66
339.66	-228.66
339.66	-236.67
339.66	-230.00
339.66	-229.34
339.66	-225.33
339.66	-238.66
339.66	-227.33
339.66	-223.33
339.67	-228.66
339.67	-232.00
339.67	-234.00
339.67	-233.33
339.67	-240.00
339.67	-240.00
339.67	-239.34
339.67	-235.33
339.68	-223.33
339.68	-230.66
339.68	-238.66
339.68	-234.67
339.68	-232.67
339.68	-232.00
339.68	-236.67
339.68	-230.00
339.68	-233.33
339.69	-228.66
339.69	-226.67
339.69	-236.67
339.69	-240.00
339.69	-229.34
339.69	-238.66
339.69	-240.00
339.69	-235.33
339.70	-236.67
339.70	-239.34
339.70	-228.00
339.70	-230.00
339.70	-239.34
339.70	-234.00
339.70	-232.67
339.70	-238.00
339.71	-240.00
339.71	-239.34
339.71	-227.33
339.71	-231.34
339.71	-231.34
339.71	-230.00
339.71	-224.67
339.71	-236.67
339.71	-231.34
339.72	-230.66
339.72	-222.00
339.72	-235.33
339.72	-228.00
339.72	-238.66
339.72	-238.66
339.72	-232.67
339.72	-233.33
339.73	-235.33
339.73	-229.34
339.73	-235.33
339.73	-240.00
339.73	-240.00
339.73	-240.00
339.73	-240.00
339.73	-238.66
339.73	-237.33
339.74	-236.67
339.74	-232.67
339.74	-238.00
339.74	-227.33
339.74	-233.33
339.74	-226.67
339.74	-236.00
339.74	-229.34
339.75	-228.00
339.75	-233.33
339.75	-232.67
339.75	-232.00
339.75	-230.66
339.75	-228.66
339.75	-226.00
339.75	-230.00
339.76	-240.00
339.76	-230.00
339.76	-227.33
339.76	-235.33
339.76	-236.00
339.76	-230.00
339.76	-235.33
339.76	-240.00
339.76	-240.00
339.77	-238.66
339.77	-234.67
339.77	-231.34
339.77	-224.67
339.77	-229.34
339.77	-238.66
339.77	-232.00
339.77	-238.00
339.78	-236.00
339.78	-234.00
339.78	-229.34
339.78	-234.00
339.78	-237.33
339.78	-233.33
339.78	-235.33
339.78	-240.00
339.78	-234.00
339.79	-236.67
339.79	-236.00
339.79	-234.67
339.79	-239.34
339.79	-234.67
339.79	-238.66
339.79	-228.66
339.79	-226.00
339.80	-230.66
339.80	-233.33
339.80	-238.00
339.80	-230.66
339.80	-225.33
339.80	-232.67
339.80	-228.66
339.80	-232.67
339.81	-226.67
339.81	-238.66
339.81	-229.34
339.81	-230.66
339.81	-238.66
339.81	-229.34
339.81	-235.33
339.81	-235.33
339.81	-228.00
339.82	-225.33
339.82	-236.67
339.82	-236.00
339.82	-237.33
339.82	-238.00
339.82	-236.00
339.82	-229.34
339.82	-236.67
339.83	-240.00
339.83	-238.00
339.83	-239.34
339.83	-240.00
339.83	-236.00
339.83	-224.67
339.83	-240.00
339.83	-233.33
339.84	-221.34
339.84	-234.67
339.84	-238.66
339.84	-240.00
339.84	-227.33
339.84	-217.33
339.84	-236.00
339.84	-240.00
339.84	-238.66
339.85	-234.67
339.85	-239.34
339.85	-226.67
339.85	-237.33
339.85	-236.67
339.85	-238.66
339.85	-236.67
339.85	-227.33
339.86	-226.67
339.86	-229.34
339.86	-232.67
339.86	-232.00
339.86	-223.33
339.86	-238.66
339.86	-232.00
339.86	-240.00
339.86	-240.00
339.87	-240.00
339.87	-226.67
339.87	-230.00
339.87	-234.67
339.87	-237.33
339.87	-230.00
339.87	-230.66
339.87	-231.34
339.88	-234.00
339.88	-240.00
339.88	-233.33
339.88	-233.33
339.88	-238.00
339.88	-227.33
339.88	-226.00
339.88	-223.33
339.89	-225.33
339.89	-229.34
339.89	-234.00
339.89	-228.00
339.89	-240.00
339.89	-240.00
339.89	-240.00
339.89	-232.67
339.89	-235.33
339.90	-226.00
339.90	-228.66
339.90	-230.00
339.90	-234.67
339.90	-228.66
339.90	-224.67
339.90	-235.33
339.90	-238.66
339.91	-240.00
339.91	-228.00
339.91	-232.67
339.91	-228.66
339.91	-224.67
339.91	-237.33
339.91	-237.33
339.91	-240.00
339.91	-240.00
339.92	-236.00
339.92	-236.67
339.92	-228.66
339.92	-238.66
339.92	-234.67
339.92	-240.00
339.92	-240.00
339.92	-231.34
339.93	-230.66
339.93	-228.66
339.93	-224.67
339.93	-224.00
339.93	-238.66
339.93	-230.66
339.93	-230.66
339.93	-238.00
339.94	-235.33
339.94	-232.67
339.94	-240.00
339.94	-240.00
339.94	-234.00
339.94	-234.67
339.94	-239.34
339.94	-240.00
339.94	-239.34
339.95	-239.34
339.95	-240.00
339.95	-229.34
339.95	-232.67
339.95	-204.00
339.95	-237.33
339.95	-239.34
339.95	-239.34
339.96	-230.00
339.96	-224.00
339.96	-234.67
339.96	-240.00
339.96	-231.34
339.96	-227.33
339.96	-231.34
339.96	-239.34
339.96	-234.67
339.97	-232.67
339.97	-238.00
339.97	-238.00
339.97	-238.66
339.97	-238.66
339.97	-233.33
339.97	-232.00
339.97	-240.00
339.98	-234.00
339.98	-230.66
339.98	-234.67
339.98	-225.33
339.98	-239.34
339.98	-227.33
339.98	-227.33
339.98	-234.00
339.99	-240.00
339.99	-232.00
339.99	-234.00
339.99	-230.00
339.99	-240.00
339.99	-238.66
339.99	-235.33
339.99	-230.66
339.99	-229.34
340.00	-238.66
340.00	-228.66
340.00	-230.00
340.00	-223.33
340.00	-224.67
340.00	-225.33
340.00	-232.67
340.00	-236.67
340.01	-234.67
340.01	-230.66
340.01	-230.66
340.01	-225.33
340.01	-225.33
340.01	-234.67
340.01	-237.33
340.01	-236.00
340.02	-238.66
340.02	-227.33
340.02	-224.67
340.02	-227.33
340.02	-226.00
340.02	-230.00
340.02	-239.34
340.02	-230.00
340.02	-232.00
340.03	-230.00
340.03	-227.33
340.03	-238.00
340.03	-238.66
340.03	-240.00
340.03	-224.67
340.03	-223.33
340.03	-228.00
340.04	-234.00
340.04	-246.00
340.04	-239.34
340.04	-232.67
340.04	-224.00
340.04	-231.34
340.04	-233.33
340.04	-233.33
340.04	-223.33
340.05	-228.00
340.05	-228.66
340.05	-240.00
340.05	-236.00
340.05	-237.33
340.05	-237.33
340.05	-226.00
340.05	-238.66
340.06	-228.66
340.06	-232.00
340.06	-238.66
340.06	-250.00
340.06	-266.67
340.06	-236.67
340.06	-234.67
340.06	-226.00
340.07	-229.34
340.07	-240.00
340.07	-240.00
340.07	-230.00
340.07	-233.33
340.07	-240.00
340.07	-238.00
340.07	-238.00
340.07	-240.00
340.08	-236.00
340.08	-240.00
340.08	-228.00
340.08	-237.33
340.08	-232.67
340.08	-238.66
340.08	-226.67
340.08	-233.33
340.09	-237.33
340.09	-239.34
340.09	-242.67
340.09	-280.00
340.09	-260.66
340.09	-234.67
340.09	-228.66
340.09	-240.00
340.09	-239.34
340.10	-228.66
340.10	-225.33
340.10	-240.00
340.10	-230.66
340.10	-228.66
340.10	-231.34
340.10	-240.00
340.10	-240.00
340.11	-240.00
340.11	-239.34
340.11	-240.00
340.11	-228.00
340.11	-237.33
340.11	-240.00
340.11	-240.00
340.11	-236.67
340.12	-228.66
340.12	-231.34
340.12	-238.66
340.12	-240.00
340.12	-229.34
340.12	-240.00
340.12	-218.66
340.12	-230.66
340.12	-239.34
340.13	-240.00
340.13	-231.34
340.13	-224.00
340.13	-239.34
340.13	-226.67
340.13	-224.67
340.13	-226.00
340.13	-238.00
340.14	-239.34
340.14	-238.66
340.14	-240.00
340.14	-226.00
340.14	-230.00
340.14	-237.33
340.14	-232.67
340.14	-228.66
340.14	-240.00
340.15	-235.33
340.15	-228.00
340.15	-239.34
340.15	-234.67
340.15	-230.66
340.15	-229.34
340.15	-224.67
340.15	-229.34
340.16	-230.66
340.16	-230.00
340.16	-233.33
340.16	-226.67
340.16	-237.33
340.16	-236.00
340.16	-227.33
340.16	-238.00
340.17	-235.33
340.17	-226.00
340.17	-226.67
340.17	-231.34
340.17	-231.34
340.17	-236.67
340.17	-228.66
340.17	-224.67
340.17	-223.33
340.18	-230.66
340.18	-237.33
340.18	-238.66
340.18	-240.00
340.18	-231.34
340.18	-239.34
340.18	-239.34
340.18	-238.66
340.19	-240.00
340.19	-229.34
340.19	-236.00
340.19	-238.66
340.19	-234.67
340.19	-233.33
340.19	-240.00
340.19	-239.34
340.20	-234.67
340.20	-232.00
340.20	-231.34
340.20	-237.33
340.20	-234.67
340.20	-236.00
340.20	-223.33
340.20	-232.67
340.20	-239.34
340.21	-229.34
340.21	-230.66
340.21	-236.67
340.21	-234.00
340.21	-234.00
340.21	-236.00
340.21	-229.34
340.21	-240.00
340.22	-240.00
340.22	-234.67
340.22	-227.33
340.22	-223.33
340.22	-227.33
340.22	-226.67
340.22	-236.00
340.22	-240.00
340.22	-223.33
340.23	-229.34
340.23	-230.00
340.23	-232.67
340.23	-226.00
340.23	-226.67
340.23	-226.67
340.23	-254.67
340.23	-248.00
340.24	-237.33
340.24	-238.00
340.24	-238.00
340.24	-233.33
340.24	-235.33
340.24	-226.00
340.24	-239.34
340.24	-236.00
340.25	-232.67
340.25	-239.34
340.25	-235.33
340.25	-226.00
340.25	-230.66
340.25	-235.33
340.25	-229.34
340.25	-234.00
340.25	-256.00
340.26	-233.33
340.26	-233.33
340.26	-234.67
340.26	-238.00
340.26	-233.33
340.26	-234.00
340.26	-230.00
340.26	-230.66
340.27	-234.00
340.27	-240.00
340.27	-239.34
340.27	-238.66
340.27	-240.00
340.27	-239.34
340.27	-237.33
340.27	-233.33
340.27	-230.00
340.28	-225.33
340.28	-238.00
340.28	-240.00
340.28	-239.34
340.28	-232.00
340.28	-220.00
340.28	-239.34
340.28	-240.00
340.29	-236.00
340.29	-237.33
340.29	-239.34
340.29	-230.00
340.29	-232.67
340.29	-238.66
340.29	-236.67
340.29	-240.00
340.30	-237.33
340.30	-236.67
340.30	-236.67
340.30	-234.67
340.30	-231.34
340.30	-240.00
340.30	-230.66
340.30	-240.00
340.30	-238.66
340.31	-230.66
340.31	-224.00
340.31	-233.33
340.31	-228.00
340.31	-234.00
340.31	-231.34
340.31	-234.67
340.31	-240.00
340.32	-222.67
340.32	-230.66
340.32	-230.66
340.32	-234.00
340.32	-236.67
340.32	-240.00
340.32	-238.66
340.32	-232.67
340.33	-236.00
340.33	-232.67
340.33	-238.66
340.33	-221.34
340.33	-240.00
340.33	-232.00
340.33	-226.67
340.33	-240.00
340.33	-232.00
340.34	-232.00
340.34	-231.34
340.34	-228.66
340.34	-235.33
340.34	-240.00
340.34	-238.66
340.34	-239.34
340.34	-240.00
340.35	-237.33
340.35	-239.34
340.35	-232.00
340.35	-228.00
340.35	-234.67
340.35	-224.67
340.35	-235.33
340.35	-228.00
340.35	-235.33
340.36	-236.00
340.36	-240.00
340.36	-240.00
340.36	-234.67
340.36	-237.33
