335.48	-230.66
335.48	-230.66
335.48	-225.33
335.48	-231.34
335.48	-241.34
335.48	-240.00
335.49	-230.66
335.49	-235.33
335.49	-240.00
335.49	-237.33
335.49	-223.33
335.49	-239.34
335.49	-230.66
335.49	-231.34
335.50	-240.00
335.50	-236.00
335.50	-238.00
335.50	-231.34
335.50	-225.33
335.50	-230.66
335.50	-233.33
335.50	-235.33
335.50	-226.00
335.51	-228.66
335.51	-230.00
335.51	-239.34
335.51	-226.00
335.51	-228.66
335.51	-226.00
335.51	-222.67
335.51	-232.67
335.52	-225.33
335.52	-234.67
335.52	-240.00
335.52	-240.00
335.52	-240.00
335.52	-240.00
335.52	-240.00
335.52	-229.34
335.53	-222.67
335.53	-233.33
335.53	-239.34
335.53	-240.00
335.53	-229.34
335.53	-224.67
335.53	-234.00
335.53	-227.33
335.53	-226.00
335.54	-240.00
335.54	-234.67
335.54	-234.00
335.54	-221.34
335.54	-239.34
335.54	-240.00
335.54	-232.67
335.54	-234.67
335.55	-229.34
335.55	-229.34
335.55	-240.66
335.55	-227.33
335.55	-246.00
335.55	-239.34
335.55	-233.33
335.55	-228.66
335.55	-236.00
335.56	-223.33
335.56	-222.67
335.56	-225.33
335.56	-228.00
335.56	-226.67
335.56	-227.33
335.56	-235.33
335.56	-240.00
335.57	-240.00
335.57	-238.66
335.57	-240.00
335.57	-240.00
335.57	-234.67
335.57	-240.66
335.57	-242.00
335.57	-232.67
335.58	-221.34
335.58	-234.00
335.58	-229.34
335.58	-227.33
335.58	-222.00
335.58	-232.00
335.58	-240.00
335.58	-231.34
335.58	-226.67
335.59	-241.34
335.59	-254.67
335.59	-246.67
335.59	-246.67
335.59	-236.67
335.59	-231.34
335.59	-229.34
335.59	-240.00
335.60	-232.00
335.60	-228.66
335.60	-230.00
335.60	-225.33
335.60	-222.00
335.60	-228.66
335.60	-228.66
335.60	-235.33
335.60	-231.34
335.61	-233.33
335.61	-226.00
335.61	-233.33
335.61	-234.67
335.61	-230.00
335.61	-225.33
335.61	-238.66
335.61	-239.34
335.62	-230.66
335.62	-221.34
335.62	-235.33
335.62	-240.00
335.62	-234.67
335.62	-238.00
335.62	-234.67
335.62	-222.00
335.63	-236.67
335.63	-243.33
335.63	-231.34
335.63	-226.67
335.63	-232.00
335.63	-235.33
335.63	-224.00
335.63	-226.00
335.63	-220.66
335.64	-236.67
335.64	-240.00
335.64	-240.00
335.64	-240.00
335.64	-234.00
335.64	-238.00
335.64	-232.00
335.64	-234.00
335.65	-235.33
335.65	-231.34
335.65	-243.33
335.65	-228.00
335.65	-223.33
335.65	-231.34
335.65	-236.00
335.65	-236.00
335.66	-234.67
335.66	-234.00
335.66	-236.67
335.66	-237.33
335.66	-227.33
335.66	-232.67
335.66	-233.33
335.66	-234.67
335.66	-242.00
335.67	-224.67
335.67	-236.00
335.67	-238.66
335.67	-238.66
335.67	-222.67
335.67	-223.33
335.67	-226.67
335.67	-222.67
335.68	-233.33
335.68	-239.34
335.68	-232.00
335.68	-232.00
335.68	-243.33
335.68	-238.00
335.68	-243.33
335.68	-259.34
335.68	-237.33
335.69	-230.00
335.69	-238.00
335.69	-240.00
335.69	-240.00
335.69	-234.00
335.69	-238.00
335.69	-239.34
335.69	-235.33
335.70	-235.33
335.70	-235.33
335.70	-226.00
335.70	-251.34
335.70	-249.34
335.70	-240.66
335.70	-239.34
335.70	-260.00
335.71	-263.33
335.71	-239.34
335.71	-236.67
335.71	-234.00
335.71	-230.00
335.71	-222.67
335.71	-225.33
335.71	-240.00
335.71	-240.00
335.72	-236.67
335.72	-236.00
335.72	-240.00
335.72	-234.67
335.72	-234.67
335.72	-240.00
335.72	-226.00
335.72	-232.00
335.73	-240.00
335.73	-249.34
335.73	-242.00
335.73	-240.00
335.73	-225.33
335.73	-240.00
335.73	-229.34
335.73	-228.00
335.73	-221.34
335.74	-232.67
335.74	-233.33
335.74	-224.00
335.74	-233.33
335.74	-232.67
335.74	-235.33
335.74	-243.33
335.74	-240.66
335.75	-235.33
335.75	-228.66
335.75	-226.00
335.75	-232.00
335.75	-240.00
335.75	-234.00
335.75	-240.00
335.75	-236.00
335.76	-226.00
335.76	-234.67
335.76	-240.00
335.76	-230.66
335.76	-234.67
335.76	-240.00
335.76	-240.00
335.76	-227.33
335.76	-230.00
335.77	-225.33
335.77	-232.67
335.77	-230.00
335.77	-226.67
335.77	-238.66
335.77	-237.33
335.77	-234.00
335.77	-236.67
335.78	-238.66
335.78	-236.67
335.78	-236.00
335.78	-227.33
335.78	-232.00
335.78	-234.67
335.78	-224.00
335.78	-236.00
335.78	-227.33
335.79	-224.00
335.79	-237.33
335.79	-240.00
335.79	-235.33
335.79	-238.00
335.79	-240.00
335.79	-240.00
335.79	-238.00
335.80	-227.33
335.80	-236.67
335.80	-234.67
335.80	-230.00
335.80	-226.67
335.80	-222.00
335.80	-230.66
335.80	-222.00
335.81	-226.67
335.81	-234.00
335.81	-237.33
335.81	-228.00
335.81	-228.66
335.81	-221.34
335.81	-228.66
335.81	-226.00
335.81	-221.34
335.82	-224.00
335.82	-229.34
335.82	-240.00
335.82	-240.00
335.82	-223.33
335.82	-223.33
335.82	-221.34
335.82	-222.00
335.83	-222.00
335.83	-229.34
335.83	-226.67
335.83	-230.00
335.83	-232.67
335.83	-240.00
335.83	-234.67
335.83	-226.00
335.84	-230.00
335.84	-240.00
335.84	-240.00
335.84	-240.00
335.84	-232.67
335.84	-240.66
335.84	-228.66
335.84	-222.67
335.84	-224.67
335.85	-230.00
335.85	-224.00
335.85	-228.66
335.85	-232.00
335.85	-240.00
335.85	-250.00
335.85	-239.34
335.85	-234.00
335.86	-240.00
335.86	-226.67
335.86	-229.34
335.86	-220.00
335.86	-226.00
335.86	-236.00
335.86	-239.34
335.86	-237.33
335.86	-217.33
335.87	-224.67
335.87	-240.00
335.87	-231.34
335.87	-236.67
335.87	-228.00
335.87	-226.67
335.87	-236.67
335.87	-240.00
335.88	-240.00
335.88	-240.00
335.88	-238.00
335.88	-238.66
335.88	-233.33
335.88	-242.00
335.88	-247.33
335.88	-240.00
335.89	-225.33
335.89	-235.33
335.89	-240.00
335.89	-240.00
335.89	-240.00
335.89	-232.00
335.89	-232.00
335.89	-230.66
335.89	-236.00
335.90	-234.00
335.90	-228.00
335.90	-225.33
335.90	-238.00
335.90	-232.00
335.90	-243.33
335.90	-240.66
335.90	-224.67
335.91	-232.00
335.91	-229.34
335.91	-226.00
335.91	-226.67
335.91	-238.00
335.91	-238.00
335.91	-236.67
335.91	-220.00
335.91	-224.00
335.92	-228.66
335.92	-240.00
335.92	-225.33
335.92	-226.00
335.92	-230.00
335.92	-230.66
335.92	-238.66
335.92	-233.33
335.93	-233.33
335.93	-230.00
335.93	-232.00
335.93	-228.00
335.93	-248.66
335.93	-233.33
335.93	-232.67
335.93	-225.33
335.94	-220.66
335.94	-221.34
335.94	-223.33
335.94	-228.66
335.94	-232.00
335.94	-222.00
335.94	-221.34
335.94	-226.00
335.94	-240.00
335.95	-240.00
335.95	-240.00
335.95	-240.00
335.95	-238.00
335.95	-234.67
335.95	-230.66
335.95	-234.67
335.95	-221.34
335.96	-233.33
335.96	-238.00
335.96	-226.00
335.96	-224.67
335.96	-221.34
335.96	-227.33
335.96	-233.33
335.96	-222.67
335.96	-230.66
335.97	-236.67
335.97	-233.33
335.97	-240.00
335.97	-234.67
335.97	-226.00
335.97	-231.34
335.97	-239.34
335.97	-224.00
335.98	-236.67
335.98	-240.00
335.98	-236.67
335.98	-234.67
335.98	-222.67
335.98	-237.33
335.98	-230.66
335.98	-220.00
335.99	-236.67
335.99	-236.67
335.99	-232.67
335.99	-228.00
335.99	-230.00
335.99	-240.00
335.99	-234.00
335.99	-226.00
335.99	-228.00
336.00	-229.34
336.00	-222.67
336.00	-238.00
336.00	-220.66
336.00	-232.00
336.00	-240.00
336.00	-240.00
336.00	-238.66
336.01	-226.67
336.01	-240.00
336.01	-222.67
336.01	-231.34
336.01	-238.00
336.01	-236.67
336.01	-236.67
336.01	-222.67
336.02	-226.00
336.02	-233.33
336.02	-240.00
336.02	-225.33
336.02	-226.67
336.02	-232.67
336.02	-223.33
336.02	-222.00
336.02	-236.00
336.03	-222.00
336.03	-240.00
336.03	-224.00
336.03	-228.00
336.03	-238.00
336.03	-238.66
336.03	-231.34
336.03	-229.34
336.04	-220.00
336.04	-233.33
336.04	-233.33
336.04	-228.00
336.04	-237.33
336.04	-220.66
336.04	-234.67
336.04	-237.33
336.04	-238.00
336.05	-240.00
336.05	-231.34
336.05	-226.00
336.05	-228.00
336.05	-228.66
336.05	-226.00
336.05	-240.00
336.05	-240.00
336.06	-228.66
336.06	-229.34
336.06	-235.33
336.06	-231.34
336.06	-231.34
336.06	-236.67
336.06	-229.34
336.06	-233.33
336.07	-239.34
336.07	-239.34
336.07	-238.66
336.07	-234.67
336.07	-235.33
336.07	-233.33
336.07	-224.00
336.07	-240.00
336.07	-233.33
336.08	-237.33
336.08	-236.00
336.08	-235.33
336.08	-226.67
336.08	-237.33
336.08	-240.00
336.08	-240.00
336.08	-235.33
336.09	-238.66
336.09	-232.67
336.09	-238.00
336.09	-230.00
336.09	-226.67
336.09	-240.00
336.09	-240.00
336.09	-232.67
336.09	-224.67
336.10	-231.34
336.10	-229.34
336.10	-239.34
336.10	-222.00
336.10	-230.00
336.10	-229.34
336.10	-234.00
336.10	-227.33
336.11	-232.00
336.11	-234.00
336.11	-235.33
336.11	-239.34
336.11	-234.67
336.11	-227.33
336.11	-230.66
336.11	-233.33
336.12	-226.00
336.12	-226.00
336.12	-230.00
336.12	-237.33
336.12	-240.00
336.12	-240.00
336.12	-240.00
336.12	-240.00
336.12	-234.00
336.13	-230.00
336.13	-232.67
336.13	-227.33
336.13	-230.00
336.13	-239.34
336.13	-231.34
336.13	-234.67
336.13	-240.00
336.14	-240.00
336.14	-225.33
336.14	-233.33
336.14	-237.33
336.14	-238.00
336.14	-228.00
336.14	-234.67
336.14	-238.66
336.15	-236.00
336.15	-224.67
336.15	-236.67
336.15	-240.00
336.15	-238.66
336.15	-228.66
336.15	-226.00
336.15	-224.67
336.15	-221.34
336.16	-224.67
336.16	-229.34
336.16	-238.00
336.16	-228.00
336.16	-233.33
336.16	-234.67
336.16	-231.34
336.16	-233.33
336.17	-222.67
336.17	-234.00
336.17	-229.34
336.17	-228.66
336.17	-223.33
336.17	-222.00
336.17	-222.67
336.17	-239.34
336.17	-233.33
336.18	-240.00
336.18	-237.33
336.18	-240.00
336.18	-238.66
336.18	-230.66
336.18	-240.00
336.18	-234.67
336.18	-236.00
336.19	-226.00
336.19	-232.67
336.19	-240.00
336.19	-232.67
336.19	-235.33
336.19	-240.00
336.19	-236.00
336.19	-224.67
336.20	-232.00
336.20	-232.67
336.20	-240.00
336.20	-230.00
336.20	-224.00
336.20	-236.67
336.20	-228.66
336.20	-226.00
336.20	-233.33
336.21	-238.66
336.21	-240.00
336.21	-240.00
336.21	-231.34
336.21	-238.66
336.21	-232.67
336.21	-228.66
336.21	-229.34
336.22	-223.33
336.22	-228.00
336.22	-231.34
336.22	-229.34
336.22	-238.00
336.22	-228.66
336.22	-232.67
336.22	-240.00
336.22	-240.00
336.23	-240.00
336.23	-238.66
336.23	-222.00
336.23	-225.33
336.23	-235.33
336.23	-226.67
336.23	-237.33
336.23	-240.00
336.24	-240.00
336.24	-240.00
336.24	-240.00
336.24	-240.00
336.24	-237.33
336.24	-226.67
336.24	-234.00
336.24	-238.00
336.25	-235.33
336.25	-240.00
336.25	-240.00
336.25	-240.00
336.25	-240.00
336.25	-239.34
336.25	-233.33
336.25	-240.00
336.25	-240.00
336.26	-240.00
336.26	-240.00
336.26	-230.00
336.26	-233.33
336.26	-236.67
336.26	-226.00
336.26	-237.33
336.26	-234.00
336.27	-235.33
336.27	-222.00
336.27	-228.66
336.27	-224.00
336.27	-237.33
336.27	-234.67
336.27	-240.00
336.27	-229.34
336.27	-240.00
336.28	-240.00
336.28	-232.67
336.28	-220.66
336.28	-236.67
336.28	-233.33
336.28	-233.33
336.28	-220.00
336.28	-236.67
336.29	-227.33
336.29	-238.00
336.29	-240.00
336.29	-238.66
336.29	-238.00
336.29	-240.00
336.29	-240.00
336.29	-230.00
336.30	-236.00
336.30	-233.33
336.30	-235.33
336.30	-231.34
336.30	-230.66
336.30	-224.00
336.30	-236.67
336.30	-240.00
336.30	-233.33
336.31	-238.00
336.31	-240.00
336.31	-237.33
336.31	-240.00
336.31	-240.00
336.31	-240.00
336.31	-240.00
336.31	-239.34
336.32	-234.67
336.32	-240.00
336.32	-240.00
336.32	-240.00
336.32	-228.00
336.32	-230.66
336.32	-238.00
336.32	-228.00
336.33	-240.00
336.33	-228.66
336.33	-227.33
336.33	-230.66
336.33	-240.00
336.33	-240.00
336.33	-235.33
336.33	-224.67
336.33	-240.00
336.34	-242.00
336.34	-234.67
336.34	-223.33
336.34	-233.33
336.34	-223.33
336.34	-226.67
336.34	-235.33
336.34	-235.33
336.35	-231.34
336.35	-234.67
336.35	-234.00
336.35	-226.00
336.35	-240.00
336.35	-228.00
336.35	-232.00
336.35	-237.33
336.35	-230.66
336.36	-233.33
336.36	-232.00
336.36	-235.33
336.36	-227.33
336.36	-234.00
336.36	-240.00
336.36	-236.00
336.36	-234.00
336.37	-234.67
336.37	-231.34
336.37	-240.00
336.37	-240.00
336.37	-240.00
336.37	-232.00
336.37	-240.00
336.37	-230.66
336.38	-231.34
336.38	-233.33
336.38	-222.67
336.38	-233.33
336.38	-227.33
336.38	-240.00
336.38	-240.00
336.38	-224.00
336.38	-237.33
336.39	-240.00
336.39	-240.00
336.39	-239.34
336.39	-235.33
336.39	-240.00
336.39	-240.00
336.39	-240.00
336.39	-240.00
336.40	-240.00
336.40	-204.00
336.40	-234.00
336.40	-238.00
336.40	-236.67
336.40	-240.00
336.40	-231.34
336.40	-221.34
336.40	-224.00
336.41	-240.00
336.41	-240.00
336.41	-240.00
336.41	-239.34
336.41	-234.67
336.41	-240.00
336.41	-240.00
336.41	-238.66
336.42	-240.00
336.42	-240.00
336.42	-234.67
336.42	-226.67
336.42	-239.34
336.42	-239.34
336.42	-238.00
336.42	-235.33
336.43	-233.33
336.43	-233.33
336.43	-236.00
336.43	-232.67
336.43	-228.66
336.43	-240.00
336.43	-240.00
336.43	-236.00
336.43	-240.00
336.44	-239.34
336.44	-238.00
336.44	-232.00
336.44	-227.33
336.44	-232.67
336.44	-233.33
336.44	-240.00
336.44	-232.67
336.45	-231.34
336.45	-234.67
336.45	-240.00
336.45	-223.33
336.45	-239.34
336.45	-230.00
336.45	-239.34
336.45	-226.00
336.46	-221.34
336.46	-224.00
336.46	-222.67
336.46	-240.00
336.46	-239.34
336.46	-240.00
336.46	-238.00
336.46	-222.00
336.46	-227.33
336.47	-238.00
336.47	-240.00
336.47	-234.67
336.47	-235.33
336.47	-240.00
336.47	-240.00
336.47	-240.00
336.47	-240.00
336.48	-240.00
336.48	-234.00
336.48	-240.00
336.48	-240.00
336.48	-232.00
336.48	-229.34
336.48	-237.33
336.48	-227.33
336.48	-231.34
336.49	-240.00
336.49	-240.00
336.49	-232.00
336.49	-238.00
336.49	-238.00
336.49	-240.00
336.49	-233.33
336.49	-230.00
336.50	-240.00
336.50	-238.00
336.50	-240.00
336.50	-240.00
336.50	-231.34
336.50	-240.00
336.50	-240.00
336.50	-233.33
336.51	-230.00
336.51	-240.00
336.51	-240.00
336.51	-240.00
336.51	-240.00
336.51	-240.00
336.51	-234.67
336.51	-234.67
336.51	-240.00
336.52	-236.00
336.52	-222.00
336.52	-235.33
336.52	-232.00
336.52	-221.34
336.52	-236.00
336.52	-235.33
336.52	-230.66
336.53	-237.33
336.53	-228.00
336.53	-229.34
336.53	-211.34
336.53	-240.00
336.53	-240.00
336.53	-240.00
336.53	-238.00
336.53	-232.67
336.54	-230.66
336.54	-240.00
336.54	-231.34
336.54	-230.00
336.54	-234.00
336.54	-228.66
336.54	-240.00
336.54	-240.00
336.55	-240.00
336.55	-230.66
336.55	-240.00
336.55	-233.33
336.55	-236.67
336.55	-228.66
336.55	-229.34
336.55	-220.66
336.56	-228.66
336.56	-234.00
336.56	-239.34
336.56	-229.34
336.56	-239.34
336.56	-240.00
336.56	-240.00
336.56	-239.34
336.56	-240.00
336.57	-230.66
336.57	-234.67
336.57	-232.00
336.57	-232.00
336.57	-240.00
336.57	-234.00
336.57	-240.00
336.57	-235.33
336.58	-226.67
336.58	-240.00
336.58	-240.00
336.58	-240.00
336.58	-240.00
336.58	-223.33
336.58	-230.00
336.58	-240.00
336.58	-229.34
336.59	-223.33
336.59	-233.33
336.59	-237.33
336.59	-240.00
336.59	-239.34
336.59	-240.00
336.59	-238.66
336.59	-230.00
336.60	-240.00
336.60	-225.33
336.60	-229.34
336.60	-233.33
336.60	-240.00
336.60	-231.34
336.60	-237.33
336.60	-240.00
336.61	-238.66
336.61	-239.34
336.61	-239.34
336.61	-240.00
336.61	-224.67
336.61	-240.00
336.61	-236.67
336.61	-233.33
336.61	-223.33
336.62	-240.00
336.62	-236.67
336.62	-228.00
336.62	-235.33
336.62	-231.34
336.62	-227.33
336.62	-236.00
336.62	-240.00
336.63	-240.00
336.63	-239.34
336.63	-238.66
336.63	-234.67
336.63	-234.00
336.63	-235.33
336.63	-237.33
336.63	-238.00
336.64	-240.00
336.64	-240.00
336.64	-240.00
336.64	-240.00
336.64	-227.33
336.64	-238.66
336.64	-238.66
336.64	-239.34
336.64	-234.67
336.65	-236.67
336.65	-232.00
336.65	-240.00
336.65	-240.00
336.65	-240.00
336.65	-240.00
336.65	-236.00
336.65	-224.00
336.66	-226.00
336.66	-234.67
336.66	-238.66
336.66	-240.00
336.66	-240.00
336.66	-228.66
336.66	-230.00
336.66	-236.00
336.66	-228.66
336.67	-236.00
336.67	-237.33
336.67	-226.67
336.67	-225.33
336.67	-239.34
336.67	-236.00
336.67	-234.67
336.67	-234.00
336.68	-234.00
336.68	-231.34
336.68	-225.33
336.68	-228.66
336.68	-238.66
336.68	-239.34
336.68	-237.33
336.68	-238.00
336.69	-240.00
336.69	-239.34
336.69	-229.34
336.69	-231.34
336.69	-240.00
336.69	-239.34
336.69	-225.33
336.69	-240.00
336.69	-240.00
336.70	-232.00
336.70	-240.00
336.70	-240.00
336.70	-236.67
336.70	-226.00
336.70	-240.00
336.70	-235.33
336.70	-235.33
336.71	-240.00
336.71	-240.00
336.71	-240.00
336.71	-238.66
336.71	-240.00
336.71	-240.00
336.71	-240.00
336.71	-240.00
336.71	-240.00
336.72	-238.00
336.72	-238.66
336.72	-238.66
336.72	-239.34
336.72	-240.00
336.72	-240.00
336.72	-233.33
336.72	-230.00
336.73	-222.67
336.73	-232.67
336.73	-240.00
336.73	-240.00
336.73	-240.00
336.73	-239.34
336.73	-240.00
336.73	-237.33
336.74	-239.34
336.74	-240.00
336.74	-231.34
336.74	-231.34
336.74	-240.00
336.74	-240.00
336.74	-240.00
336.74	-240.00
336.74	-240.00
336.75	-236.00
336.75	-238.00
336.75	-240.00
336.75	-240.00
336.75	-238.66
336.75	-205.33
336.75	-238.66
336.75	-240.00
336.76	-240.00
336.76	-240.00
336.76	-233.33
336.76	-205.33
336.76	-220.66
336.76	-240.00
336.76	-238.00
336.76	-240.00
336.76	-226.00
336.77	-239.34
336.77	-230.00
336.77	-232.00
336.77	-240.00
336.77	-240.00
336.77	-240.00
336.77	-240.00
336.77	-240.00
336.78	-240.00
336.78	-229.34
336.78	-212.67
336.78	-220.66
336.78	-239.34
336.78	-236.00
336.78	-240.00
336.78	-230.66
336.79	-240.00
336.79	-230.00
336.79	-231.34
336.79	-224.00
336.79	-235.33
336.79	-200.66
336.79	-213.33
336.79	-240.00
336.79	-240.00
336.80	-240.00
336.80	-240.00
336.80	-239.34
336.80	-236.67
336.80	-235.33
336.80	-240.00
336.80	-240.00
336.80	-228.66
336.81	-237.33
336.81	-228.00
336.81	-239.34
336.81	-236.00
336.81	-238.66
336.81	-229.34
336.81	-240.00
336.81	-240.00
336.82	-239.34
336.82	-240.00
336.82	-237.33
336.82	-240.00
336.82	-240.00
336.82	-240.00
336.82	-240.00
336.82	-240.00
336.82	-240.00
336.83	-240.00
336.83	-240.00
336.83	-232.00
336.83	-240.00
336.83	-240.00
336.83	-240.00
336.83	-237.33
336.83	-240.00
336.84	-240.00
336.84	-240.00
336.84	-211.34
336.84	-240.00
336.84	-240.00
336.84	-231.34
336.84	-218.00
336.84	-239.34
336.84	-233.33
336.85	-239.34
336.85	-240.00
336.85	-240.00
336.85	-211.34
336.85	-228.00
336.85	-234.00
336.85	-240.00
336.85	-240.00
336.86	-235.33
336.86	-239.34
336.86	-239.34
336.86	-222.67
336.86	-229.34
336.86	-232.67
336.86	-234.67
336.86	-215.33
336.87	-240.00
336.87	-240.00
336.87	-232.00
336.87	-240.00
336.87	-236.00
336.87	-240.00
336.87	-239.34
336.87	-240.00
336.87	-240.00
336.88	-240.00
336.88	-234.67
336.88	-239.34
336.88	-224.67
336.88	-221.34
336.88	-233.33
336.88	-221.34
336.88	-211.34
336.89	-200.66
336.89	-200.00
336.89	-202.67
336.89	-220.00
336.89	-229.34
336.89	-240.00
336.89	-206.67
336.89	-221.34
336.89	-208.00
336.90	-208.66
336.90	-206.67
336.90	-210.66
336.90	-200.00
336.90	-210.66
336.90	-228.00
336.90	-208.00
336.90	-205.33
336.91	-238.66
336.91	-233.33
336.91	-219.34
336.91	-228.66
336.91	-210.00
336.91	-201.34
336.91	-225.33
336.91	-237.33
336.92	-233.33
336.92	-240.00
336.92	-240.00
336.92	-234.67
336.92	-206.00
336.92	-208.66
336.92	-238.66
336.92	-206.67
336.92	-219.34
336.93	-200.66
336.93	-200.66
336.93	-211.34
336.93	-207.33
336.93	-207.33
336.93	-208.66
336.93	-221.34
336.93	-221.34
336.94	-216.00
336.94	-211.34
336.94	-214.67
336.94	-218.66
336.94	-237.33
336.94	-237.33
336.94	-235.33
336.94	-239.34
336.95	-230.66
336.95	-240.00
336.95	-240.00
336.95	-240.00
336.95	-236.00
336.95	-229.34
336.95	-235.33
336.95	-226.67
336.95	-206.00
336.96	-212.00
336.96	-232.00
336.96	-231.34
336.96	-222.67
336.96	-230.66
336.96	-218.00
336.96	-203.33
336.96	-201.34
336.97	-232.67
336.97	-240.00
336.97	-240.00
336.97	-216.67
336.97	-209.34
336.97	-211.34
336.97	-232.00
336.97	-208.00
336.97	-204.67
336.98	-209.34
336.98	-238.66
336.98	-203.33
336.98	-200.00
336.98	-204.67
336.98	-217.33
336.98	-237.33
336.98	-240.00
336.99	-234.67
336.99	-228.66
336.99	-240.00
336.99	-240.00
336.99	-230.00
336.99	-240.00
336.99	-240.00
336.99	-215.33
337.00	-240.00
337.00	-228.00
337.00	-203.33
337.00	-200.00
337.00	-203.33
337.00	-204.00
337.00	-215.33
337.00	-238.00
337.00	-212.00
337.01	-227.33
337.01	-238.00
337.01	-232.67
337.01	-233.33
337.01	-240.00
337.01	-236.67
337.01	-210.00
337.01	-213.33
337.02	-238.66
337.02	-223.33
337.02	-210.66
337.02	-220.66
337.02	-201.34
337.02	-200.00
337.02	-200.00
337.02	-207.33
337.02	-239.34
337.03	-240.00
337.03	-224.67
337.03	-204.67
337.03	-200.66
337.03	-204.00
337.03	-217.33
337.03	-200.00
337.03	-202.00
337.04	-200.00
337.04	-200.00
337.04	-223.33
337.04	-204.00
337.04	-217.33
337.04	-204.00
337.04	-219.34
337.04	-202.00
337.05	-204.67
337.05	-206.00
337.05	-200.00
337.05	-202.00
337.05	-203.33
337.05	-201.34
337.05	-201.34
337.05	-200.00
337.05	-201.34
337.06	-200.00
337.06	-200.00
337.06	-199.34
337.06	-204.00
337.06	-203.33
337.06	-217.33
337.06	-211.34
337.06	-201.34
337.07	-200.00
337.07	-200.00
337.07	-198.66
337.07	-200.00
337.07	-196.67
337.07	-200.00
337.07	-199.34
337.07	-200.00
337.07	-200.00
337.08	-199.34
337.08	-200.00
337.08	-199.34
337.08	-200.00
337.08	-200.00
337.08	-214.00
337.08	-208.66
337.08	-200.00
337.09	-200.00
337.09	-200.00
337.09	-213.33
337.09	-200.00
337.09	-200.66
337.09	-213.33
337.09	-232.00
337.09	-235.33
337.10	-220.66
337.10	-218.00
337.10	-222.00
337.10	-200.00
337.10	-198.00
337.10	-201.34
337.10	-200.00
337.10	-199.34
337.10	-200.00
337.11	-200.00
337.11	-200.00
337.11	-200.00
337.11	-200.00
337.11	-196.67
337.11	-200.00
337.11	-200.00
337.11	-194.67
337.12	-194.67
337.12	-200.00
337.12	-195.33
337.12	-194.67
337.12	-200.00
337.12	-196.67
337.12	-200.00
337.12	-200.00
337.13	-200.00
337.13	-198.66
337.13	-200.00
337.13	-200.00
337.13	-189.34
337.13	-198.66
337.13	-200.00
337.13	-200.00
337.13	-200.00
337.14	-200.00
337.14	-200.00
337.14	-200.00
337.14	-200.00
337.14	-200.00
337.14	-199.34
337.14	-198.00
337.14	-200.00
337.15	-192.67
337.15	-199.34
337.15	-200.00
337.15	-200.00
337.15	-194.67
337.15	-198.00
337.15	-199.34
337.15	-200.00
337.15	-200.00
337.16	-200.00
337.16	-185.33
337.16	-192.00
337.16	-200.00
337.16	-200.00
337.16	-200.00
337.16	-204.67
337.16	-202.67
337.17	-200.00
337.17	-196.67
337.17	-186.00
337.17	-191.34
337.17	-200.00
337.17	-197.33
337.17	-194.00
337.17	-200.00
337.18	-200.00
337.18	-198.66
337.18	-190.00
337.18	-180.00
337.18	-192.00
337.18	-196.00
337.18	-191.34
337.18	-182.67
337.18	-166.00
337.19	-174.67
337.19	-190.66
337.19	-191.34
337.19	-200.00
337.19	-198.66
337.19	-185.33
337.19	-175.33
337.19	-178.66
337.20	-178.66
337.20	-168.66
337.20	-183.33
337.20	-187.33
337.20	-172.00
337.20	-169.34
337.20	-168.00
337.20	-159.34
337.20	-169.34
337.21	-179.34
337.21	-183.33
337.21	-183.33
337.21	-186.00
337.21	-188.00
337.21	-198.00
337.21	-200.00
337.21	-200.00
337.22	-200.00
337.22	-199.34
337.22	-188.00
337.22	-188.00
337.22	-182.67
337.22	-188.00
337.22	-193.33
337.22	-176.67
337.23	-190.00
337.23	-187.33
337.23	-174.00
337.23	-182.00
337.23	-178.00
337.23	-178.00
337.23	-170.00
337.23	-170.66
337.23	-172.67
337.24	-162.67
337.24	-166.00
337.24	-157.33
337.24	-154.67
337.24	-154.67
337.24	-171.34
337.24	-167.33
337.24	-168.66
337.25	-170.00
337.25	-158.66
337.25	-156.67
337.25	-178.66
337.25	-168.66
337.25	-162.00
337.25	-174.67
337.25	-173.33
337.26	-160.66
337.26	-172.00
337.26	-178.00
337.26	-179.34
337.26	-173.33
337.26	-157.33
337.26	-164.00
337.26	-166.67
337.26	-166.00
337.27	-162.67
337.27	-160.66
337.27	-160.66
337.27	-157.33
337.27	-159.34
337.27	-164.67
337.27	-152.00
337.27	-156.67
337.28	-155.33
337.28	-166.67
337.28	-162.67
337.28	-163.33
337.28	-176.67
337.28	-164.00
337.28	-148.00
337.28	-152.67
337.28	-148.66
337.29	-145.33
337.29	-145.33
337.29	-148.00
337.29	-146.67
337.29	-148.66
337.29	-156.00
337.29	-148.66
337.29	-154.67
337.30	-156.67
337.30	-144.67
337.30	-148.00
337.30	-145.33
337.30	-148.00
337.30	-152.00
337.30	-151.34
337.30	-150.00
337.31	-150.00
337.31	-150.00
337.31	-146.00
337.31	-146.67
337.31	-158.00
337.31	-160.66
337.31	-146.67
337.31	-149.34
337.31	-159.34
337.32	-158.66
337.32	-160.00
337.32	-157.33
337.32	-154.00
337.32	-152.67
337.32	-132.67
337.32	-155.33
337.32	-157.33
337.33	-154.67
337.33	-158.66
337.33	-156.00
337.33	-155.33
337.33	-160.00
337.33	-155.33
337.33	-155.33
337.33	-160.00
337.33	-152.00
337.34	-156.67
337.34	-148.00
337.34	-146.67
337.34	-152.00
337.34	-160.00
337.34	-160.00
337.34	-159.34
337.34	-148.00
337.35	-160.00
337.35	-158.66
337.35	-143.33
337.35	-119.34
337.35	-138.66
337.35	-131.34
337.35	-118.00
337.35	-145.33
337.36	-135.33
337.36	-130.66
337.36	-123.33
337.36	-119.34
337.36	-120.66
337.36	-120.00
337.36	-120.00
337.36	-119.34
337.36	-124.00
337.37	-120.00
337.37	-118.00
337.37	-118.00
337.37	-135.33
337.37	-149.34
337.37	-120.00
337.37	-118.66
337.37	-120.00
337.38	-116.00
337.38	-120.00
337.38	-122.67
337.38	-122.00
337.38	-120.00
337.38	-113.33
337.38	-120.00
337.38	-120.00
337.38	-120.00
337.39	-120.00
337.39	-120.00
337.39	-119.34
337.39	-111.34
337.39	-89.34
337.39	-79.34
337.39	-96.00
337.39	-110.00
337.40	-70.00
337.40	-108.00
337.40	-120.00
337.40	-118.66
337.40	-102.00
337.40	-110.66
337.40	-110.00
337.40	-105.33
337.41	-100.66
337.41	-95.33
337.41	-112.00
337.41	-118.66
337.41	-111.34
337.41	-103.33
337.41	-90.66
337.41	-102.67
337.41	-84.67
337.42	-87.33
337.42	-77.33
337.42	-78.00
337.42	-86.67
337.42	-74.67
337.42	-64.67
337.42	-77.33
337.42	-74.00
337.43	-67.33
337.43	-68.00
337.43	-63.33
337.43	-69.34
337.43	-71.34
337.43	-78.00
337.43	-66.67
337.43	-66.67
337.44	-76.67
337.44	-78.00
337.44	-68.00
337.44	-73.33
337.44	-72.00
337.44	-78.00
337.44	-76.67
337.44	-78.00
337.44	-80.00
337.45	-57.33
337.45	-44.67
337.45	-59.34
337.45	-53.33
337.45	-42.67
337.45	-73.33
337.45	-80.00
337.45	-79.34
337.46	-74.67
337.46	-73.33
337.46	-45.33
337.46	-40.00
337.46	-44.00
337.46	-41.34
337.46	-40.00
337.46	-40.66
337.46	-40.00
337.47	-40.00
337.47	-40.00
337.47	-41.34
337.47	-40.66
337.47	-40.00
337.47	-40.00
337.47	-40.00
337.47	-40.00
337.48	-40.00
337.48	-40.00
337.48	-40.00
337.48	-40.00
337.48	-40.00
337.48	-40.00
337.48	-40.00
337.48	-40.00
337.49	-40.00
337.49	-40.00
337.49	-40.00
337.49	-40.00
337.49	-30.00
337.49	0.00
337.49	0.00
337.49	0.00
337.49	5.33
337.50	0.67
337.50	5.33
337.50	0.00
337.50	0.67
337.50	16.00
337.50	6.00
337.50	16.00
337.50	22.67
337.51	24.67
337.51	32.67
337.51	40.00
337.51	40.00
337.51	40.00
337.51	40.00
337.51	40.00
337.51	40.00
337.51	39.33
337.52	40.00
337.52	40.00
337.52	42.00
337.52	58.67
337.52	65.33
337.52	40.67
337.52	40.00
337.52	43.33
337.53	72.67
337.53	63.33
337.53	72.67
337.53	71.33
337.53	68.00
337.53	80.00
337.53	78.67
337.53	52.00
337.54	74.00
337.54	80.00
337.54	80.00
337.54	80.00
337.54	80.00
337.54	88.67
337.54	96.00
337.54	97.33
337.54	94.00
337.55	90.67
337.55	118.67
337.55	120.00
337.55	120.00
337.55	120.00
337.55	120.00
337.55	120.00
337.55	120.00
337.56	120.00
337.56	120.00
337.56	120.00
337.56	120.00
337.56	120.00
337.56	120.00
337.56	120.00
337.56	122.00
337.56	126.67
337.57	150.00
337.57	158.00
337.57	156.00
337.57	160.67
337.57	187.33
337.57	174.67
337.57	164.00
337.57	160.67
337.58	178.00
337.58	182.00
337.58	200.00
337.58	200.00
337.58	200.00
337.58	200.00
337.58	200.00
337.58	200.00
337.59	200.00
337.59	233.33
337.59	206.67
337.59	210.00
337.59	232.67
337.59	240.00
337.59	240.00
337.59	240.00
337.59	240.00
337.60	240.00
337.60	262.00
337.60	277.33
337.60	274.00
337.60	266.00
337.60	280.00
337.60	280.00
337.60	280.00
337.61	280.00
337.61	280.00
337.61	280.00
337.61	281.33
337.61	316.00
337.61	309.33
337.61	317.33
337.61	320.00
337.62	320.67
337.62	356.00
337.62	353.33
337.62	359.33
337.62	360.00
337.62	360.00
337.62	360.00
337.62	360.00
337.62	360.00
337.63	375.33
337.63	367.33
337.63	368.67
337.63	400.00
337.63	400.00
337.63	400.00
337.63	408.00
337.63	407.33
337.64	434.00
337.64	438.00
337.64	440.00
337.64	440.00
337.64	443.33
337.64	443.33
337.64	469.33
337.64	464.00
337.64	479.33
337.65	481.33
337.65	493.33
337.65	513.33
337.65	498.00
337.65	512.00
337.65	520.00
337.65	520.00
337.65	532.00
337.66	560.00
337.66	560.00
337.66	560.67
337.66	566.00
337.66	595.33
337.66	596.67
337.66	600.00
337.66	600.00
337.67	600.00
337.67	600.00
337.67	617.33
337.67	632.00
337.67	640.00
337.67	667.33
337.67	680.00
337.67	680.00
337.67	680.00
337.68	698.00
337.68	700.67
337.68	720.00
337.68	721.33
337.68	737.33
337.68	759.33
337.68	760.00
337.68	760.00
337.69	763.33
337.69	776.00
337.69	791.33
337.69	800.00
337.69	802.00
337.69	838.67
337.69	840.00
337.69	840.00
337.69	841.33
337.70	870.00
337.70	880.00
337.70	880.00
337.70	892.67
337.70	919.33
337.70	920.00
337.70	950.67
337.70	953.33
337.71	960.00
337.71	992.67
337.71	1000.00
337.71	1000.00
337.71	1002.00
337.71	1037.33
337.71	1042.00
337.71	1074.67
337.72	1080.00
337.72	1080.67
337.72	1101.33
337.72	1116.67
337.72	1129.33
337.72	1152.67
337.72	1160.00
337.72	1168.00
337.72	1200.00
337.73	1203.33
337.73	1219.33
337.73	1240.00
337.73	1245.33
337.73	1281.33
337.73	1290.00
337.73	1320.00
337.73	1320.67
337.74	1333.33
337.74	1360.00
337.74	1361.33
337.74	1390.00
337.74	1400.00
337.74	1400.00
337.74	1445.33
337.74	1471.33
337.75	1480.00
337.75	1513.33
337.75	1521.33
337.75	1545.33
337.75	1564.00
337.75	1573.33
337.75	1600.00
337.75	1610.67
337.75	1639.33
337.76	1640.00
337.76	1661.33
337.76	1700.00
337.76	1720.00
337.76	1722.00
337.76	1752.00
337.76	1775.33
337.76	1790.67
337.77	1804.67
337.77	1840.00
337.77	1856.67
337.77	1880.00
337.77	1885.33
337.77	1912.00
337.77	1926.67
337.77	1959.33
337.77	1967.33
337.78	1984.00
337.78	2014.67
337.78	2040.00
337.78	2042.67
337.78	2063.33
337.78	2118.00
337.78	2120.00
337.78	2140.00
337.79	2179.33
337.79	2200.00
337.79	2200.00
337.79	2218.00
337.79	2240.00
337.79	2246.67
337.79	2278.00
337.79	2299.33
337.80	2323.33
337.80	2340.00
337.80	2364.67
337.80	2386.00
337.80	2388.00
337.80	2410.00
337.80	2440.00
337.80	2448.67
337.80	2482.00
337.81	2494.00
337.81	2514.00
337.81	2520.00
337.81	2521.33
337.81	2576.67
337.81	2595.33
337.81	2600.00
337.81	2600.00
337.82	2600.00
337.82	2636.67
337.82	2649.33
337.82	2680.00
337.82	2680.00
337.82	2680.67
337.82	2680.00
337.82	2701.33
337.82	2722.67
337.83	2736.00
337.83	2735.33
337.83	2737.33
337.83	2728.00
337.83	2736.67
337.83	2759.33
337.83	2759.33
337.83	2760.00
337.84	2760.00
337.84	2768.00
337.84	2760.00
337.84	2760.00
337.84	2760.00
337.84	2760.00
337.84	2746.00
337.84	2737.33
337.85	2726.00
337.85	2720.00
337.85	2702.67
337.85	2696.67
337.85	2680.67
337.85	2680.00
337.85	2654.00
337.85	2627.33
337.85	2600.00
337.86	2590.67
337.86	2560.67
337.86	2523.33
337.86	2499.33
337.86	2482.67
337.86	2452.67
337.86	2412.00
337.86	2388.67
337.87	2346.67
337.87	2302.00
337.87	2278.00
337.87	2216.00
337.87	2182.67
337.87	2153.33
337.87	2091.33
337.87	2039.33
337.87	1990.67
337.88	1942.67
337.88	1894.67
337.88	1831.33
337.88	1773.33
337.88	1714.67
337.88	1646.67
337.88	1586.00
337.88	1522.67
337.89	1438.00
337.89	1395.33
337.89	1336.67
337.89	1258.00
337.89	1224.67
337.89	1126.67
337.89	1055.33
337.89	998.67
337.90	893.33
337.90	824.00
337.90	748.67
337.90	661.33
337.90	614.00
337.90	522.67
337.90	438.00
337.90	380.00
337.90	277.33
337.91	212.67
337.91	136.00
337.91	32.67
337.91	-20.00
337.91	-126.67
337.91	-218.00
337.91	-276.00
337.91	-372.67
337.92	-457.33
337.92	-530.00
337.92	-624.00
337.92	-692.67
337.92	-765.33
337.92	-858.00
337.92	-922.67
337.92	-1008.66
337.93	-1092.67
337.93	-1147.33
337.93	-1254.00
337.93	-1326.00
337.93	-1382.67
337.93	-1476.00
337.93	-1525.33
337.93	-1604.00
337.93	-1686.67
337.94	-1743.33
337.94	-1819.34
337.94	-1888.66
337.94	-1941.34
337.94	-2032.00
337.94	-2088.66
337.94	-2146.00
337.94	-2214.67
337.95	-2244.67
337.95	-2323.33
337.95	-2385.33
337.95	-2417.33
337.95	-2465.33
337.95	-2520.00
337.95	-2561.34
337.95	-2614.67
337.95	-2632.00
337.96	-2683.33
337.96	-2717.33
337.96	-2750.00
337.96	-2792.67
337.96	-2823.33
337.96	-2850.00
337.96	-2877.33
337.96	-2918.66
337.97	-2956.67
337.97	-2997.33
337.97	-2992.00
337.97	-3035.33
337.97	-3060.00
337.97	-3060.00
337.97	-3079.34
337.97	-3084.67
337.98	-3106.67
337.98	-3114.67
337.98	-3139.34
337.98	-3160.00
337.98	-3160.00
337.98	-3160.00
337.98	-3160.00
337.98	-3169.34
337.98	-3194.67
337.99	-3199.34
337.99	-3195.33
337.99	-3190.00
337.99	-3193.33
337.99	-3188.66
337.99	-3185.33
337.99	-3196.67
337.99	-3189.34
338.00	-3200.00
338.00	-3198.00
338.00	-3186.67
338.00	-3162.00
338.00	-3160.00
338.00	-3149.34
338.00	-3117.33
338.00	-3116.00
338.00	-3104.67
338.01	-3080.66
338.01	-3080.00
338.01	-3073.33
338.01	-3060.00
338.01	-3054.67
338.01	-3032.00
338.01	-3000.00
338.01	-2993.33
338.02	-3000.00
338.02	-2988.66
338.02	-2954.00
338.02	-2952.67
338.02	-2920.66
338.02	-2920.00
338.02	-2890.00
338.02	-2868.66
338.03	-2840.00
338.03	-2840.00
338.03	-2812.67
338.03	-2769.34
338.03	-2767.33
338.03	-2747.33
338.03	-2732.00
338.03	-2710.00
338.03	-2689.34
338.04	-2675.33
338.04	-2666.67
338.04	-2626.67
338.04	-2612.00
338.04	-2595.33
338.04	-2560.00
338.04	-2551.34
338.04	-2534.67
338.05	-2520.00
338.05	-2486.67
338.05	-2475.33
338.05	-2447.33
338.05	-2431.34
338.05	-2399.34
338.05	-2388.00
338.05	-2369.34
338.05	-2354.67
338.06	-2325.33
338.06	-2294.67
338.06	-2280.00
338.06	-2272.00
338.06	-2237.33
338.06	-2236.67
338.06	-2202.00
338.06	-2200.00
338.07	-2164.00
338.07	-2147.33
338.07	-2135.33
338.07	-2118.66
338.07	-2100.66
338.07	-2085.33
338.07	-2072.00
338.07	-2052.67
338.08	-2036.67
338.08	-2017.33
338.08	-1993.33
338.08	-1970.66
338.08	-1948.00
338.08	-1936.00
338.08	-1906.67
338.08	-1908.00
338.08	-1882.00
338.09	-1880.00
338.09	-1840.66
338.09	-1832.67
338.09	-1829.34
338.09	-1800.00
338.09	-1793.33
338.09	-1770.66
338.09	-1747.33
338.10	-1746.00
338.10	-1720.00
338.10	-1720.00
338.10	-1705.33
338.10	-1666.00
338.10	-1673.33
338.10	-1641.34
338.10	-1640.00
338.11	-1630.00
338.11	-1588.00
338.11	-1590.00
338.11	-1582.00
338.11	-1560.00
338.11	-1560.00
338.11	-1556.67
338.11	-1516.00
338.11	-1514.00
338.12	-1487.33
338.12	-1482.00
338.12	-1476.67
338.12	-1459.34
338.12	-1426.00
338.12	-1424.00
338.12	-1421.34
338.12	-1400.66
338.13	-1380.00
338.13	-1380.66
338.13	-1367.33
338.13	-1348.66
338.13	-1326.00
338.13	-1341.34
338.13	-1320.00
338.13	-1318.66
338.13	-1286.00
338.14	-1278.00
338.14	-1265.33
338.14	-1261.34
338.14	-1257.33
338.14	-1244.67
338.14	-1240.00
338.14	-1240.00
338.14	-1222.67
338.15	-1185.33
338.15	-1197.33
338.15	-1190.66
338.15	-1160.00
338.15	-1171.34
338.15	-1159.34
338.15	-1154.67
338.15	-1144.00
338.16	-1141.34
338.16	-1114.67
338.16	-1106.67
338.16	-1105.33
338.16	-1108.00
338.16	-1076.00
338.16	-1074.00
338.16	-1076.00
338.16	-1034.67
338.17	-1038.66
338.17	-1038.66
338.17	-1030.66
338.17	-1026.67
338.17	-1034.00
338.17	-1007.33
338.17	-1000.00
338.17	-1000.00
338.18	-986.00
338.18	-959.34
338.18	-955.33
338.18	-954.00
338.18	-948.66
338.18	-946.67
338.18	-950.66
338.18	-927.33
338.18	-924.00
338.19	-920.00
338.19	-920.00
338.19	-920.00
338.19	-920.00
338.19	-920.00
338.19	-891.34
338.19	-880.00
338.19	-880.00
338.20	-872.00
338.20	-879.34
338.20	-867.33
338.20	-840.00
338.20	-840.00
338.20	-841.34
338.20	-828.00
338.20	-820.66
338.21	-821.34
338.21	-812.67
338.21	-801.34
338.21	-802.67
338.21	-787.33
338.21	-787.33
338.21	-787.33
338.21	-785.33
338.21	-787.33
338.22	-789.34
338.22	-772.00
338.22	-751.34
338.22	-750.66
338.22	-752.67
338.22	-748.66
338.22	-748.66
338.22	-760.00
338.23	-760.00
338.23	-728.00
338.23	-736.00
338.23	-734.00
338.23	-739.34
338.23	-720.00
338.23	-706.67
338.23	-704.67
338.24	-706.00
338.24	-710.66
338.24	-712.00
338.24	-708.66
338.24	-683.33
338.24	-681.34
338.24	-680.66
338.24	-680.66
338.24	-680.00
338.25	-666.00
338.25	-660.66
338.25	-662.00
338.25	-660.00
338.25	-659.34
338.25	-658.00
338.25	-655.33
338.25	-644.67
338.26	-630.66
338.26	-628.00
338.26	-633.33
338.26	-640.00
338.26	-627.33
338.26	-638.66
338.26	-640.00
338.26	-638.66
338.26	-608.66
338.27	-604.67
338.27	-604.00
338.27	-612.67
338.27	-604.00
338.27	-600.00
338.27	-600.00
338.27	-600.00
338.27	-569.34
338.28	-589.34
338.28	-598.00
338.28	-571.34
338.28	-590.66
338.28	-600.00
338.28	-577.33
338.28	-560.00
338.28	-579.34
338.29	-556.67
338.29	-556.00
338.29	-558.00
338.29	-546.67
338.29	-543.33
338.29	-546.00
338.29	-554.67
338.29	-557.33
338.29	-556.67
338.30	-555.33
338.30	-544.67
338.30	-520.00
338.30	-520.00
338.30	-520.00
338.30	-520.66
338.30	-552.67
338.30	-536.00
338.31	-534.67
338.31	-520.00
338.31	-520.00
338.31	-520.00
338.31	-520.00
338.31	-520.00
338.31	-502.67
338.31	-509.34
338.31	-508.66
338.32	-506.00
338.32	-498.66
338.32	-494.67
338.32	-500.00
338.32	-498.00
338.32	-484.67
338.32	-472.67
338.32	-465.33
338.33	-466.00
338.33	-470.66
338.33	-476.00
338.33	-464.67
338.33	-484.00
338.33	-489.34
338.33	-474.00
338.33	-466.00
338.34	-468.00
338.34	-470.00
338.34	-457.33
338.34	-472.00
338.34	-462.00
338.34	-472.00
338.34	-454.67
338.34	-450.66
338.34	-472.67
338.35	-467.33
338.35	-471.34
338.35	-473.33
338.35	-473.33
338.35	-472.00
338.35	-438.00
338.35	-430.00
338.35	-458.00
338.36	-442.00
338.36	-446.67
338.36	-471.34
338.36	-456.00
338.36	-454.67
338.36	-462.67
338.36	-426.67
338.36	-436.00
338.36	-431.34
338.37	-429.34
338.37	-435.33
338.37	-436.00
338.37	-440.00
338.37	-440.00
338.37	-440.00
338.37	-430.00
338.37	-439.34
338.38	-440.00
338.38	-440.00
338.38	-440.00
338.38	-440.00
338.38	-440.00
338.38	-440.00
338.38	-417.33
338.38	-430.00
338.39	-399.34
338.39	-396.67
338.39	-388.00
338.39	-392.67
338.39	-393.33
338.39	-399.34
338.39	-399.34
338.39	-400.00
338.39	-387.33
338.40	-388.00
338.40	-396.00
338.40	-392.67
338.40	-386.00
338.40	-386.67
338.40	-388.00
338.40	-396.67
338.40	-390.00
338.41	-386.67
338.41	-386.00
338.41	-387.33
338.41	-385.33
338.41	-392.00
338.41	-386.67
338.41	-384.67
338.41	-388.66
338.42	-390.66
338.42	-390.66
338.42	-393.33
338.42	-394.67
338.42	-396.00
338.42	-393.33
338.42	-376.00
338.42	-384.67
338.42	-396.00
338.43	-386.00
338.43	-370.00
338.43	-361.34
338.43	-363.33
338.43	-362.00
338.43	-364.00
338.43	-364.67
338.43	-368.00
338.44	-389.34
338.44	-388.00
338.44	-366.67
338.44	-368.66
338.44	-382.00
338.44	-369.34
338.44	-360.00
338.44	-360.00
338.44	-361.34
338.45	-360.66
338.45	-366.00
338.45	-374.00
338.45	-360.00
338.45	-362.00
338.45	-365.33
338.45	-377.33
338.45	-372.67
338.46	-361.34
338.46	-360.00
338.46	-360.00
338.46	-360.00
338.46	-360.00
338.46	-360.00
338.46	-360.00
338.46	-360.00
338.47	-360.00
338.47	-360.00
338.47	-360.00
338.47	-360.00
338.47	-360.00
338.47	-360.00
338.47	-360.00
338.47	-360.00
338.47	-360.00
338.48	-360.00
338.48	-360.00
338.48	-360.00
338.48	-360.00
338.48	-360.00
338.48	-333.33
338.48	-354.67
338.48	-319.34
338.49	-320.00
338.49	-316.67
338.49	-328.00
338.49	-360.00
338.49	-324.67
338.49	-320.00
338.49	-326.00
338.49	-360.00
338.49	-360.00
338.50	-360.00
338.50	-331.34
338.50	-320.00
338.50	-320.00
338.50	-320.00
338.50	-320.00
338.50	-330.00
338.50	-360.00
338.51	-325.33
338.51	-320.00
338.51	-326.00
338.51	-349.34
338.51	-360.00
338.51	-360.00
338.51	-344.67
338.51	-317.33
338.52	-310.66
338.52	-306.67
338.52	-338.66
338.52	-354.00
338.52	-310.00
338.52	-318.00
338.52	-314.67
338.52	-316.67
338.52	-319.34
338.53	-320.00
338.53	-320.00
338.53	-304.00
338.53	-310.66
338.53	-320.00
338.53	-320.00
338.53	-310.66
338.53	-304.00
338.54	-306.00
338.54	-320.00
338.54	-314.00
338.54	-303.33
338.54	-306.00
338.54	-318.66
338.54	-313.33
338.54	-314.00
338.55	-313.33
338.55	-319.34
338.55	-304.00
338.55	-305.33
338.55	-319.34
338.55	-304.00
338.55	-314.00
338.55	-311.34
338.55	-302.00
338.56	-302.67
338.56	-311.34
338.56	-310.00
338.56	-318.66
338.56	-315.33
338.56	-318.66
338.56	-320.00
338.56	-320.00
338.57	-315.33
338.57	-318.00
338.57	-313.33
338.57	-307.33
338.57	-320.00
338.57	-320.00
338.57	-320.00
338.57	-314.00
338.57	-319.34
338.58	-314.67
338.58	-320.00
338.58	-319.34
338.58	-316.67
338.58	-319.34
338.58	-320.00
338.58	-302.67
338.58	-318.00
338.59	-320.00
338.59	-320.00
338.59	-314.67
338.59	-316.67
338.59	-320.00
338.59	-310.00
338.59	-318.00
338.59	-314.00
338.60	-320.00
338.60	-318.66
338.60	-320.00
338.60	-320.00
338.60	-319.34
338.60	-320.00
338.60	-304.67
338.60	-316.67
338.60	-315.33
338.61	-320.00
338.61	-320.00
338.61	-320.00
338.61	-319.34
338.61	-320.00
338.61	-316.00
338.61	-309.34
338.61	-290.66
338.62	-294.00
338.62	-290.66
338.62	-280.00
338.62	-287.33
338.62	-294.67
338.62	-295.33
338.62	-304.00
338.62	-320.00
338.62	-319.34
338.63	-296.00
338.63	-297.33
338.63	-286.00
338.63	-296.00
338.63	-320.00
338.63	-320.00
338.63	-316.00
338.63	-280.66
338.64	-298.66
338.64	-280.00
338.64	-306.67
338.64	-320.00
338.64	-319.34
338.64	-303.33
338.64	-292.00
338.64	-311.34
338.65	-282.67
338.65	-280.00
338.65	-312.00
338.65	-282.00
338.65	-280.00
338.65	-280.00
338.65	-280.00
338.65	-280.00
338.65	-303.33
338.66	-285.33
338.66	-285.33
338.66	-302.00
338.66	-312.67
338.66	-282.00
338.66	-280.00
338.66	-280.00
338.66	-280.00
338.67	-280.00
338.67	-286.00
338.67	-288.66
338.67	-280.00
338.67	-280.66
338.67	-280.00
338.67	-280.00
338.67	-280.00
338.67	-280.00
338.68	-280.00
338.68	-280.00
338.68	-280.00
338.68	-281.34
338.68	-282.67
338.68	-280.00
338.68	-280.00
338.68	-280.00
338.69	-280.00
338.69	-280.00
338.69	-280.66
338.69	-282.00
338.69	-280.66
338.69	-282.67
338.69	-280.00
338.69	-280.00
338.70	-280.00
338.70	-280.00
338.70	-280.00
338.70	-280.00
338.70	-280.00
338.70	-280.00
338.70	-282.00
338.70	-287.33
338.70	-312.00
338.71	-294.67
338.71	-280.00
338.71	-280.00
338.71	-280.00
338.71	-280.00
338.71	-280.00
338.71	-280.00
338.71	-280.00
338.72	-280.00
338.72	-280.00
338.72	-280.00
338.72	-280.00
338.72	-280.00
338.72	-280.66
338.72	-280.00
338.72	-280.00
338.73	-280.00
338.73	-280.00
338.73	-280.00
338.73	-280.00
338.73	-280.00
338.73	-280.00
338.73	-280.00
338.73	-290.66
338.73	-280.00
338.74	-280.00
338.74	-280.00
338.74	-280.00
338.74	-280.00
338.74	-280.00
338.74	-280.00
338.74	-280.00
338.74	-280.00
338.75	-280.00
338.75	-280.00
338.75	-280.00
338.75	-280.00
338.75	-280.00
338.75	-280.00
338.75	-280.00
338.75	-280.00
338.75	-280.00
338.76	-280.00
338.76	-280.00
338.76	-280.00
338.76	-280.00
338.76	-280.00
338.76	-280.00
338.76	-280.00
338.76	-280.00
338.77	-280.00
338.77	-280.00
338.77	-280.00
338.77	-280.00
338.77	-280.00
338.77	-280.00
338.77	-280.00
338.77	-280.00
338.78	-280.00
338.78	-280.00
338.78	-280.00
338.78	-272.00
338.78	-279.34
338.78	-260.66
338.78	-256.00
338.78	-280.00
338.78	-280.00
338.79	-280.00
338.79	-280.00
338.79	-280.00
338.79	-280.00
338.79	-280.00
338.79	-280.00
338.79	-280.00
338.79	-280.00
338.80	-264.00
338.80	-280.00
338.80	-277.33
338.80	-280.00
338.80	-280.00
338.80	-280.00
338.80	-280.00
338.80	-280.00
338.80	-280.00
338.81	-280.00
338.81	-280.00
338.81	-280.00
338.81	-280.00
338.81	-270.00
338.81	-260.66
338.81	-274.67
338.81	-280.00
338.82	-280.00
338.82	-280.00
338.82	-280.00
338.82	-280.00
338.82	-280.00
338.82	-280.00
338.82	-280.00
338.82	-280.00
338.83	-280.00
338.83	-280.00
338.83	-280.00
338.83	-280.00
338.83	-280.00
338.83	-254.00
338.83	-272.00
338.83	-280.00
338.83	-280.00
338.84	-280.00
338.84	-274.67
338.84	-280.00
338.84	-280.00
338.84	-280.00
338.84	-280.00
338.84	-280.00
338.84	-280.00
338.85	-278.66
338.85	-279.34
338.85	-280.00
338.85	-280.00
338.85	-280.00
338.85	-280.00
338.85	-270.00
338.85	-280.00
338.85	-280.00
338.86	-280.00
338.86	-280.00
338.86	-280.00
338.86	-263.33
338.86	-280.00
338.86	-280.00
338.86	-257.33
338.86	-246.67
338.87	-268.00
338.87	-279.34
338.87	-275.33
338.87	-276.00
338.87	-280.00
338.87	-280.00
338.87	-280.00
338.87	-280.00
338.88	-248.66
338.88	-260.66
338.88	-280.00
338.88	-251.34
338.88	-246.00
338.88	-241.34
338.88	-262.67
338.88	-278.66
338.88	-280.00
338.89	-280.00
338.89	-280.00
338.89	-280.00
338.89	-280.00
338.89	-280.00
338.89	-267.33
338.89	-276.00
338.89	-263.33
338.90	-238.66
338.90	-270.00
338.90	-270.00
338.90	-280.00
338.90	-280.00
338.90	-280.00
338.90	-280.00
338.90	-280.00
338.91	-280.00
338.91	-280.00
338.91	-271.34
338.91	-272.00
338.91	-256.67
338.91	-254.67
338.91	-238.00
338.91	-228.66
338.91	-239.34
338.92	-272.67
338.92	-243.33
338.92	-237.33
338.92	-240.66
338.92	-261.34
338.92	-242.67
338.92	-279.34
338.92	-274.67
338.93	-270.00
338.93	-280.00
338.93	-280.00
338.93	-279.34
338.93	-274.67
338.93	-278.66
338.93	-280.00
338.93	-279.34
338.93	-236.67
338.94	-239.34
338.94	-262.67
338.94	-253.33
338.94	-280.00
338.94	-280.00
338.94	-276.00
338.94	-246.67
338.94	-279.34
338.95	-270.66
338.95	-240.66
338.95	-270.66
338.95	-277.33
338.95	-272.00
338.95	-280.00
338.95	-280.00
338.95	-245.33
338.96	-248.66
338.96	-232.67
338.96	-234.00
338.96	-248.66
338.96	-239.34
338.96	-240.66
338.96	-270.66
338.96	-268.00
338.96	-253.33
338.97	-238.00
338.97	-270.66
338.97	-264.00
338.97	-270.66
338.97	-276.67
338.97	-244.67
338.97	-233.33
338.97	-236.67
338.98	-234.67
338.98	-240.66
338.98	-236.67
338.98	-271.34
338.98	-279.34
338.98	-280.00
338.98	-280.00
338.98	-280.00
338.98	-280.00
338.99	-262.00
338.99	-247.33
338.99	-279.34
338.99	-280.00
338.99	-279.34
338.99	-280.00
338.99	-277.33
338.99	-280.00
339.00	-280.00
339.00	-280.00
339.00	-280.00
339.00	-253.33
339.00	-240.00
339.00	-242.00
339.00	-246.00
339.00	-262.00
339.01	-258.00
339.01	-280.00
339.01	-267.33
339.01	-273.33
339.01	-250.66
339.01	-267.33
339.01	-238.00
339.01	-254.67
339.01	-278.66
339.02	-252.67
339.02	-263.33
339.02	-235.33
339.02	-230.66
339.02	-233.33
339.02	-259.34
339.02	-272.00
339.02	-240.00
339.03	-242.67
339.03	-246.67
339.03	-257.33
339.03	-263.33
339.03	-265.33
339.03	-238.66
339.03	-235.33
339.03	-241.34
339.04	-242.00
339.04	-238.66
339.04	-258.66
339.04	-255.33
339.04	-251.34
339.04	-258.00
339.04	-266.67
339.04	-272.00
339.04	-270.00
339.05	-268.66
339.05	-263.33
339.05	-259.34
339.05	-258.66
339.05	-262.67
339.05	-252.00
339.05	-280.00
339.05	-280.00
339.06	-268.66
339.06	-275.33
339.06	-244.00
339.06	-238.66
339.06	-227.33
339.06	-229.34
339.06	-232.00
339.06	-254.67
339.06	-276.00
339.07	-270.66
339.07	-280.00
339.07	-280.00
339.07	-276.67
339.07	-246.00
339.07	-271.34
339.07	-280.00
339.07	-240.00
339.08	-232.67
339.08	-239.34
339.08	-242.00
339.08	-240.00
339.08	-244.00
339.08	-253.33
339.08	-275.33
339.08	-257.33
339.09	-254.00
339.09	-234.00
339.09	-236.67
339.09	-243.33
339.09	-254.67
339.09	-259.34
339.09	-280.00
339.09	-277.33
339.09	-277.33
339.10	-256.00
339.10	-269.34
339.10	-243.33
339.10	-254.67
339.10	-250.66
339.10	-240.00
339.10	-232.00
339.10	-236.00
339.11	-238.00
339.11	-244.00
339.11	-249.34
339.11	-237.33
339.11	-238.00
339.11	-234.00
339.11	-222.00
339.11	-223.33
339.11	-228.00
339.12	-238.66
339.12	-236.00
339.12	-235.33
339.12	-249.34
339.12	-252.00
339.12	-236.67
339.12	-230.00
339.12	-230.66
339.13	-222.67
339.13	-226.00
339.13	-240.00
339.13	-226.67
339.13	-240.66
339.13	-232.00
339.13	-240.66
339.13	-245.33
339.14	-269.34
339.14	-280.00
339.14	-250.00
339.14	-233.33
339.14	-223.33
339.14	-227.33
339.14	-232.00
339.14	-235.33
339.14	-241.34
339.15	-235.33
339.15	-237.33
339.15	-236.00
339.15	-235.33
339.15	-252.00
339.15	-240.00
339.15	-236.00
339.15	-232.00
339.16	-279.34
339.16	-248.66
339.16	-270.00
339.16	-280.00
339.16	-252.67
339.16	-238.66
339.16	-239.34
339.16	-257.33
339.16	-268.00
339.17	-263.33
339.17	-272.67
339.17	-262.67
339.17	-240.66
339.17	-265.33
339.17	-280.00
339.17	-280.00
339.17	-250.66
339.18	-232.67
339.18	-240.00
339.18	-241.34
339.18	-234.00
339.18	-237.33
339.18	-243.33
339.18	-242.67
339.18	-240.00
339.19	-240.00
339.19	-248.00
339.19	-236.00
339.19	-227.33
339.19	-236.67
339.19	-228.00
339.19	-226.67
339.19	-240.00
339.19	-239.34
339.20	-230.00
339.20	-240.00
339.20	-268.00
339.20	-237.33
339.20	-238.66
339.20	-237.33
339.20	-232.67
339.20	-235.33
339.21	-235.33
339.21	-253.33
339.21	-254.00
339.21	-246.00
339.21	-236.67
339.21	-234.00
339.21	-229.34
339.21	-234.00
339.22	-246.00
339.22	-258.00
339.22	-268.00
339.22	-242.67
339.22	-236.00
339.22	-240.00
339.22	-237.33
339.22	-239.34
339.22	-255.33
339.23	-250.66
339.23	-274.67
339.23	-258.00
339.23	-259.34
339.23	-234.00
339.23	-230.66
339.23	-226.67
339.23	-232.00
339.24	-229.34
339.24	-246.00
339.24	-234.00
339.24	-236.67
339.24	-246.67
339.24	-250.00
339.24	-243.33
339.24	-232.00
339.24	-236.00
339.25	-237.33
339.25	-241.34
339.25	-234.00
339.25	-252.00
339.25	-258.00
339.25	-274.67
339.25	-246.00
339.25	-242.00
339.26	-246.67
339.26	-245.33
339.26	-228.66
339.26	-228.66
339.26	-226.67
339.26	-222.00
339.26	-250.00
339.26	-237.33
339.27	-239.34
339.27	-242.00
339.27	-238.00
339.27	-232.00
339.27	-230.66
339.27	-243.33
339.27	-242.67
339.27	-240.66
339.27	-243.33
339.28	-234.67
339.28	-239.34
339.28	-240.00
339.28	-255.33
339.28	-249.34
339.28	-240.00
339.28	-232.00
339.28	-230.66
339.29	-239.34
339.29	-248.66
339.29	-242.00
339.29	-240.00
339.29	-225.33
339.29	-231.34
339.29	-229.34
339.29	-228.00
339.29	-232.00
339.30	-229.34
339.30	-233.33
339.30	-251.34
339.30	-262.67
339.30	-280.00
339.30	-279.34
339.30	-270.66
339.30	-238.66
339.31	-252.67
339.31	-243.33
339.31	-236.67
339.31	-233.33
339.31	-236.00
339.31	-246.00
339.31	-234.00
339.31	-238.66
339.32	-243.33
339.32	-240.66
339.32	-242.00
339.32	-238.00
339.32	-251.34
339.32	-228.00
339.32	-240.66
339.32	-278.00
339.32	-242.67
339.33	-224.67
339.33	-240.00
339.33	-238.00
339.33	-248.66
339.33	-272.67
339.33	-258.66
339.33	-232.67
339.33	-240.00
339.34	-240.00
339.34	-238.00
339.34	-251.34
339.34	-240.00
339.34	-238.66
339.34	-227.33
339.34	-231.34
339.34	-238.66
339.35	-223.33
339.35	-230.66
339.35	-232.67
339.35	-252.67
339.35	-252.00
339.35	-240.00
339.35	-238.00
339.35	-241.34
339.35	-243.33
339.36	-229.34
339.36	-241.34
339.36	-263.33
339.36	-235.33
339.36	-230.66
339.36	-234.00
339.36	-232.67
339.36	-245.33
339.37	-240.66
339.37	-233.33
339.37	-237.33
339.37	-259.34
339.37	-254.00
339.37	-239.34
339.37	-258.66
339.37	-249.34
339.37	-232.00
339.38	-240.00
339.38	-230.00
339.38	-239.34
339.38	-235.33
339.38	-222.67
339.38	-236.00
339.38	-240.00
339.38	-240.66
339.39	-242.00
339.39	-244.00
339.39	-244.67
339.39	-232.67
339.39	-233.33
339.39	-221.34
339.39	-243.33
339.39	-232.00
339.40	-256.67
339.40	-279.34
339.40	-280.00
339.40	-269.34
339.40	-258.66
339.40	-273.33
339.40	-245.33
339.40	-232.00
339.40	-234.00
339.41	-231.34
339.41	-220.66
339.41	-226.67
339.41	-227.33
339.41	-236.67
339.41	-230.00
339.41	-227.33
339.41	-228.66
339.42	-243.33
339.42	-237.33
339.42	-232.67
339.42	-240.00
339.42	-240.66
339.42	-255.33
339.42	-249.34
339.42	-247.33
339.42	-235.33
339.43	-234.00
339.43	-240.00
339.43	-232.00
339.43	-232.00
339.43	-228.00
339.43	-233.33
339.43	-225.33
339.43	-223.33
339.44	-259.34
339.44	-246.00
339.44	-228.66
339.44	-240.00
339.44	-241.34
339.44	-257.33
339.44	-238.00
339.44	-236.00
339.45	-244.00
339.45	-238.66
339.45	-240.66
339.45	-244.00
339.45	-239.34
339.45	-239.34
339.45	-230.66
339.45	-231.34
339.45	-236.67
339.46	-255.33
339.46	-242.67
339.46	-263.33
339.46	-266.00
339.46	-242.67
339.46	-240.66
339.46	-248.66
339.46	-222.67
339.47	-230.66
339.47	-244.67
339.47	-234.00
339.47	-241.34
339.47	-263.33
339.47	-255.33
339.47	-256.00
339.47	-228.00
339.47	-243.33
339.48	-227.33
339.48	-231.34
339.48	-235.33
339.48	-243.33
339.48	-246.00
339.48	-245.33
339.48	-241.34
339.48	-237.33
339.49	-239.34
339.49	-234.67
339.49	-228.00
339.49	-226.00
339.49	-225.33
339.49	-234.67
339.49	-236.00
339.49	-238.00
339.50	-252.67
339.50	-236.67
339.50	-236.67
339.50	-239.34
339.50	-234.67
339.50	-250.00
339.50	-235.33
339.50	-224.00
339.50	-231.34
339.51	-238.66
339.51	-240.66
339.51	-228.00
339.51	-228.00
339.51	-234.67
339.51	-240.00
339.51	-226.67
339.51	-232.00
339.52	-238.00
339.52	-236.00
339.52	-249.34
339.52	-247.33
339.52	-237.33
339.52	-229.34
339.52	-222.67
339.52	-239.34
339.53	-240.00
339.53	-225.33
339.53	-227.33
339.53	-226.67
339.53	-254.00
339.53	-252.00
339.53	-237.33
339.53	-242.67
339.53	-230.00
339.54	-234.00
339.54	-235.33
339.54	-242.00
339.54	-236.00
339.54	-238.00
339.54	-236.67
339.54	-222.00
339.54	-232.00
339.55	-239.34
339.55	-240.00
339.55	-231.34
339.55	-249.34
339.55	-242.67
339.55	-243.33
339.55	-236.67
339.55	-228.00
339.55	-240.00
339.56	-240.00
339.56	-228.66
339.56	-231.34
339.56	-236.00
339.56	-232.00
339.56	-256.67
339.56	-240.66
339.56	-238.66
339.57	-235.33
339.57	-224.00
339.57	-233.33
339.57	-228.00
339.57	-237.33
339.57	-232.67
339.57	-228.00
339.57	-236.67
339.58	-239.34
339.58	-232.67
339.58	-222.67
339.58	-232.00
339.58	-240.00
339.58	-231.34
339.58	-238.66
339.58	-232.67
339.58	-225.33
339.59	-234.67
339.59	-234.67
339.59	-235.33
339.59	-228.00
339.59	-228.00
339.59	-226.00
339.59	-230.66
339.59	-234.67
339.60	-230.00
339.60	-240.66
339.60	-234.67
339.60	-236.00
339.60	-230.00
339.60	-221.34
339.60	-225.33
339.60	-232.00
339.60	-222.67
339.61	-238.66
339.61	-226.00
339.61	-233.33
339.61	-234.00
339.61	-226.67
339.61	-233.33
339.61	-239.34
339.61	-236.00
339.62	-226.67
339.62	-234.67
339.62	-235.33
339.62	-240.66
339.62	-236.00
339.62	-237.33
339.62	-236.67
339.62	-233.33
339.63	-233.33
339.63	-243.33
339.63	-242.67
339.63	-230.00
339.63	-231.34
339.63	-227.33
339.63	-227.33
339.63	-232.00
339.63	-230.00
339.64	-226.00
339.64	-225.33
339.64	-237.33
339.64	-239.34
339.64	-240.66
339.64	-225.33
339.64	-226.00
339.64	-222.00
339.65	-231.34
339.65	-239.34
339.65	-229.34
339.65	-233.33
339.65	-239.34
339.65	-247.33
339.65	-258.66
339.65	-258.00
339.65	-244.00
339.66	-240.00
339.66	-238.00
339.66	-240.00
339.66	-238.00
339.66	-230.00
339.66	-238.00
339.66	-232.00
339.66	-245.33
339.67	-247.33
339.67	-232.67
339.67	-236.00
339.67	-228.66
339.67	-225.33
339.67	-220.66
339.67	-223.33
339.67	-228.66
339.68	-222.00
339.68	-228.00
339.68	-236.00
339.68	-233.33
339.68	-227.33
339.68	-232.67
339.68	-224.67
339.68	-226.67
339.68	-232.00
339.69	-240.66
339.69	-240.00
339.69	-239.34
339.69	-238.00
339.69	-237.33
339.69	-220.66
339.69	-227.33
339.69	-228.66
339.70	-237.33
339.70	-233.33
339.70	-224.00
339.70	-228.66
339.70	-241.34
339.70	-252.00
339.70	-265.33
339.70	-239.34
339.71	-236.67
339.71	-236.67
339.71	-240.00
339.71	-259.34
339.71	-239.34
339.71	-249.34
339.71	-266.00
339.71	-246.67
339.71	-234.67
339.72	-223.33
339.72	-238.66
339.72	-235.33
339.72	-238.00
339.72	-248.66
339.72	-244.67
339.72	-245.33
339.72	-276.67
339.73	-248.66
339.73	-229.34
339.73	-241.34
339.73	-236.67
339.73	-224.67
339.73	-228.66
339.73	-228.00
339.73	-232.67
339.73	-229.34
339.74	-235.33
339.74	-239.34
339.74	-236.00
339.74	-250.00
339.74	-246.00
339.74	-236.67
339.74	-228.66
339.74	-233.33
339.75	-236.00
339.75	-230.00
339.75	-235.33
339.75	-236.67
339.75	-226.67
339.75	-228.00
339.75	-229.34
339.75	-238.66
339.76	-226.67
339.76	-233.33
339.76	-232.00
339.76	-239.34
339.76	-239.34
339.76	-238.00
339.76	-238.00
339.76	-238.66
339.76	-231.34
339.77	-233.33
339.77	-228.00
339.77	-233.33
339.77	-232.00
339.77	-240.00
339.77	-227.33
339.77	-227.33
339.77	-226.00
339.78	-242.00
339.78	-237.33
339.78	-232.00
339.78	-235.33
339.78	-276.00
339.78	-236.67
339.78	-233.33
339.78	-225.33
339.78	-223.33
339.79	-228.00
339.79	-248.66
339.79	-240.00
339.79	-238.66
339.79	-237.33
339.79	-229.34
339.79	-236.00
339.79	-230.00
339.80	-235.33
339.80	-237.33
339.80	-234.67
339.80	-224.67
339.80	-236.00
339.80	-231.34
339.80	-229.34
339.80	-230.00
339.81	-240.00
339.81	-236.00
339.81	-238.00
339.81	-238.00
339.81	-252.67
339.81	-250.66
339.81	-227.33
339.81	-228.00
339.81	-231.34
339.82	-230.66
339.82	-232.67
339.82	-233.33
339.82	-231.34
339.82	-230.66
339.82	-238.66
339.82	-232.67
339.82	-232.67
339.83	-230.66
339.83	-264.00
339.83	-256.67
339.83	-232.00
339.83	-230.00
339.83	-232.00
339.83	-242.67
339.83	-240.00
339.84	-226.67
339.84	-234.00
339.84	-232.00
339.84	-236.67
339.84	-231.34
339.84	-242.00
339.84	-251.34
339.84	-230.66
339.84	-254.00
339.85	-234.00
339.85	-230.66
339.85	-242.67
339.85	-238.66
339.85	-232.67
339.85	-228.66
339.85	-242.00
339.85	-240.00
339.86	-227.33
339.86	-226.67
339.86	-229.34
339.86	-226.00
339.86	-237.33
339.86	-235.33
339.86	-237.33
339.86	-240.00
339.86	-240.00
339.87	-230.66
339.87	-240.00
339.87	-238.66
339.87	-234.67
339.87	-232.67
339.87	-268.66
339.87	-252.00
339.87	-225.33
339.88	-231.34
339.88	-225.33
339.88	-233.33
339.88	-234.67
339.88	-225.33
339.88	-232.00
339.88	-234.67
339.88	-227.33
339.89	-238.66
339.89	-234.00
339.89	-236.67
339.89	-237.33
339.89	-265.33
339.89	-278.00
339.89	-244.67
339.89	-224.00
339.89	-230.66
339.90	-230.66
339.90	-237.33
339.90	-234.67
339.90	-236.67
339.90	-238.00
339.90	-224.00
339.90	-224.00
339.90	-246.67
339.91	-237.33
339.91	-239.34
339.91	-254.00
339.91	-241.34
339.91	-220.66
339.91	-230.00
339.91	-225.33
339.91	-224.67
339.91	-240.66
339.92	-252.00
339.92	-232.67
339.92	-234.67
339.92	-245.33
339.92	-233.33
339.92	-228.66
339.92	-229.34
339.92	-235.33
339.93	-232.00
339.93	-230.00
339.93	-230.00
339.93	-226.67
339.93	-226.67
339.93	-240.00
339.93	-238.00
339.93	-242.00
339.94	-229.34
339.94	-234.00
339.94	-238.66
339.94	-238.66
339.94	-232.67
339.94	-224.67
339.94	-231.34
339.94	-227.33
339.94	-232.00
339.95	-233.33
339.95	-226.67
339.95	-227.33
339.95	-232.67
339.95	-222.00
339.95	-222.67
339.95	-238.66
339.95	-237.33
339.96	-259.34
339.96	-233.33
339.96	-234.00
339.96	-228.66
339.96	-232.00
339.96	-241.34
339.96	-240.00
339.96	-237.33
339.96	-226.00
339.97	-230.00
339.97	-236.67
339.97	-238.00
339.97	-241.34
339.97	-233.33
339.97	-237.33
339.97	-237.33
339.97	-250.66
339.98	-236.00
339.98	-236.00
339.98	-225.33
339.98	-230.00
339.98	-238.66
339.98	-238.66
339.98	-264.67
339.98	-236.67
339.99	-230.66
339.99	-226.67
339.99	-239.34
339.99	-239.34
339.99	-226.67
339.99	-235.33
339.99	-238.00
339.99	-242.00
339.99	-254.00
340.00	-227.33
340.00	-242.67
340.00	-238.00
340.00	-235.33
340.00	-232.67
340.00	-236.00
340.00	-239.34
340.00	-234.67
340.01	-238.66
340.01	-228.66
340.01	-230.66
340.01	-237.33
340.01	-227.33
340.01	-240.00
340.01	-235.33
340.01	-231.34
340.02	-232.00
340.02	-235.33
340.02	-235.33
340.02	-234.67
340.02	-238.00
340.02	-236.67
340.02	-226.67
340.02	-230.66
340.02	-236.00
340.03	-222.67
340.03	-234.00
340.03	-222.00
340.03	-231.34
340.03	-232.00
340.03	-238.66
340.03	-242.00
340.03	-240.00
340.04	-232.00
340.04	-235.33
340.04	-232.00
340.04	-240.00
340.04	-236.67
340.04	-225.33
340.04	-236.67
340.04	-231.34
340.04	-238.00
340.05	-227.33
340.05	-241.34
340.05	-260.00
340.05	-247.33
340.05	-230.00
340.05	-230.66
340.05	-223.33
340.05	-230.66
340.06	-240.00
340.06	-240.00
340.06	-240.00
340.06	-236.00
340.06	-226.67
340.06	-232.67
340.06	-235.33
340.06	-238.66
340.07	-222.00
340.07	-227.33
340.07	-244.00
340.07	-240.66
340.07	-225.33
340.07	-227.33
340.07	-244.67
340.07	-236.00
340.07	-234.67
340.08	-233.33
340.08	-240.66
340.08	-227.33
340.08	-243.33
340.08	-240.66
340.08	-239.34
340.08	-240.66
340.08	-239.34
340.09	-231.34
340.09	-223.33
340.09	-228.66
340.09	-240.00
340.09	-240.00
340.09	-240.00
340.09	-240.00
340.09	-240.00
340.09	-230.66
340.10	-234.00
340.10	-237.33
340.10	-239.34
340.10	-234.00
340.10	-235.33
340.10	-231.34
340.10	-237.33
340.10	-248.00
340.11	-228.00
340.11	-234.00
340.11	-231.34
340.11	-230.66
340.11	-238.00
340.11	-227.33
340.11	-236.67
340.11	-239.34
340.12	-235.33
340.12	-229.34
340.12	-232.00
340.12	-228.66
340.12	-234.67
340.12	-236.00
340.12	-239.34
340.12	-228.00
340.12	-226.67
340.13	-236.00
340.13	-233.33
340.13	-230.66
340.13	-232.00
340.13	-234.00
340.13	-226.67
340.13	-224.67
340.13	-226.67
340.14	-222.67
340.14	-236.67
340.14	-227.33
340.14	-228.66
340.14	-222.00
340.14	-238.00
340.14	-236.67
340.14	-236.67
340.14	-232.00
340.15	-242.00
340.15	-240.00
340.15	-224.00
340.15	-236.00
340.15	-242.67
340.15	-240.00
340.15	-254.00
340.15	-234.67
340.16	-236.00
340.16	-234.00
340.16	-222.67
340.16	-234.00
340.16	-236.67
340.16	-222.00
340.16	-224.67
340.16	-236.00
340.17	-235.33
340.17	-225.33
340.17	-229.34
340.17	-266.00
340.17	-239.34
340.17	-230.00
340.17	-229.34
340.17	-239.34
340.17	-235.33
340.18	-234.00
340.18	-226.67
340.18	-240.00
340.18	-230.00
340.18	-234.67
340.18	-233.33
340.18	-234.67
340.18	-234.67
340.19	-228.00
340.19	-220.66
340.19	-228.00
340.19	-234.67
340.19	-227.33
340.19	-226.67
340.19	-240.00
340.19	-239.34
340.20	-222.67
340.20	-232.00
340.20	-226.67
340.20	-240.00
340.20	-232.00
340.20	-228.00
340.20	-234.00
340.20	-232.00
340.20	-232.67
340.21	-229.34
340.21	-237.33
340.21	-232.67
340.21	-238.00
340.21	-221.34
340.21	-226.67
340.21	-236.67
340.21	-233.33
340.22	-240.00
340.22	-251.34
340.22	-233.33
340.22	-230.66
340.22	-240.00
340.22	-239.34
340.22	-236.00
340.22	-232.67
340.22	-227.33
340.23	-228.66
340.23	-244.67
340.23	-254.67
340.23	-252.00
340.23	-263.33
340.23	-260.00
340.23	-245.33
340.23	-237.33
340.24	-240.00
340.24	-228.00
340.24	-230.66
340.24	-243.33
340.24	-228.66
340.24	-226.67
340.24	-232.00
340.24	-230.00
340.25	-230.66
340.25	-240.00
340.25	-234.67
340.25	-234.00
340.25	-226.00
340.25	-230.66
340.25	-234.00
340.25	-240.66
340.25	-232.00
340.26	-226.67
340.26	-238.00
340.26	-234.67
340.26	-228.66
340.26	-228.00
340.26	-222.67
340.26	-236.00
340.26	-230.66
340.27	-232.00
340.27	-234.67
340.27	-238.00
340.27	-228.00
340.27	-230.00
340.27	-230.00
340.27	-228.00
340.27	-234.00
340.27	-235.33
340.28	-228.66
340.28	-229.34
340.28	-226.00
340.28	-223.33
340.28	-221.34
340.28	-234.00
340.28	-223.33
340.28	-236.67
340.29	-227.33
340.29	-241.34
340.29	-242.00
340.29	-233.33
340.29	-225.33
340.29	-225.33
340.29	-236.67
340.29	-237.33
340.30	-235.33
340.30	-237.33
340.30	-229.34
340.30	-233.33
340.30	-227.33
340.30	-236.67
340.30	-235.33
340.30	-234.67
340.30	-224.67
340.31	-225.33
340.31	-227.33
340.31	-234.67
340.31	-232.00
340.31	-234.67
340.31	-230.66
340.31	-222.67
340.31	-224.00
340.32	-234.67
340.32	-224.67
340.32	-232.67
340.32	-230.00
340.32	-224.00
340.32	-225.33
340.32	-228.00
340.32	-233.33
340.33	-244.67
340.33	-224.67
340.33	-221.34
340.33	-236.67
340.33	-239.34
340.33	-242.67
340.33	-232.00
340.33	-236.67
340.33	-229.34
340.34	-229.34
340.34	-229.34
340.34	-237.33
340.34	-234.00
340.34	-231.34
340.34	-251.34
340.34	-237.33
340.34	-230.66
340.35	-240.66
340.35	-224.00
340.35	-240.00
340.35	-234.67
340.35	-226.00
340.35	-240.00
340.35	-240.00
340.35	-222.67
340.35	-228.00
340.36	-231.34
340.36	-224.00
340.36	-236.67
340.36	-230.00
340.36	-234.00
