335.48	-227.33
335.48	-220.66
335.48	-214.67
335.48	-221.34
335.48	-232.00
335.48	-238.00
335.49	-230.66
335.49	-228.66
335.49	-214.00
335.49	-224.00
335.49	-226.00
335.49	-238.66
335.49	-252.67
335.49	-240.66
335.50	-232.00
335.50	-232.67
335.50	-240.66
335.50	-234.00
335.50	-216.67
335.50	-229.34
335.50	-215.33
335.50	-219.34
335.50	-237.33
335.51	-234.67
335.51	-235.33
335.51	-230.66
335.51	-214.67
335.51	-212.67
335.51	-216.67
335.51	-220.66
335.51	-225.33
335.52	-226.67
335.52	-217.33
335.52	-221.34
335.52	-231.34
335.52	-227.33
335.52	-214.00
335.52	-215.33
335.52	-220.66
335.53	-231.34
335.53	-220.66
335.53	-230.00
335.53	-233.33
335.53	-231.34
335.53	-229.34
335.53	-233.33
335.53	-216.00
335.53	-210.00
335.54	-230.66
335.54	-230.66
335.54	-218.66
335.54	-236.67
335.54	-233.33
335.54	-232.00
335.54	-238.66
335.54	-244.00
335.55	-239.34
335.55	-238.00
335.55	-219.34
335.55	-223.33
335.55	-236.67
335.55	-228.00
335.55	-207.33
335.55	-232.00
335.55	-220.00
335.56	-228.66
335.56	-226.67
335.56	-242.00
335.56	-237.33
335.56	-206.67
335.56	-219.34
335.56	-235.33
335.56	-235.33
335.57	-218.66
335.57	-217.33
335.57	-222.67
335.57	-226.00
335.57	-212.67
335.57	-205.33
335.57	-227.33
335.57	-227.33
335.58	-230.00
335.58	-221.34
335.58	-230.66
335.58	-243.33
335.58	-236.67
335.58	-236.00
335.58	-235.33
335.58	-234.67
335.58	-236.67
335.59	-236.67
335.59	-229.34
335.59	-218.66
335.59	-236.67
335.59	-240.00
335.59	-236.00
335.59	-236.67
335.59	-222.00
335.60	-202.00
335.60	-212.00
335.60	-230.00
335.60	-236.67
335.60	-225.33
335.60	-234.00
335.60	-245.33
335.60	-230.66
335.60	-234.67
335.61	-237.33
335.61	-237.33
335.61	-235.33
335.61	-229.34
335.61	-228.66
335.61	-228.00
335.61	-239.34
335.61	-223.33
335.62	-225.33
335.62	-226.00
335.62	-238.00
335.62	-238.66
335.62	-230.00
335.62	-239.34
335.62	-235.33
335.62	-215.33
335.63	-236.67
335.63	-241.34
335.63	-240.00
335.63	-216.00
335.63	-228.00
335.63	-234.00
335.63	-228.66
335.63	-211.34
335.63	-213.33
335.64	-219.34
335.64	-239.34
335.64	-236.67
335.64	-226.67
335.64	-237.33
335.64	-234.00
335.64	-237.33
335.64	-245.33
335.65	-224.00
335.65	-207.33
335.65	-220.00
335.65	-233.33
335.65	-240.00
335.65	-236.00
335.65	-225.33
335.65	-226.67
335.66	-218.66
335.66	-231.34
335.66	-250.66
335.66	-233.33
335.66	-230.66
335.66	-230.00
335.66	-219.34
335.66	-216.67
335.66	-240.66
335.67	-226.00
335.67	-218.66
335.67	-218.66
335.67	-224.00
335.67	-204.67
335.67	-203.33
335.67	-226.00
335.67	-209.34
335.68	-202.67
335.68	-218.66
335.68	-215.33
335.68	-214.00
335.68	-243.33
335.68	-222.67
335.68	-229.34
335.68	-236.67
335.68	-233.33
335.69	-218.66
335.69	-209.34
335.69	-234.67
335.69	-238.66
335.69	-236.67
335.69	-230.66
335.69	-240.00
335.69	-242.67
335.70	-241.34
335.70	-244.00
335.70	-246.00
335.70	-243.33
335.70	-219.34
335.70	-227.33
335.70	-229.34
335.70	-232.00
335.71	-224.67
335.71	-221.34
335.71	-232.00
335.71	-231.34
335.71	-207.33
335.71	-224.67
335.71	-224.67
335.71	-226.00
335.71	-248.00
335.72	-248.66
335.72	-247.33
335.72	-234.67
335.72	-231.34
335.72	-216.00
335.72	-218.00
335.72	-228.66
335.72	-219.34
335.73	-221.34
335.73	-230.66
335.73	-247.33
335.73	-251.34
335.73	-246.00
335.73	-230.66
335.73	-220.66
335.73	-240.00
335.73	-255.33
335.74	-244.00
335.74	-226.00
335.74	-218.00
335.74	-215.33
335.74	-208.00
335.74	-231.34
335.74	-224.00
335.74	-232.67
335.75	-222.67
335.75	-225.33
335.75	-225.33
335.75	-225.33
335.75	-238.00
335.75	-227.33
335.75	-218.66
335.75	-222.00
335.76	-218.00
335.76	-210.00
335.76	-214.67
335.76	-230.66
335.76	-216.00
335.76	-226.00
335.76	-236.67
335.76	-218.66
335.76	-211.34
335.77	-218.00
335.77	-224.00
335.77	-214.00
335.77	-213.33
335.77	-231.34
335.77	-234.00
335.77	-239.34
335.77	-229.34
335.78	-214.00
335.78	-204.67
335.78	-207.33
335.78	-204.00
335.78	-226.00
335.78	-216.00
335.78	-225.33
335.78	-245.33
335.78	-250.66
335.79	-244.67
335.79	-232.67
335.79	-230.66
335.79	-235.33
335.79	-234.67
335.79	-239.34
335.79	-248.66
335.79	-232.00
335.80	-229.34
335.80	-238.66
335.80	-240.66
335.80	-218.00
335.80	-221.34
335.80	-245.33
335.80	-252.00
335.80	-240.00
335.81	-240.66
335.81	-239.34
335.81	-230.66
335.81	-250.00
335.81	-251.34
335.81	-244.67
335.81	-230.66
335.81	-220.66
335.81	-218.66
335.82	-205.33
335.82	-218.66
335.82	-212.00
335.82	-217.33
335.82	-231.34
335.82	-236.67
335.82	-247.33
335.82	-243.33
335.83	-234.67
335.83	-232.00
335.83	-223.33
335.83	-204.67
335.83	-213.33
335.83	-229.34
335.83	-242.00
335.83	-242.67
335.84	-234.67
335.84	-220.00
335.84	-220.66
335.84	-229.34
335.84	-224.67
335.84	-220.00
335.84	-208.00
335.84	-214.67
335.84	-224.00
335.85	-207.33
335.85	-231.34
335.85	-231.34
335.85	-219.34
335.85	-232.00
335.85	-254.67
335.85	-250.00
335.85	-238.66
335.86	-232.67
335.86	-226.00
335.86	-232.00
335.86	-208.66
335.86	-208.66
335.86	-212.67
335.86	-232.67
335.86	-224.00
335.86	-222.67
335.87	-222.67
335.87	-228.00
335.87	-225.33
335.87	-228.00
335.87	-232.67
335.87	-224.67
335.87	-217.33
335.87	-236.67
335.88	-231.34
335.88	-238.66
335.88	-214.00
335.88	-204.00
335.88	-213.33
335.88	-219.34
335.88	-237.33
335.88	-232.00
335.89	-216.67
335.89	-230.66
335.89	-239.34
335.89	-232.67
335.89	-228.66
335.89	-216.67
335.89	-226.00
335.89	-250.66
335.89	-242.00
335.90	-240.00
335.90	-233.33
335.90	-228.66
335.90	-226.00
335.90	-220.00
335.90	-207.33
335.90	-210.66
335.90	-204.67
335.91	-212.00
335.91	-223.33
335.91	-220.66
335.91	-201.34
335.91	-206.00
335.91	-214.00
335.91	-208.66
335.91	-223.33
335.91	-236.67
335.92	-224.67
335.92	-217.33
335.92	-236.67
335.92	-232.00
335.92	-216.67
335.92	-227.33
335.92	-226.00
335.92	-226.00
335.93	-222.00
335.93	-218.66
335.93	-210.66
335.93	-233.33
335.93	-245.33
335.93	-218.66
335.93	-201.34
335.93	-201.34
335.94	-207.33
335.94	-210.66
335.94	-217.33
335.94	-218.66
335.94	-216.67
335.94	-224.00
335.94	-218.66
335.94	-226.00
335.94	-238.66
335.95	-237.33
335.95	-220.00
335.95	-208.66
335.95	-216.67
335.95	-216.00
335.95	-224.00
335.95	-209.34
335.95	-222.67
335.96	-217.33
335.96	-229.34
335.96	-238.00
335.96	-229.34
335.96	-233.33
335.96	-228.66
335.96	-214.67
335.96	-222.67
335.96	-227.33
335.97	-214.00
335.97	-226.00
335.97	-234.00
335.97	-224.67
335.97	-206.00
335.97	-221.34
335.97	-234.67
335.97	-231.34
335.98	-240.00
335.98	-251.34
335.98	-256.67
335.98	-241.34
335.98	-228.66
335.98	-217.33
335.98	-207.33
335.98	-228.00
335.99	-240.00
335.99	-240.00
335.99	-237.33
335.99	-238.00
335.99	-214.67
335.99	-205.33
335.99	-230.00
335.99	-221.34
335.99	-224.67
336.00	-238.66
336.00	-237.33
336.00	-230.00
336.00	-233.33
336.00	-228.00
336.00	-211.34
336.00	-224.00
336.00	-245.33
336.01	-243.33
336.01	-236.67
336.01	-239.34
336.01	-225.33
336.01	-221.34
336.01	-234.67
336.01	-230.66
336.01	-217.33
336.02	-221.34
336.02	-232.00
336.02	-225.33
336.02	-232.67
336.02	-238.00
336.02	-212.67
336.02	-234.00
336.02	-234.00
336.02	-223.33
336.03	-220.00
336.03	-220.66
336.03	-228.00
336.03	-214.00
336.03	-222.67
336.03	-236.00
336.03	-222.00
336.03	-204.67
336.04	-203.33
336.04	-228.00
336.04	-228.00
336.04	-245.33
336.04	-221.34
336.04	-206.67
336.04	-235.33
336.04	-232.00
336.04	-222.00
336.05	-220.66
336.05	-221.34
336.05	-206.00
336.05	-210.66
336.05	-216.67
336.05	-214.67
336.05	-222.00
336.05	-213.33
336.06	-214.67
336.06	-220.00
336.06	-226.67
336.06	-228.66
336.06	-206.00
336.06	-230.00
336.06	-240.00
336.06	-229.34
336.07	-215.33
336.07	-224.00
336.07	-222.00
336.07	-212.00
336.07	-206.67
336.07	-229.34
336.07	-214.67
336.07	-218.00
336.07	-228.66
336.08	-203.33
336.08	-210.00
336.08	-212.00
336.08	-227.33
336.08	-227.33
336.08	-226.67
336.08	-229.34
336.08	-218.00
336.09	-238.66
336.09	-238.66
336.09	-224.00
336.09	-233.33
336.09	-236.00
336.09	-230.66
336.09	-208.00
336.09	-232.00
336.09	-230.00
336.10	-226.00
336.10	-223.33
336.10	-226.67
336.10	-212.67
336.10	-230.00
336.10	-235.33
336.10	-211.34
336.10	-212.67
336.11	-219.34
336.11	-214.00
336.11	-208.00
336.11	-220.00
336.11	-224.67
336.11	-227.33
336.11	-217.33
336.11	-232.00
336.12	-232.00
336.12	-220.00
336.12	-234.67
336.12	-232.00
336.12	-204.67
336.12	-200.66
336.12	-208.00
336.12	-204.00
336.12	-216.00
336.13	-238.00
336.13	-210.00
336.13	-216.00
336.13	-226.00
336.13	-207.33
336.13	-218.00
336.13	-234.67
336.13	-237.33
336.14	-220.66
336.14	-235.33
336.14	-228.66
336.14	-211.34
336.14	-226.00
336.14	-235.33
336.14	-234.67
336.14	-239.34
336.15	-240.00
336.15	-224.67
336.15	-225.33
336.15	-239.34
336.15	-230.66
336.15	-205.33
336.15	-215.33
336.15	-224.00
336.15	-219.34
336.16	-216.67
336.16	-228.66
336.16	-236.00
336.16	-224.00
336.16	-212.00
336.16	-202.00
336.16	-213.33
336.16	-228.66
336.17	-220.00
336.17	-214.00
336.17	-230.00
336.17	-218.66
336.17	-200.00
336.17	-208.66
336.17	-218.66
336.17	-218.66
336.17	-226.00
336.18	-234.00
336.18	-212.00
336.18	-211.34
336.18	-210.66
336.18	-200.00
336.18	-208.66
336.18	-222.67
336.18	-225.33
336.19	-215.33
336.19	-212.00
336.19	-231.34
336.19	-234.67
336.19	-233.33
336.19	-216.67
336.19	-219.34
336.19	-228.00
336.20	-236.00
336.20	-238.00
336.20	-223.33
336.20	-226.67
336.20	-229.34
336.20	-204.00
336.20	-218.00
336.20	-237.33
336.20	-214.67
336.21	-216.00
336.21	-214.00
336.21	-206.00
336.21	-224.00
336.21	-229.34
336.21	-233.33
336.21	-221.34
336.21	-238.00
336.22	-237.33
336.22	-218.00
336.22	-224.00
336.22	-218.00
336.22	-215.33
336.22	-219.34
336.22	-237.33
336.22	-208.66
336.22	-202.00
336.23	-218.66
336.23	-222.67
336.23	-219.34
336.23	-226.67
336.23	-236.00
336.23	-229.34
336.23	-226.67
336.23	-228.66
336.24	-221.34
336.24	-222.00
336.24	-236.00
336.24	-233.33
336.24	-221.34
336.24	-212.00
336.24	-224.00
336.24	-205.33
336.25	-201.34
336.25	-215.33
336.25	-225.33
336.25	-206.67
336.25	-226.00
336.25	-221.34
336.25	-231.34
336.25	-232.00
336.25	-217.33
336.26	-205.33
336.26	-207.33
336.26	-212.67
336.26	-219.34
336.26	-205.33
336.26	-222.67
336.26	-231.34
336.26	-223.33
336.27	-224.67
336.27	-230.66
336.27	-213.33
336.27	-224.67
336.27	-204.67
336.27	-202.67
336.27	-209.34
336.27	-208.00
336.27	-204.00
336.28	-208.00
336.28	-216.67
336.28	-206.67
336.28	-206.67
336.28	-201.34
336.28	-218.66
336.28	-232.00
336.28	-214.67
336.29	-207.33
336.29	-216.00
336.29	-200.66
336.29	-204.67
336.29	-222.67
336.29	-236.67
336.29	-232.00
336.29	-212.67
336.30	-214.67
336.30	-210.66
336.30	-227.33
336.30	-209.34
336.30	-217.33
336.30	-224.67
336.30	-207.33
336.30	-214.67
336.30	-236.00
336.31	-230.00
336.31	-218.66
336.31	-234.67
336.31	-249.34
336.31	-234.67
336.31	-230.00
336.31	-216.67
336.31	-229.34
336.32	-243.33
336.32	-237.33
336.32	-238.00
336.32	-238.00
336.32	-228.00
336.32	-214.00
336.32	-212.00
336.32	-236.00
336.33	-236.00
336.33	-230.00
336.33	-229.34
336.33	-220.66
336.33	-206.67
336.33	-218.00
336.33	-228.00
336.33	-224.00
336.33	-212.67
336.34	-205.33
336.34	-210.00
336.34	-211.34
336.34	-212.00
336.34	-201.34
336.34	-208.00
336.34	-210.66
336.34	-213.33
336.35	-208.66
336.35	-225.33
336.35	-252.67
336.35	-233.33
336.35	-220.00
336.35	-212.67
336.35	-204.00
336.35	-238.66
336.35	-240.00
336.36	-240.00
336.36	-231.34
336.36	-239.34
336.36	-223.33
336.36	-221.34
336.36	-226.00
336.36	-239.34
336.36	-236.00
336.37	-224.00
336.37	-220.66
336.37	-214.67
336.37	-222.00
336.37	-221.34
336.37	-206.00
336.37	-201.34
336.37	-207.33
336.38	-207.33
336.38	-203.33
336.38	-208.66
336.38	-202.67
336.38	-220.66
336.38	-206.67
336.38	-208.66
336.38	-210.00
336.38	-204.00
336.39	-218.66
336.39	-236.00
336.39	-227.33
336.39	-213.33
336.39	-206.00
336.39	-230.66
336.39	-236.00
336.39	-240.00
336.40	-240.00
336.40	-240.00
336.40	-238.00
336.40	-204.67
336.40	-201.34
336.40	-208.66
336.40	-237.33
336.40	-210.00
336.40	-240.00
336.41	-238.66
336.41	-218.66
336.41	-226.00
336.41	-234.67
336.41	-229.34
336.41	-208.00
336.41	-204.00
336.41	-229.34
336.42	-222.00
336.42	-228.66
336.42	-236.67
336.42	-230.00
336.42	-222.00
336.42	-209.34
336.42	-226.00
336.42	-222.00
336.43	-217.33
336.43	-220.00
336.43	-219.34
336.43	-223.33
336.43	-226.00
336.43	-234.00
336.43	-224.67
336.43	-242.67
336.43	-235.33
336.44	-207.33
336.44	-220.00
336.44	-218.00
336.44	-205.33
336.44	-210.00
336.44	-210.66
336.44	-202.67
336.44	-213.33
336.45	-235.33
336.45	-229.34
336.45	-222.00
336.45	-206.67
336.45	-207.33
336.45	-216.67
336.45	-222.00
336.45	-210.66
336.46	-201.34
336.46	-211.34
336.46	-203.33
336.46	-201.34
336.46	-212.67
336.46	-212.67
336.46	-202.67
336.46	-201.34
336.46	-211.34
336.47	-205.33
336.47	-200.00
336.47	-201.34
336.47	-206.00
336.47	-208.00
336.47	-212.00
336.47	-222.67
336.47	-210.00
336.48	-223.33
336.48	-240.00
336.48	-240.00
336.48	-228.66
336.48	-230.66
336.48	-240.00
336.48	-235.33
336.48	-223.33
336.48	-206.67
336.49	-204.67
336.49	-211.34
336.49	-224.00
336.49	-214.00
336.49	-218.00
336.49	-220.00
336.49	-224.00
336.49	-226.67
336.50	-234.67
336.50	-210.66
336.50	-202.00
336.50	-200.66
336.50	-201.34
336.50	-208.66
336.50	-208.66
336.50	-240.00
336.51	-240.00
336.51	-238.66
336.51	-240.00
336.51	-240.00
336.51	-240.00
336.51	-240.00
336.51	-240.00
336.51	-226.67
336.51	-228.66
336.52	-240.00
336.52	-236.67
336.52	-239.34
336.52	-240.00
336.52	-233.33
336.52	-236.67
336.52	-238.66
336.52	-225.33
336.53	-230.00
336.53	-240.00
336.53	-224.00
336.53	-224.00
336.53	-240.00
336.53	-218.00
336.53	-220.00
336.53	-212.67
336.53	-201.34
336.54	-202.00
336.54	-209.34
336.54	-235.33
336.54	-224.00
336.54	-200.66
336.54	-232.00
336.54	-238.00
336.54	-226.67
336.55	-229.34
336.55	-240.00
336.55	-240.00
336.55	-231.34
336.55	-233.33
336.55	-241.34
336.55	-237.33
336.55	-230.66
336.56	-220.66
336.56	-216.00
336.56	-240.00
336.56	-220.66
336.56	-214.00
336.56	-202.67
336.56	-210.66
336.56	-209.34
336.56	-212.00
336.57	-208.00
336.57	-203.33
336.57	-210.66
336.57	-240.00
336.57	-240.00
336.57	-235.33
336.57	-226.00
336.57	-206.67
336.58	-206.67
336.58	-212.00
336.58	-217.33
336.58	-211.34
336.58	-206.00
336.58	-221.34
336.58	-215.33
336.58	-209.34
336.58	-218.66
336.59	-218.00
336.59	-224.00
336.59	-216.00
336.59	-226.00
336.59	-210.66
336.59	-202.00
336.59	-206.67
336.59	-210.00
336.60	-200.66
336.60	-208.66
336.60	-215.33
336.60	-206.67
336.60	-200.00
336.60	-202.67
336.60	-208.00
336.60	-203.33
336.61	-228.00
336.61	-240.00
336.61	-210.66
336.61	-204.67
336.61	-224.67
336.61	-209.34
336.61	-200.00
336.61	-233.33
336.61	-238.00
336.62	-240.00
336.62	-239.34
336.62	-240.00
336.62	-240.00
336.62	-230.00
336.62	-224.67
336.62	-212.67
336.62	-202.67
336.63	-204.00
336.63	-200.66
336.63	-214.67
336.63	-239.34
336.63	-240.00
336.63	-238.00
336.63	-238.66
336.63	-201.34
336.64	-216.67
336.64	-222.00
336.64	-202.00
336.64	-204.00
336.64	-202.67
336.64	-201.34
336.64	-206.67
336.64	-240.00
336.64	-222.67
336.65	-224.00
336.65	-238.66
336.65	-240.00
336.65	-240.00
336.65	-240.00
336.65	-240.00
336.65	-240.00
336.65	-240.00
336.66	-240.00
336.66	-240.00
336.66	-240.00
336.66	-238.66
336.66	-238.66
336.66	-240.00
336.66	-233.33
336.66	-212.67
336.66	-206.67
336.67	-240.00
336.67	-240.00
336.67	-240.00
336.67	-239.34
336.67	-240.00
336.67	-228.00
336.67	-227.33
336.67	-239.34
336.68	-240.00
336.68	-240.00
336.68	-230.66
336.68	-240.00
336.68	-239.34
336.68	-227.33
336.68	-240.00
336.68	-219.34
336.69	-212.67
336.69	-216.67
336.69	-204.67
336.69	-204.00
336.69	-212.00
336.69	-215.33
336.69	-217.33
336.69	-240.00
336.69	-240.00
336.70	-240.00
336.70	-232.67
336.70	-238.00
336.70	-202.67
336.70	-204.67
336.70	-238.00
336.70	-240.00
336.70	-240.00
336.71	-240.00
336.71	-240.00
336.71	-236.00
336.71	-230.66
336.71	-240.00
336.71	-239.34
336.71	-235.33
336.71	-230.66
336.71	-240.00
336.72	-229.34
336.72	-217.33
336.72	-236.00
336.72	-240.00
336.72	-238.66
336.72	-240.00
336.72	-240.00
336.72	-208.66
336.73	-210.66
336.73	-228.66
336.73	-206.67
336.73	-208.00
336.73	-206.00
336.73	-220.00
336.73	-205.33
336.73	-240.00
336.74	-230.00
336.74	-202.67
336.74	-200.00
336.74	-217.33
336.74	-220.66
336.74	-215.33
336.74	-234.00
336.74	-232.00
336.74	-238.66
336.75	-240.00
336.75	-240.00
336.75	-240.00
336.75	-240.00
336.75	-230.66
336.75	-204.00
336.75	-212.00
336.75	-205.33
336.76	-212.00
336.76	-230.00
336.76	-238.66
336.76	-232.00
336.76	-221.34
336.76	-239.34
336.76	-232.00
336.76	-202.00
336.76	-238.00
336.77	-238.00
336.77	-201.34
336.77	-200.00
336.77	-210.00
336.77	-205.33
336.77	-228.00
336.77	-239.34
336.77	-236.67
336.78	-233.33
336.78	-236.00
336.78	-230.66
336.78	-209.34
336.78	-232.00
336.78	-227.33
336.78	-208.66
336.78	-226.67
336.79	-236.00
336.79	-218.66
336.79	-224.67
336.79	-238.66
336.79	-240.00
336.79	-206.67
336.79	-220.66
336.79	-219.34
336.79	-218.00
336.80	-238.66
336.80	-223.33
336.80	-214.67
336.80	-200.66
336.80	-210.00
336.80	-200.00
336.80	-206.00
336.80	-234.00
336.81	-233.33
336.81	-227.33
336.81	-238.00
336.81	-240.00
336.81	-212.67
336.81	-216.67
336.81	-214.00
336.81	-215.33
336.82	-205.33
336.82	-208.00
336.82	-227.33
336.82	-240.00
336.82	-240.00
336.82	-240.00
336.82	-233.33
336.82	-200.66
336.82	-204.00
336.83	-200.00
336.83	-200.66
336.83	-201.34
336.83	-224.00
336.83	-219.34
336.83	-230.00
336.83	-227.33
336.83	-206.67
336.84	-200.66
336.84	-203.33
336.84	-238.66
336.84	-240.00
336.84	-240.00
336.84	-228.66
336.84	-230.00
336.84	-214.00
336.84	-208.00
336.85	-208.00
336.85	-223.33
336.85	-217.33
336.85	-200.00
336.85	-207.33
336.85	-223.33
336.85	-218.00
336.85	-230.66
336.86	-240.00
336.86	-218.66
336.86	-210.00
336.86	-200.66
336.86	-200.00
336.86	-200.66
336.86	-216.67
336.86	-204.00
336.87	-200.00
336.87	-224.00
336.87	-212.67
336.87	-207.33
336.87	-200.66
336.87	-201.34
336.87	-200.66
336.87	-209.34
336.87	-208.00
336.88	-203.33
336.88	-207.33
336.88	-206.67
336.88	-200.00
336.88	-202.67
336.88	-200.00
336.88	-212.67
336.88	-226.00
336.89	-203.33
336.89	-200.00
336.89	-200.00
336.89	-188.00
336.89	-202.67
336.89	-227.33
336.89	-222.00
336.89	-235.33
336.89	-219.34
336.90	-218.00
336.90	-235.33
336.90	-203.33
336.90	-203.33
336.90	-218.66
336.90	-202.67
336.90	-200.00
336.90	-200.00
336.91	-221.34
336.91	-204.00
336.91	-200.00
336.91	-212.00
336.91	-200.00
336.91	-206.67
336.91	-200.00
336.91	-202.00
336.92	-199.34
336.92	-186.00
336.92	-198.00
336.92	-200.00
336.92	-201.34
336.92	-202.00
336.92	-211.34
336.92	-204.00
336.92	-200.00
336.93	-200.00
336.93	-200.00
336.93	-211.34
336.93	-210.66
336.93	-204.00
336.93	-197.33
336.93	-200.00
336.93	-200.00
336.94	-200.00
336.94	-200.00
336.94	-200.00
336.94	-200.00
336.94	-200.66
336.94	-202.00
336.94	-212.67
336.94	-207.33
336.95	-202.67
336.95	-200.00
336.95	-200.00
336.95	-200.00
336.95	-200.66
336.95	-198.00
336.95	-190.00
336.95	-202.00
336.95	-205.33
336.96	-200.66
336.96	-200.00
336.96	-200.00
336.96	-191.34
336.96	-178.00
336.96	-191.34
336.96	-200.00
336.96	-200.00
336.97	-196.00
336.97	-186.00
336.97	-200.00
336.97	-198.66
336.97	-200.00
336.97	-192.67
336.97	-200.00
336.97	-199.34
336.97	-199.34
336.98	-200.00
336.98	-200.00
336.98	-190.66
336.98	-200.00
336.98	-200.00
336.98	-200.00
336.98	-200.66
336.98	-200.00
336.99	-195.33
336.99	-189.34
336.99	-188.00
336.99	-183.33
336.99	-170.00
336.99	-179.34
336.99	-188.00
336.99	-177.33
337.00	-184.67
337.00	-198.66
337.00	-199.34
337.00	-187.33
337.00	-200.00
337.00	-195.33
337.00	-199.34
337.00	-194.67
337.00	-198.00
337.01	-190.66
337.01	-163.33
337.01	-164.67
337.01	-162.00
337.01	-175.33
337.01	-196.67
337.01	-191.34
337.01	-172.67
337.02	-190.00
337.02	-163.33
337.02	-195.33
337.02	-196.00
337.02	-198.66
337.02	-200.00
337.02	-202.00
337.02	-198.66
337.02	-200.00
337.03	-198.66
337.03	-198.00
337.03	-168.66
337.03	-160.00
337.03	-161.34
337.03	-164.00
337.03	-178.00
337.03	-193.33
337.04	-189.34
337.04	-170.66
337.04	-174.67
337.04	-192.00
337.04	-191.34
337.04	-160.00
337.04	-159.34
337.04	-151.34
337.05	-159.34
337.05	-181.34
337.05	-174.67
337.05	-160.66
337.05	-160.66
337.05	-160.00
337.05	-160.00
337.05	-169.34
337.05	-163.33
337.06	-162.00
337.06	-160.00
337.06	-161.34
337.06	-180.00
337.06	-174.67
337.06	-186.00
337.06	-184.67
337.06	-160.66
337.07	-188.66
337.07	-200.00
337.07	-186.00
337.07	-186.67
337.07	-165.33
337.07	-160.00
337.07	-160.66
337.07	-160.00
337.07	-155.33
337.08	-157.33
337.08	-180.00
337.08	-188.66
337.08	-163.33
337.08	-172.00
337.08	-160.00
337.08	-157.33
337.08	-160.00
337.09	-160.00
337.09	-160.00
337.09	-160.00
337.09	-160.00
337.09	-160.00
337.09	-158.66
337.09	-176.00
337.09	-169.34
337.10	-160.00
337.10	-160.00
337.10	-160.66
337.10	-162.00
337.10	-165.33
337.10	-157.33
337.10	-142.67
337.10	-147.33
337.10	-159.34
337.11	-159.34
337.11	-160.00
337.11	-162.00
337.11	-160.00
337.11	-160.00
337.11	-159.34
337.11	-154.67
337.11	-144.00
337.12	-147.33
337.12	-150.00
337.12	-159.34
337.12	-151.34
337.12	-151.34
337.12	-150.00
337.12	-142.67
337.12	-159.34
337.13	-125.33
337.13	-144.67
337.13	-152.00
337.13	-158.66
337.13	-156.67
337.13	-148.00
337.13	-156.00
337.13	-156.67
337.13	-160.00
337.14	-156.00
337.14	-140.00
337.14	-148.66
337.14	-142.67
337.14	-157.33
337.14	-151.34
337.14	-149.34
337.14	-154.67
337.15	-149.34
337.15	-135.33
337.15	-160.00
337.15	-160.00
337.15	-158.66
337.15	-156.00
337.15	-154.00
337.15	-145.33
337.15	-142.00
337.16	-153.33
337.16	-160.00
337.16	-156.67
337.16	-160.00
337.16	-160.00
337.16	-160.00
337.16	-151.34
337.16	-138.66
337.17	-130.00
337.17	-156.00
337.17	-154.67
337.17	-160.00
337.17	-160.00
337.17	-160.00
337.17	-158.00
337.17	-160.00
337.18	-160.00
337.18	-150.66
337.18	-160.00
337.18	-151.34
337.18	-159.34
337.18	-160.00
337.18	-160.00
337.18	-157.33
337.18	-139.34
337.19	-158.66
337.19	-158.00
337.19	-130.66
337.19	-117.33
337.19	-136.00
337.19	-135.33
337.19	-118.66
337.19	-142.00
337.20	-127.33
337.20	-122.67
337.20	-126.00
337.20	-156.00
337.20	-132.00
337.20	-106.67
337.20	-134.67
337.20	-124.00
337.20	-106.67
337.21	-110.00
337.21	-131.34
337.21	-142.67
337.21	-160.00
337.21	-145.33
337.21	-120.66
337.21	-120.00
337.21	-118.66
337.22	-138.66
337.22	-139.34
337.22	-150.66
337.22	-146.00
337.22	-158.66
337.22	-147.33
337.22	-120.00
337.22	-126.00
337.23	-138.00
337.23	-120.00
337.23	-112.00
337.23	-120.00
337.23	-138.66
337.23	-126.67
337.23	-118.00
337.23	-115.33
337.23	-110.00
337.24	-106.00
337.24	-106.00
337.24	-106.00
337.24	-102.67
337.24	-105.33
337.24	-104.00
337.24	-102.67
337.24	-100.66
337.25	-100.66
337.25	-100.66
337.25	-100.00
337.25	-108.00
337.25	-108.00
337.25	-114.00
337.25	-104.67
337.25	-100.00
337.26	-94.67
337.26	-98.66
337.26	-100.66
337.26	-99.34
337.26	-93.33
337.26	-93.33
337.26	-93.33
337.26	-98.66
337.26	-100.00
337.27	-96.00
337.27	-99.34
337.27	-98.66
337.27	-94.00
337.27	-86.00
337.27	-78.66
337.27	-85.33
337.27	-92.00
337.28	-90.66
337.28	-100.00
337.28	-90.00
337.28	-81.34
337.28	-86.67
337.28	-87.33
337.28	-81.34
337.28	-86.67
337.28	-74.00
337.29	-80.00
337.29	-80.00
337.29	-74.67
337.29	-67.33
337.29	-80.00
337.29	-89.34
337.29	-85.33
337.29	-96.67
337.30	-90.00
337.30	-72.67
337.30	-80.00
337.30	-80.00
337.30	-80.00
337.30	-74.67
337.30	-74.00
337.30	-78.66
337.31	-78.00
337.31	-80.00
337.31	-80.00
337.31	-80.00
337.31	-79.34
337.31	-80.00
337.31	-80.00
337.31	-80.00
337.31	-80.00
337.32	-71.34
337.32	-80.00
337.32	-60.66
337.32	-74.00
337.32	-79.34
337.32	-42.67
337.32	-50.66
337.32	-79.34
337.33	-80.00
337.33	-77.33
337.33	-68.66
337.33	-76.67
337.33	-59.34
337.33	-48.66
337.33	-40.00
337.33	-41.34
337.33	-46.67
337.34	-50.00
337.34	-40.66
337.34	-43.33
337.34	-54.67
337.34	-44.67
337.34	-40.66
337.34	-42.67
337.34	-40.00
337.35	-40.00
337.35	-40.00
337.35	-40.00
337.35	-40.00
337.35	-40.00
337.35	-40.00
337.35	-40.00
337.35	-40.00
337.36	-40.00
337.36	-40.00
337.36	-40.00
337.36	-40.00
337.36	-40.00
337.36	-40.00
337.36	-40.00
337.36	1.33
337.36	0.00
337.37	2.67
337.37	0.00
337.37	0.00
337.37	0.00
337.37	0.00
337.37	0.00
337.37	0.00
337.37	0.00
337.38	0.00
337.38	25.33
337.38	0.67
337.38	10.00
337.38	23.33
337.38	6.67
337.38	3.33
337.38	2.00
337.38	3.33
337.39	21.33
337.39	8.00
337.39	0.67
337.39	6.00
337.39	24.67
337.39	40.00
337.39	40.00
337.39	40.00
337.40	41.33
337.40	43.33
337.40	49.33
337.40	42.67
337.40	40.00
337.40	40.00
337.40	40.00
337.40	42.67
337.41	40.00
337.41	40.00
337.41	48.00
337.41	50.00
337.41	64.67
337.41	54.00
337.41	53.33
337.41	72.00
337.41	80.00
337.42	80.00
337.42	79.33
337.42	76.67
337.42	70.67
337.42	79.33
337.42	80.67
337.42	82.00
337.42	80.00
337.43	80.00
337.43	80.00
337.43	80.00
337.43	79.33
337.43	80.00
337.43	112.00
337.43	80.00
337.43	84.67
337.44	102.00
337.44	102.67
337.44	110.67
337.44	120.00
337.44	120.00
337.44	120.00
337.44	120.00
337.44	120.00
337.44	120.00
337.45	120.00
337.45	120.00
337.45	120.00
337.45	120.00
337.45	124.67
337.45	122.67
337.45	120.00
337.45	120.00
337.46	120.00
337.46	122.67
337.46	155.33
337.46	137.33
337.46	143.33
337.46	160.00
337.46	160.67
337.46	160.00
337.46	160.00
337.47	160.67
337.47	160.00
337.47	169.33
337.47	160.67
337.47	160.00
337.47	186.67
337.47	180.00
337.47	191.33
337.48	200.00
337.48	202.67
337.48	202.67
337.48	203.33
337.48	200.00
337.48	201.33
337.48	206.00
337.48	202.67
337.49	206.67
337.49	226.67
337.49	236.00
337.49	240.00
337.49	248.67
337.49	240.00
337.49	240.00
337.49	240.00
337.49	240.00
337.50	246.00
337.50	258.00
337.50	243.33
337.50	262.67
337.50	275.33
337.50	277.33
337.50	280.00
337.50	280.00
337.51	280.00
337.51	280.00
337.51	280.00
337.51	280.00
337.51	280.00
337.51	280.00
337.51	280.00
337.51	291.33
337.51	305.33
337.52	320.00
337.52	302.67
337.52	320.00
337.52	320.00
337.52	339.33
337.52	358.00
337.52	360.00
337.52	360.00
337.53	360.67
337.53	364.00
337.53	362.00
337.53	363.33
337.53	376.00
337.53	376.67
337.53	398.67
337.53	400.00
337.54	400.00
337.54	400.00
337.54	400.00
337.54	400.00
337.54	425.33
337.54	412.67
337.54	440.00
337.54	440.00
337.54	440.00
337.55	440.00
337.55	440.00
337.55	440.00
337.55	440.00
337.55	440.00
337.55	441.33
337.55	469.33
337.55	480.00
337.56	487.33
337.56	509.33
337.56	512.67
337.56	518.00
337.56	520.00
337.56	520.00
337.56	531.33
337.56	531.33
337.56	553.33
337.57	558.67
337.57	560.00
337.57	560.00
337.57	578.00
337.57	592.67
337.57	596.00
337.57	600.00
337.57	600.00
337.58	600.00
337.58	600.00
337.58	610.67
337.58	618.67
337.58	636.67
337.58	641.33
337.58	640.67
337.58	651.33
337.59	679.33
337.59	680.00
337.59	690.00
337.59	702.00
337.59	717.33
337.59	720.00
337.59	720.00
337.59	720.00
337.59	724.00
337.60	760.00
337.60	760.00
337.60	760.00
337.60	760.00
337.60	760.00
337.60	770.00
337.60	784.67
337.60	800.67
337.61	808.00
337.61	838.67
337.61	840.00
337.61	840.67
337.61	841.33
337.61	879.33
337.61	880.00
337.61	886.67
337.62	920.00
337.62	920.00
337.62	920.00
337.62	922.67
337.62	952.00
337.62	961.33
337.62	960.00
337.62	960.00
337.62	994.67
337.63	1000.67
337.63	1006.67
337.63	1035.33
337.63	1040.00
337.63	1056.00
337.63	1073.33
337.63	1080.00
337.63	1080.00
337.64	1084.67
337.64	1109.33
337.64	1118.67
337.64	1144.67
337.64	1160.67
337.64	1167.33
337.64	1174.67
337.64	1190.00
337.64	1200.00
337.65	1200.67
337.65	1235.33
337.65	1240.00
337.65	1250.00
337.65	1280.00
337.65	1293.33
337.65	1316.00
337.65	1320.00
337.66	1334.67
337.66	1361.33
337.66	1382.67
337.66	1392.67
337.66	1406.67
337.66	1429.33
337.66	1455.33
337.66	1480.00
337.67	1497.33
337.67	1509.33
337.67	1520.00
337.67	1523.33
337.67	1560.00
337.67	1560.00
337.67	1596.00
337.67	1600.67
337.67	1636.00
337.68	1640.67
337.68	1666.00
337.68	1680.67
337.68	1712.67
337.68	1720.00
337.68	1724.00
337.68	1780.67
337.68	1800.00
337.69	1802.67
337.69	1836.67
337.69	1861.33
337.69	1886.00
337.69	1912.00
337.69	1920.00
337.69	1957.33
337.69	1961.33
337.69	1992.00
337.70	2037.33
337.70	2040.00
337.70	2043.33
337.70	2081.33
337.70	2118.00
337.70	2154.00
337.70	2166.67
337.70	2199.33
337.71	2200.00
337.71	2232.67
337.71	2258.67
337.71	2283.33
337.71	2303.33
337.71	2342.00
337.71	2370.67
337.71	2408.00
337.72	2446.00
337.72	2470.00
337.72	2495.33
337.72	2520.00
337.72	2534.00
337.72	2592.00
337.72	2632.00
337.72	2653.33
337.72	2681.33
337.73	2704.67
337.73	2752.00
337.73	2788.67
337.73	2807.33
337.73	2840.00
337.73	2870.00
337.73	2890.00
337.73	2939.33
337.74	2991.33
337.74	3000.00
337.74	3030.67
337.74	3077.33
337.74	3110.67
337.74	3153.33
337.74	3172.00
337.74	3206.67
337.75	3240.67
337.75	3276.67
337.75	3326.00
337.75	3362.00
337.75	3404.00
337.75	3452.67
337.75	3480.00
337.75	3499.33
337.75	3557.33
337.76	3584.00
337.76	3624.00
337.76	3664.00
337.76	3712.67
337.76	3759.33
337.76	3798.67
337.76	3810.67
337.76	3866.67
337.77	3890.67
337.77	3939.33
337.77	3960.00
337.77	3988.00
337.77	4048.00
337.77	4095.33
337.77	4120.00
337.77	4181.33
337.77	4208.00
337.78	4251.33
337.78	4284.67
337.78	4337.33
337.78	4376.00
337.78	4429.33
337.78	4454.67
337.78	4504.00
337.78	4544.67
337.79	4592.00
337.79	4620.00
337.79	4651.33
337.79	4703.33
337.79	4757.33
337.79	4761.33
337.79	4819.33
337.79	4852.67
337.80	4892.00
337.80	4924.67
337.80	4958.00
337.80	4996.67
337.80	5031.33
337.80	5068.00
337.80	5085.33
337.80	5118.67
337.80	5160.67
337.81	5193.33
337.81	5238.67
337.81	5240.00
337.81	5293.33
337.81	5320.00
337.81	5331.33
337.81	5360.67
337.81	5392.00
337.82	5404.00
337.82	5448.67
337.82	5472.67
337.82	5486.00
337.82	5513.33
337.82	5520.00
337.82	5535.33
337.82	5554.67
337.82	5560.00
337.83	5560.67
337.83	5591.33
337.83	5600.00
337.83	5601.33
337.83	5600.67
337.83	5600.67
337.83	5599.33
337.83	5593.33
337.84	5588.00
337.84	5560.67
337.84	5560.00
337.84	5560.00
337.84	5559.33
337.84	5522.00
337.84	5520.00
337.84	5499.33
337.85	5474.00
337.85	5440.67
337.85	5410.67
337.85	5391.33
337.85	5360.67
337.85	5320.67
337.85	5280.67
337.85	5242.00
337.85	5178.00
337.86	5160.00
337.86	5118.67
337.86	5054.00
337.86	5002.67
337.86	4935.33
337.86	4854.67
337.86	4824.00
337.86	4740.00
337.87	4667.33
337.87	4600.00
337.87	4516.00
337.87	4450.00
337.87	4368.67
337.87	4273.33
337.87	4215.33
337.87	4085.33
337.87	3974.00
337.88	3909.33
337.88	3768.67
337.88	3677.33
337.88	3590.00
337.88	3450.00
337.88	3376.67
337.88	3254.00
337.88	3126.00
337.89	3043.33
337.89	2893.33
337.89	2768.00
337.89	2658.00
337.89	2496.67
337.89	2390.67
337.89	2262.00
337.89	2090.67
337.90	1986.00
337.90	1810.00
337.90	1653.33
337.90	1551.33
337.90	1367.33
337.90	1239.33
337.90	1104.00
337.90	916.00
337.90	787.33
337.91	636.67
337.91	471.33
337.91	363.33
337.91	191.33
337.91	44.00
337.91	-88.00
337.91	-283.33
337.91	-413.33
337.92	-555.33
337.92	-755.33
337.92	-852.00
337.92	-1023.33
337.92	-1174.67
337.92	-1283.33
337.92	-1469.34
337.92	-1602.00
337.93	-1724.67
337.93	-1898.66
337.93	-2016.00
337.93	-2172.00
337.93	-2336.00
337.93	-2426.67
337.93	-2594.00
337.93	-2724.67
337.93	-2840.66
337.94	-3008.00
337.94	-3127.33
337.94	-3254.00
337.94	-3400.00
337.94	-3492.00
337.94	-3622.67
337.94	-3749.34
337.94	-3842.00
337.95	-3968.00
337.95	-4055.33
337.95	-4151.34
337.95	-4284.67
337.95	-4370.66
337.95	-4460.66
337.95	-4568.00
337.95	-4624.67
337.95	-4734.00
337.96	-4820.66
337.96	-4872.00
337.96	-4976.67
337.96	-5043.33
337.96	-5106.00
337.96	-5180.66
337.96	-5249.34
337.96	-5312.67
337.97	-5371.34
337.97	-5416.67
337.97	-5475.33
337.97	-5515.33
337.97	-5560.66
337.97	-5600.66
337.97	-5646.00
337.97	-5692.00
337.98	-5742.00
337.98	-5755.33
337.98	-5796.67
337.98	-5831.34
337.98	-5845.33
337.98	-5884.67
337.98	-5914.00
337.98	-5915.33
337.98	-5946.67
337.99	-5958.66
337.99	-5966.00
337.99	-5991.34
337.99	-5998.00
337.99	-5985.33
337.99	-5990.66
337.99	-5980.00
337.99	-5975.33
338.00	-5972.00
338.00	-5994.67
338.00	-5960.66
338.00	-5964.67
338.00	-5997.33
338.00	-5984.67
338.00	-5959.34
338.00	-5922.67
338.00	-5916.67
338.01	-5914.00
338.01	-5865.33
338.01	-5858.66
338.01	-5837.33
338.01	-5832.67
338.01	-5816.67
338.01	-5770.00
338.01	-5723.33
338.02	-5724.00
338.02	-5672.00
338.02	-5646.00
338.02	-5626.00
338.02	-5592.00
338.02	-5584.00
338.02	-5555.33
338.02	-5506.00
338.03	-5488.66
338.03	-5444.67
338.03	-5402.00
338.03	-5382.67
338.03	-5326.00
338.03	-5301.34
338.03	-5266.00
338.03	-5232.67
338.03	-5197.33
338.04	-5142.67
338.04	-5104.67
338.04	-5080.00
338.04	-5024.00
338.04	-5001.34
338.04	-4974.00
338.04	-4920.00
338.04	-4879.34
338.05	-4847.33
338.05	-4805.33
338.05	-4762.67
338.05	-4714.67
338.05	-4671.34
338.05	-4634.00
338.05	-4601.34
338.05	-4575.33
338.05	-4530.00
338.06	-4500.66
338.06	-4456.00
338.06	-4422.00
338.06	-4371.34
338.06	-4346.67
338.06	-4300.66
338.06	-4278.66
338.06	-4226.00
338.07	-4200.00
338.07	-4165.33
338.07	-4119.34
338.07	-4079.34
338.07	-4041.34
338.07	-4002.00
338.07	-3974.00
338.07	-3925.33
338.08	-3871.34
338.08	-3840.00
338.08	-3819.34
338.08	-3772.67
338.08	-3731.34
338.08	-3708.00
338.08	-3669.34
338.08	-3642.67
338.08	-3606.00
338.09	-3578.00
338.09	-3560.00
338.09	-3514.00
338.09	-3496.00
338.09	-3452.00
338.09	-3404.67
338.09	-3377.33
338.09	-3351.34
338.10	-3326.67
338.10	-3284.67
338.10	-3245.33
338.10	-3202.00
338.10	-3166.67
338.10	-3123.33
338.10	-3089.34
338.10	-3085.33
338.11	-3042.67
338.11	-3038.66
338.11	-2986.00
338.11	-2962.67
338.11	-2948.66
338.11	-2926.67
338.11	-2910.00
338.11	-2850.00
338.11	-2822.00
338.12	-2790.00
338.12	-2772.67
338.12	-2760.00
338.12	-2729.34
338.12	-2702.67
338.12	-2682.00
338.12	-2668.66
338.12	-2636.67
338.13	-2605.33
338.13	-2584.67
338.13	-2546.67
338.13	-2520.66
338.13	-2496.67
338.13	-2477.33
338.13	-2450.66
338.13	-2418.00
338.13	-2399.34
338.14	-2376.00
338.14	-2360.00
338.14	-2345.33
338.14	-2324.00
338.14	-2319.34
338.14	-2283.33
338.14	-2267.33
338.14	-2226.67
338.15	-2214.00
338.15	-2200.00
338.15	-2178.66
338.15	-2153.33
338.15	-2141.34
338.15	-2120.00
338.15	-2081.34
338.15	-2066.67
338.16	-2080.00
338.16	-2050.66
338.16	-2040.00
338.16	-2035.33
338.16	-1990.66
338.16	-1981.34
338.16	-1975.33
338.16	-1957.33
338.16	-1927.33
338.17	-1886.67
338.17	-1886.00
338.17	-1872.00
338.17	-1851.34
338.17	-1838.66
338.17	-1824.00
338.17	-1804.67
338.17	-1800.00
338.18	-1770.66
338.18	-1760.66
338.18	-1756.00
338.18	-1752.67
338.18	-1730.00
338.18	-1717.33
338.18	-1700.00
338.18	-1670.66
338.18	-1673.33
338.19	-1663.33
338.19	-1642.67
338.19	-1640.00
338.19	-1640.00
338.19	-1600.00
338.19	-1570.00
338.19	-1562.00
338.19	-1559.34
338.20	-1554.00
338.20	-1550.00
338.20	-1531.34
338.20	-1502.67
338.20	-1520.00
338.20	-1495.33
338.20	-1480.00
338.20	-1470.66
338.21	-1440.00
338.21	-1428.66
338.21	-1434.00
338.21	-1440.00
338.21	-1437.33
338.21	-1406.00
338.21	-1402.00
338.21	-1400.00
338.21	-1363.33
338.22	-1346.67
338.22	-1356.67
338.22	-1346.67
338.22	-1320.00
338.22	-1307.33
338.22	-1280.00
338.22	-1280.00
338.22	-1280.00
338.23	-1280.00
338.23	-1274.00
338.23	-1246.67
338.23	-1244.67
338.23	-1241.34
338.23	-1240.00
338.23	-1240.00
338.23	-1222.67
338.24	-1186.00
338.24	-1200.00
338.24	-1186.00
338.24	-1189.34
338.24	-1199.34
338.24	-1171.34
338.24	-1154.00
338.24	-1122.67
338.24	-1117.33
338.25	-1120.66
338.25	-1112.67
338.25	-1122.67
338.25	-1112.67
338.25	-1115.33
338.25	-1119.34
338.25	-1098.00
338.25	-1072.67
338.26	-1062.67
338.26	-1060.00
338.26	-1048.00
338.26	-1034.00
338.26	-1030.00
338.26	-1028.66
338.26	-1026.00
338.26	-1029.34
338.26	-1032.67
338.27	-1009.34
338.27	-1000.00
338.27	-1000.00
338.27	-1000.00
338.27	-1000.00
338.27	-1000.00
338.27	-1000.00
338.27	-985.33
338.28	-959.34
338.28	-946.67
338.28	-946.67
338.28	-956.00
338.28	-951.34
338.28	-920.00
338.28	-920.00
338.28	-920.00
338.29	-904.67
338.29	-896.67
338.29	-883.33
338.29	-869.34
338.29	-880.00
338.29	-874.67
338.29	-860.00
338.29	-873.33
338.29	-867.33
338.30	-860.00
338.30	-864.00
338.30	-871.34
338.30	-862.00
338.30	-846.00
338.30	-833.33
338.30	-832.00
338.30	-834.00
338.31	-833.33
338.31	-810.00
338.31	-806.00
338.31	-800.00
338.31	-799.34
338.31	-794.67
338.31	-793.33
338.31	-798.66
338.31	-800.00
338.32	-794.67
338.32	-798.66
338.32	-798.00
338.32	-791.34
338.32	-770.00
338.32	-760.00
338.32	-768.00
338.32	-769.34
338.33	-758.66
338.33	-759.34
338.33	-742.00
338.33	-734.67
338.33	-751.34
338.33	-741.34
338.33	-728.00
338.33	-744.00
338.34	-728.00
338.34	-715.33
338.34	-706.67
338.34	-708.66
338.34	-710.66
338.34	-716.67
338.34	-714.67
338.34	-720.00
338.34	-694.00
338.35	-692.67
338.35	-686.00
338.35	-677.33
338.35	-683.33
338.35	-687.33
338.35	-677.33
338.35	-666.67
338.35	-678.66
338.36	-670.66
338.36	-664.67
338.36	-676.67
338.36	-676.67
338.36	-662.00
338.36	-660.00
338.36	-659.34
338.36	-636.67
338.36	-646.00
338.37	-652.67
338.37	-630.66
338.37	-608.66
338.37	-624.67
338.37	-624.00
338.37	-621.34
338.37	-610.00
338.37	-620.66
338.38	-639.34
338.38	-640.00
338.38	-640.00
338.38	-635.33
338.38	-633.33
338.38	-630.00
338.38	-623.33
338.38	-628.66
338.39	-600.66
338.39	-600.00
338.39	-600.00
338.39	-600.00
338.39	-601.34
338.39	-600.00
338.39	-598.00
338.39	-598.00
338.39	-599.34
338.40	-574.67
338.40	-573.33
338.40	-567.33
338.40	-574.00
338.40	-582.67
338.40	-569.34
338.40	-552.00
338.40	-546.67
338.41	-556.00
338.41	-547.33
338.41	-554.67
338.41	-566.00
338.41	-548.00
338.41	-540.66
338.41	-548.00
338.41	-545.33
338.42	-549.34
338.42	-541.34
338.42	-542.67
338.42	-540.00
338.42	-552.00
338.42	-560.00
338.42	-550.00
338.42	-548.66
338.42	-552.00
338.43	-547.33
338.43	-531.34
338.43	-520.00
338.43	-525.33
338.43	-526.00
338.43	-520.00
338.43	-520.00
338.43	-521.34
338.44	-520.66
338.44	-520.66
338.44	-512.00
338.44	-510.66
338.44	-509.34
338.44	-520.00
338.44	-519.34
338.44	-519.34
338.44	-494.67
338.45	-482.67
338.45	-480.00
338.45	-504.67
338.45	-497.33
338.45	-513.33
338.45	-512.00
338.45	-490.66
338.45	-482.67
338.46	-480.00
338.46	-470.66
338.46	-465.33
338.46	-469.34
338.46	-474.67
338.46	-476.00
338.46	-466.00
338.46	-478.66
338.47	-468.00
338.47	-466.00
338.47	-473.33
338.47	-472.67
338.47	-479.34
338.47	-476.00
338.47	-472.00
338.47	-477.33
338.47	-480.00
338.48	-478.00
338.48	-476.67
338.48	-470.00
338.48	-470.00
338.48	-480.00
338.48	-460.66
338.48	-462.67
338.48	-445.33
338.49	-440.00
338.49	-474.67
338.49	-479.34
338.49	-461.34
338.49	-464.00
338.49	-472.00
338.49	-440.66
338.49	-444.00
338.49	-441.34
338.50	-441.34
338.50	-440.66
338.50	-442.00
338.50	-445.33
338.50	-450.66
338.50	-436.67
338.50	-428.66
338.50	-441.34
338.51	-440.00
338.51	-442.67
338.51	-441.34
338.51	-440.00
338.51	-440.00
338.51	-439.34
338.51	-436.00
338.51	-440.00
338.52	-438.66
338.52	-418.66
338.52	-424.67
338.52	-419.34
338.52	-418.00
338.52	-420.66
338.52	-429.34
338.52	-417.33
338.52	-418.00
338.53	-405.33
338.53	-410.00
338.53	-410.66
338.53	-412.00
338.53	-422.67
338.53	-406.00
338.53	-412.00
338.53	-409.34
338.54	-406.67
338.54	-408.66
338.54	-399.34
338.54	-394.00
338.54	-392.00
338.54	-396.00
338.54	-390.00
338.54	-388.00
338.55	-394.00
338.55	-388.66
338.55	-395.33
338.55	-390.00
338.55	-402.67
338.55	-395.33
338.55	-400.00
338.55	-396.00
338.55	-395.33
338.56	-394.00
338.56	-396.00
338.56	-383.33
338.56	-395.33
338.56	-396.00
338.56	-394.67
338.56	-398.00
338.56	-394.67
338.57	-400.00
338.57	-400.00
338.57	-388.00
338.57	-400.00
338.57	-400.00
338.57	-378.00
338.57	-390.66
338.57	-396.67
338.57	-381.34
338.58	-400.00
338.58	-396.00
338.58	-399.34
338.58	-399.34
338.58	-399.34
338.58	-386.67
338.58	-390.00
338.58	-400.00
338.59	-393.33
338.59	-379.34
338.59	-360.00
338.59	-362.67
338.59	-366.00
338.59	-366.00
338.59	-360.00
338.59	-360.00
338.60	-360.66
338.60	-376.67
338.60	-400.00
338.60	-372.67
338.60	-389.34
338.60	-376.67
338.60	-370.00
338.60	-379.34
338.60	-369.34
338.61	-360.00
338.61	-360.00
338.61	-360.66
338.61	-360.00
338.61	-360.00
338.61	-360.00
338.61	-380.66
338.61	-363.33
338.62	-360.00
338.62	-364.00
338.62	-360.66
338.62	-360.00
338.62	-360.00
338.62	-360.00
338.62	-360.00
338.62	-360.00
338.62	-360.00
338.63	-360.00
338.63	-360.00
338.63	-360.00
338.63	-360.00
338.63	-360.00
338.63	-360.00
338.63	-360.00
338.63	-360.00
338.64	-360.00
338.64	-360.00
338.64	-346.67
338.64	-360.00
338.64	-366.67
338.64	-360.00
338.64	-360.00
338.64	-360.00
338.65	-360.00
338.65	-360.00
338.65	-360.00
338.65	-360.00
338.65	-336.00
338.65	-360.00
338.65	-360.00
338.65	-360.00
338.65	-360.00
338.66	-360.00
338.66	-360.00
338.66	-360.00
338.66	-360.00
338.66	-334.00
338.66	-351.34
338.66	-360.00
338.66	-360.00
338.67	-360.00
338.67	-360.00
338.67	-360.00
338.67	-345.33
338.67	-360.00
338.67	-360.00
338.67	-340.00
338.67	-332.00
338.67	-323.33
338.68	-360.00
338.68	-360.00
338.68	-360.00
338.68	-324.00
338.68	-320.00
338.68	-327.33
338.68	-360.00
338.68	-360.00
338.69	-347.33
338.69	-319.34
338.69	-317.33
338.69	-313.33
338.69	-320.00
338.69	-319.34
338.69	-320.00
338.69	-313.33
338.70	-302.00
338.70	-312.67
338.70	-306.67
338.70	-320.00
338.70	-319.34
338.70	-320.00
338.70	-340.66
338.70	-360.00
338.70	-326.00
338.71	-320.00
338.71	-307.33
338.71	-302.00
338.71	-307.33
338.71	-306.00
338.71	-313.33
338.71	-318.66
338.71	-320.00
338.72	-302.67
338.72	-311.34
338.72	-315.33
338.72	-320.00
338.72	-307.33
338.72	-318.00
338.72	-312.00
338.72	-316.67
338.73	-318.66
338.73	-320.00
338.73	-308.00
338.73	-316.00
338.73	-320.00
338.73	-318.66
338.73	-313.33
338.73	-318.66
338.73	-309.34
338.74	-299.34
338.74	-314.00
338.74	-305.33
338.74	-301.34
338.74	-315.33
338.74	-312.67
338.74	-304.00
338.74	-300.66
338.75	-316.00
338.75	-302.00
338.75	-302.67
338.75	-300.00
338.75	-316.00
338.75	-296.67
338.75	-315.33
338.75	-318.00
338.75	-312.00
338.76	-310.00
338.76	-318.00
338.76	-317.33
338.76	-302.00
338.76	-303.33
338.76	-300.66
338.76	-290.00
338.76	-287.33
338.77	-300.00
338.77	-298.66
338.77	-302.67
338.77	-311.34
338.77	-310.66
338.77	-306.67
338.77	-312.67
338.77	-312.00
338.78	-312.00
338.78	-308.00
338.78	-299.34
338.78	-310.66
338.78	-320.00
338.78	-312.67
338.78	-308.66
338.78	-320.00
338.78	-315.33
338.79	-316.67
338.79	-318.00
338.79	-296.67
338.79	-306.67
338.79	-319.34
338.79	-320.00
338.79	-320.00
338.79	-320.00
338.80	-320.00
338.80	-320.00
338.80	-314.00
338.80	-318.00
338.80	-319.34
338.80	-307.33
338.80	-320.00
338.80	-320.00
338.80	-319.34
338.81	-320.00
338.81	-320.00
338.81	-320.00
338.81	-314.00
338.81	-303.33
338.81	-292.67
338.81	-308.00
338.81	-320.00
338.82	-320.00
338.82	-320.00
338.82	-319.34
338.82	-316.67
338.82	-308.66
338.82	-312.67
338.82	-318.66
338.82	-304.67
338.83	-300.00
338.83	-298.66
338.83	-299.34
338.83	-286.67
338.83	-290.00
338.83	-292.00
338.83	-290.66
338.83	-315.33
338.83	-318.66
338.84	-320.00
338.84	-320.00
338.84	-315.33
338.84	-320.00
338.84	-293.33
338.84	-292.67
338.84	-294.00
338.84	-305.33
338.85	-296.00
338.85	-315.33
338.85	-290.66
338.85	-298.66
338.85	-320.00
338.85	-320.00
338.85	-292.67
338.85	-314.67
338.85	-318.00
338.86	-314.67
338.86	-319.34
338.86	-314.67
338.86	-280.00
338.86	-280.66
338.86	-286.67
338.86	-285.33
338.86	-318.66
338.87	-308.00
338.87	-312.67
338.87	-280.00
338.87	-287.33
338.87	-300.66
338.87	-294.00
338.87	-317.33
338.87	-319.34
338.88	-316.67
338.88	-284.00
338.88	-300.00
338.88	-315.33
338.88	-299.34
338.88	-300.66
338.88	-302.67
338.88	-312.00
338.88	-316.67
338.89	-320.00
338.89	-300.00
338.89	-282.00
338.89	-280.00
338.89	-314.00
338.89	-318.66
338.89	-320.00
338.89	-317.33
338.90	-286.67
338.90	-308.66
338.90	-292.00
338.90	-315.33
338.90	-311.34
338.90	-311.34
338.90	-293.33
338.90	-284.67
338.91	-287.33
338.91	-282.67
338.91	-280.00
338.91	-280.00
338.91	-270.00
338.91	-280.00
338.91	-280.00
338.91	-282.00
338.91	-297.33
338.92	-293.33
338.92	-280.66
338.92	-280.00
338.92	-280.00
338.92	-284.67
338.92	-289.34
338.92	-289.34
338.92	-314.00
338.93	-318.66
338.93	-282.67
338.93	-295.33
338.93	-289.34
338.93	-304.67
338.93	-313.33
338.93	-298.66
338.93	-308.00
338.93	-278.00
338.94	-290.00
338.94	-288.00
338.94	-280.00
338.94	-280.00
338.94	-280.00
338.94	-280.00
338.94	-280.66
338.94	-280.00
338.95	-280.00
338.95	-280.00
338.95	-280.66
338.95	-280.66
338.95	-280.66
338.95	-292.67
338.95	-280.66
338.95	-268.66
338.96	-275.33
338.96	-278.00
338.96	-276.67
338.96	-288.00
338.96	-298.66
338.96	-280.00
338.96	-279.34
338.96	-272.00
338.96	-278.66
338.97	-277.33
338.97	-273.33
338.97	-272.00
338.97	-270.66
338.97	-272.00
338.97	-285.33
338.97	-284.00
338.97	-276.00
338.98	-280.00
338.98	-268.66
338.98	-276.67
338.98	-280.00
338.98	-280.00
338.98	-280.00
338.98	-280.00
338.98	-274.00
338.98	-260.00
338.99	-276.67
338.99	-280.00
338.99	-275.33
338.99	-288.00
338.99	-282.67
338.99	-275.33
338.99	-273.33
338.99	-280.00
339.00	-278.00
339.00	-278.00
339.00	-277.33
339.00	-278.00
339.00	-274.67
339.00	-274.00
339.00	-266.67
339.00	-268.00
339.01	-265.33
339.01	-272.67
339.01	-271.34
339.01	-279.34
339.01	-275.33
339.01	-280.66
339.01	-278.00
339.01	-280.00
339.01	-278.66
339.02	-272.67
339.02	-279.34
339.02	-277.33
339.02	-278.00
339.02	-280.00
339.02	-282.00
339.02	-280.00
339.02	-280.00
339.03	-280.00
339.03	-276.67
339.03	-280.00
339.03	-278.66
339.03	-280.66
339.03	-268.00
339.03	-267.33
339.03	-271.34
339.04	-262.67
339.04	-260.00
339.04	-278.00
339.04	-264.67
339.04	-259.34
339.04	-262.67
339.04	-266.67
339.04	-280.00
339.04	-282.00
339.05	-278.66
339.05	-280.00
339.05	-276.67
339.05	-266.67
339.05	-268.00
339.05	-267.33
339.05	-279.34
339.05	-274.00
339.06	-274.00
339.06	-272.00
339.06	-280.00
339.06	-278.00
339.06	-278.00
339.06	-280.66
339.06	-280.00
339.06	-280.00
339.06	-289.34
339.07	-280.00
339.07	-270.66
339.07	-282.00
339.07	-280.00
339.07	-278.00
339.07	-264.00
339.07	-274.67
339.07	-279.34
339.08	-267.33
339.08	-278.00
339.08	-276.67
339.08	-273.33
339.08	-266.67
339.08	-274.00
339.08	-267.33
339.08	-261.34
339.09	-259.34
339.09	-267.33
339.09	-277.33
339.09	-270.00
339.09	-277.33
339.09	-270.66
339.09	-264.00
339.09	-263.33
339.09	-272.00
339.10	-276.67
339.10	-269.34
339.10	-258.00
339.10	-268.66
339.10	-271.34
339.10	-266.67
339.10	-276.00
339.10	-279.34
339.11	-276.67
339.11	-278.66
339.11	-262.67
339.11	-264.67
339.11	-259.34
339.11	-255.33
339.11	-266.00
339.11	-277.33
339.11	-271.34
339.12	-263.33
339.12	-247.33
339.12	-250.00
339.12	-255.33
339.12	-246.00
339.12	-262.00
339.12	-278.66
339.12	-272.00
339.13	-258.66
339.13	-263.33
339.13	-276.00
339.13	-274.00
339.13	-276.00
339.13	-270.00
339.13	-268.66
339.13	-266.67
339.14	-262.00
339.14	-254.67
339.14	-238.00
339.14	-244.00
339.14	-262.67
339.14	-258.66
339.14	-262.00
339.14	-271.34
339.14	-270.66
339.15	-268.00
339.15	-267.33
339.15	-258.00
339.15	-252.00
339.15	-259.34
339.15	-262.00
339.15	-260.00
339.15	-265.33
339.16	-275.33
339.16	-277.33
339.16	-268.00
339.16	-254.67
339.16	-257.33
339.16	-247.33
339.16	-242.67
339.16	-251.34
339.16	-269.34
339.17	-272.00
339.17	-264.00
339.17	-259.34
339.17	-258.00
339.17	-262.67
339.17	-263.33
339.17	-272.00
339.17	-269.34
339.18	-264.67
339.18	-264.00
339.18	-270.66
339.18	-270.66
339.18	-259.34
339.18	-258.00
339.18	-265.33
339.18	-268.66
339.19	-262.00
339.19	-264.00
339.19	-261.34
339.19	-261.34
339.19	-269.34
339.19	-266.00
339.19	-267.33
339.19	-262.00
339.19	-264.67
339.20	-263.33
339.20	-271.34
339.20	-264.00
339.20	-260.00
339.20	-260.66
339.20	-251.34
339.20	-252.00
339.20	-260.00
339.21	-250.00
339.21	-242.67
339.21	-260.00
339.21	-260.00
339.21	-264.00
339.21	-248.00
339.21	-263.33
339.21	-274.00
339.22	-270.66
339.22	-278.00
339.22	-268.66
339.22	-249.34
339.22	-243.33
339.22	-254.00
339.22	-270.00
339.22	-264.00
339.22	-253.33
339.23	-250.66
339.23	-255.33
339.23	-258.00
339.23	-270.00
339.23	-260.66
339.23	-258.00
339.23	-247.33
339.23	-247.33
339.24	-259.34
339.24	-262.00
339.24	-257.33
339.24	-262.67
339.24	-259.34
339.24	-259.34
339.24	-242.00
339.24	-239.34
339.24	-246.00
339.25	-244.00
339.25	-257.33
339.25	-263.33
339.25	-258.66
339.25	-254.67
339.25	-240.66
339.25	-254.00
339.25	-258.00
339.26	-260.00
339.26	-261.34
339.26	-260.66
339.26	-260.66
339.26	-268.00
339.26	-277.33
339.26	-280.00
339.26	-276.67
339.27	-272.67
339.27	-264.67
339.27	-257.33
339.27	-248.66
339.27	-246.00
339.27	-255.33
339.27	-241.34
339.27	-243.33
339.27	-243.33
339.28	-246.00
339.28	-240.66
339.28	-235.33
339.28	-251.34
339.28	-257.33
339.28	-248.00
339.28	-260.66
339.28	-259.34
339.29	-245.33
339.29	-256.00
339.29	-244.00
339.29	-240.66
339.29	-257.33
339.29	-247.33
339.29	-258.66
339.29	-260.00
339.29	-264.67
339.30	-252.00
339.30	-258.00
339.30	-253.33
339.30	-260.66
339.30	-268.00
339.30	-267.33
339.30	-265.33
339.30	-256.67
339.31	-251.34
339.31	-260.00
339.31	-266.00
339.31	-245.33
339.31	-244.00
339.31	-246.67
339.31	-251.34
339.31	-259.34
339.32	-254.67
339.32	-256.00
339.32	-245.33
339.32	-246.67
339.32	-242.00
339.32	-258.66
339.32	-263.33
339.32	-262.67
339.32	-259.34
339.33	-255.33
339.33	-257.33
339.33	-253.33
339.33	-252.67
339.33	-254.67
339.33	-266.00
339.33	-268.00
339.33	-258.66
339.34	-255.33
339.34	-260.66
339.34	-261.34
339.34	-263.33
339.34	-259.34
339.34	-258.66
339.34	-260.66
339.34	-256.00
339.35	-245.33
339.35	-246.00
339.35	-249.34
339.35	-250.66
339.35	-251.34
339.35	-243.33
339.35	-252.00
339.35	-260.66
339.35	-269.34
339.36	-255.33
339.36	-254.00
339.36	-252.00
339.36	-259.34
339.36	-258.66
339.36	-258.66
339.36	-252.67
339.36	-249.34
339.37	-258.66
339.37	-260.00
339.37	-260.00
339.37	-261.34
339.37	-261.34
339.37	-260.00
339.37	-244.00
339.37	-241.34
339.37	-246.67
339.38	-252.00
339.38	-267.33
339.38	-258.66
339.38	-252.00
339.38	-262.00
339.38	-262.67
339.38	-263.33
339.38	-261.34
339.39	-261.34
339.39	-264.00
339.39	-254.67
339.39	-260.00
339.39	-260.66
339.39	-268.00
339.39	-259.34
339.39	-244.00
339.40	-250.00
339.40	-261.34
339.40	-270.00
339.40	-260.00
339.40	-254.00
339.40	-248.00
339.40	-238.66
339.40	-240.00
339.40	-256.67
339.41	-250.00
339.41	-256.67
339.41	-255.33
339.41	-260.66
339.41	-260.00
339.41	-261.34
339.41	-259.34
339.41	-234.67
339.42	-251.34
339.42	-262.67
339.42	-261.34
339.42	-258.66
339.42	-257.33
339.42	-261.34
339.42	-261.34
339.42	-258.66
339.42	-249.34
339.43	-250.00
339.43	-240.66
339.43	-238.66
339.43	-228.66
339.43	-232.67
339.43	-242.67
339.43	-233.33
339.43	-239.34
339.44	-242.67
339.44	-238.00
339.44	-248.66
339.44	-255.33
339.44	-260.66
339.44	-242.67
339.44	-257.33
339.44	-258.66
339.45	-242.67
339.45	-244.00
339.45	-230.00
339.45	-232.67
339.45	-234.00
339.45	-224.67
339.45	-233.33
339.45	-230.00
339.45	-255.33
339.46	-248.66
339.46	-246.67
339.46	-256.00
339.46	-260.66
339.46	-252.00
339.46	-250.66
339.46	-260.00
339.46	-239.34
339.47	-234.67
339.47	-246.67
339.47	-246.00
339.47	-260.00
339.47	-251.34
339.47	-250.66
339.47	-244.67
339.47	-242.67
339.47	-235.33
339.48	-243.33
339.48	-252.67
339.48	-256.67
339.48	-257.33
339.48	-239.34
339.48	-257.33
339.48	-259.34
339.48	-240.00
339.49	-246.00
339.49	-259.34
339.49	-254.00
339.49	-242.00
339.49	-252.00
339.49	-246.67
339.49	-252.67
339.49	-262.67
339.50	-266.67
339.50	-256.67
339.50	-240.66
339.50	-232.67
339.50	-251.34
339.50	-246.67
339.50	-243.33
339.50	-243.33
339.50	-240.66
339.51	-256.00
339.51	-262.00
339.51	-259.34
339.51	-260.66
339.51	-258.66
339.51	-258.66
339.51	-258.00
339.51	-257.33
339.52	-257.33
339.52	-244.67
339.52	-250.00
339.52	-247.33
339.52	-252.00
339.52	-250.00
339.52	-245.33
339.52	-236.67
339.53	-243.33
339.53	-228.00
339.53	-238.00
339.53	-251.34
339.53	-244.67
339.53	-235.33
339.53	-236.67
339.53	-236.67
339.53	-224.00
339.54	-237.33
339.54	-257.33
339.54	-260.00
339.54	-260.66
339.54	-254.00
339.54	-240.00
339.54	-237.33
339.54	-242.67
339.55	-245.33
339.55	-243.33
339.55	-259.34
339.55	-262.67
339.55	-260.66
339.55	-256.67
339.55	-256.67
339.55	-258.00
339.55	-251.34
339.56	-251.34
339.56	-249.34
339.56	-251.34
339.56	-237.33
339.56	-254.00
339.56	-260.00
339.56	-248.00
339.56	-260.66
339.57	-257.33
339.57	-244.00
339.57	-257.33
339.57	-254.00
339.57	-253.33
339.57	-256.67
339.57	-260.00
339.57	-250.66
339.58	-236.67
339.58	-236.00
339.58	-245.33
339.58	-248.66
339.58	-241.34
339.58	-248.66
339.58	-247.33
339.58	-258.00
339.58	-241.34
339.59	-230.00
339.59	-254.67
339.59	-252.67
339.59	-254.00
339.59	-256.00
339.59	-258.00
339.59	-254.00
339.59	-236.00
339.60	-244.00
339.60	-257.33
339.60	-258.66
339.60	-256.00
339.60	-246.00
339.60	-234.00
339.60	-237.33
339.60	-253.33
339.60	-260.66
339.61	-254.00
339.61	-234.67
339.61	-234.67
339.61	-241.34
339.61	-256.67
339.61	-256.67
339.61	-252.67
339.61	-256.00
339.62	-240.66
339.62	-241.34
339.62	-253.33
339.62	-259.34
339.62	-259.34
339.62	-250.66
339.62	-259.34
339.62	-263.33
339.63	-254.67
339.63	-244.00
339.63	-253.33
339.63	-248.66
339.63	-236.00
339.63	-230.00
339.63	-235.33
339.63	-246.00
339.63	-256.00
339.64	-258.66
339.64	-235.33
339.64	-243.33
339.64	-244.67
339.64	-255.33
339.64	-251.34
339.64	-242.00
339.64	-254.67
339.65	-254.00
339.65	-254.67
339.65	-256.00
339.65	-252.00
339.65	-254.00
339.65	-259.34
339.65	-258.00
339.65	-256.67
339.65	-260.66
339.66	-257.33
339.66	-253.33
339.66	-241.34
339.66	-235.33
339.66	-236.00
339.66	-234.67
339.66	-244.67
339.66	-250.66
339.67	-254.00
339.67	-238.00
339.67	-247.33
339.67	-255.33
339.67	-238.66
339.67	-240.66
339.67	-241.34
339.67	-242.67
339.68	-240.00
339.68	-240.66
339.68	-248.00
339.68	-249.34
339.68	-242.67
339.68	-256.00
339.68	-256.00
339.68	-246.00
339.68	-243.33
339.69	-236.00
339.69	-240.00
339.69	-237.33
339.69	-252.67
339.69	-258.00
339.69	-246.00
339.69	-254.00
339.69	-260.00
339.70	-251.34
339.70	-250.66
339.70	-261.34
339.70	-243.33
339.70	-248.00
339.70	-259.34
339.70	-258.66
339.70	-258.66
339.71	-260.00
339.71	-244.00
339.71	-248.00
339.71	-252.67
339.71	-250.00
339.71	-249.34
339.71	-256.00
339.71	-258.00
339.71	-256.00
339.72	-247.33
339.72	-255.33
339.72	-260.00
339.72	-258.66
339.72	-238.66
339.72	-242.00
339.72	-245.33
339.72	-256.00
339.73	-260.00
339.73	-259.34
339.73	-258.66
339.73	-260.66
339.73	-249.34
339.73	-251.34
339.73	-256.00
339.73	-242.00
339.73	-216.00
339.74	-232.67
339.74	-239.34
339.74	-228.66
339.74	-251.34
339.74	-256.00
339.74	-260.00
339.74	-252.00
339.74	-249.34
339.75	-252.67
339.75	-258.66
339.75	-258.66
339.75	-260.00
339.75	-251.34
339.75	-243.33
339.75	-237.33
339.75	-234.00
339.76	-251.34
339.76	-244.00
339.76	-240.00
339.76	-242.67
339.76	-246.67
339.76	-238.00
339.76	-238.00
339.76	-230.66
339.76	-245.33
339.77	-232.67
339.77	-234.67
339.77	-226.67
339.77	-234.67
339.77	-240.00
339.77	-247.33
339.77	-248.66
339.77	-254.67
339.78	-245.33
339.78	-246.00
339.78	-254.00
339.78	-247.33
339.78	-246.67
339.78	-251.34
339.78	-260.00
339.78	-258.66
339.78	-252.00
339.79	-255.33
339.79	-254.00
339.79	-256.00
339.79	-251.34
339.79	-250.66
339.79	-254.00
339.79	-240.00
339.79	-242.00
339.80	-223.33
339.80	-228.66
339.80	-240.00
339.80	-254.00
339.80	-248.66
339.80	-247.33
339.80	-256.00
339.80	-260.00
339.81	-256.67
339.81	-248.00
339.81	-258.66
339.81	-240.66
339.81	-234.00
339.81	-246.00
339.81	-255.33
339.81	-244.67
339.81	-244.00
339.82	-254.00
339.82	-246.67
339.82	-240.00
339.82	-236.00
339.82	-238.00
339.82	-249.34
339.82	-256.67
339.82	-244.67
339.83	-247.33
339.83	-251.34
339.83	-246.00
339.83	-240.66
339.83	-241.34
339.83	-245.33
339.83	-228.00
339.83	-222.67
339.84	-239.34
339.84	-245.33
339.84	-242.67
339.84	-256.67
339.84	-256.00
339.84	-243.33
339.84	-232.00
339.84	-240.00
339.84	-236.00
339.85	-242.00
339.85	-238.00
339.85	-243.33
339.85	-234.00
339.85	-231.34
339.85	-227.33
339.85	-230.00
339.85	-232.67
339.86	-225.33
339.86	-229.34
339.86	-234.00
339.86	-250.66
339.86	-230.66
339.86	-252.67
339.86	-249.34
339.86	-248.66
339.86	-237.33
339.87	-238.66
339.87	-235.33
339.87	-240.00
339.87	-242.67
339.87	-238.00
339.87	-232.00
339.87	-236.00
339.87	-244.67
339.88	-251.34
339.88	-242.67
339.88	-244.00
339.88	-260.66
339.88	-250.00
339.88	-231.34
339.88	-242.67
339.88	-245.33
339.89	-242.67
339.89	-235.33
339.89	-240.00
339.89	-254.00
339.89	-249.34
339.89	-241.34
339.89	-233.33
339.89	-240.66
339.89	-241.34
339.90	-235.33
339.90	-235.33
339.90	-242.00
339.90	-242.00
339.90	-256.67
339.90	-251.34
339.90	-250.00
339.90	-235.33
339.91	-231.34
339.91	-238.66
339.91	-237.33
339.91	-231.34
339.91	-228.00
339.91	-250.00
339.91	-254.00
339.91	-247.33
339.91	-255.33
339.92	-236.67
339.92	-232.00
339.92	-232.00
339.92	-243.33
339.92	-241.34
339.92	-254.67
339.92	-241.34
339.92	-249.34
339.93	-242.67
339.93	-242.00
339.93	-254.00
339.93	-243.33
339.93	-237.33
339.93	-245.33
339.93	-239.34
339.93	-241.34
339.94	-231.34
339.94	-238.00
339.94	-245.33
339.94	-254.00
339.94	-247.33
339.94	-248.00
339.94	-256.67
339.94	-259.34
339.94	-240.66
339.95	-244.67
339.95	-250.00
339.95	-236.67
339.95	-229.34
339.95	-223.33
339.95	-228.66
339.95	-234.00
339.95	-242.00
339.96	-244.67
339.96	-249.34
339.96	-244.00
339.96	-232.67
339.96	-232.67
339.96	-237.33
339.96	-253.33
339.96	-249.34
339.96	-245.33
339.97	-246.00
339.97	-232.67
339.97	-234.67
339.97	-236.67
339.97	-242.00
339.97	-226.00
339.97	-228.66
339.97	-242.00
339.98	-256.00
339.98	-251.34
339.98	-246.00
339.98	-241.34
339.98	-236.00
339.98	-243.33
339.98	-245.33
339.98	-248.66
339.99	-242.67
339.99	-245.33
339.99	-237.33
339.99	-250.66
339.99	-260.00
339.99	-248.66
339.99	-243.33
339.99	-246.67
339.99	-240.66
340.00	-222.00
340.00	-234.67
340.00	-231.34
340.00	-230.66
340.00	-228.00
340.00	-236.00
340.00	-237.33
340.00	-236.00
340.01	-258.66
340.01	-259.34
340.01	-252.00
340.01	-250.66
340.01	-245.33
340.01	-236.67
340.01	-233.33
340.01	-259.34
340.02	-261.34
340.02	-259.34
340.02	-244.00
340.02	-246.00
340.02	-244.00
340.02	-254.00
340.02	-257.33
340.02	-222.67
340.02	-232.00
340.03	-235.33
340.03	-240.66
340.03	-244.00
340.03	-240.00
340.03	-241.34
340.03	-226.67
340.03	-250.66
340.03	-251.34
340.04	-228.00
340.04	-236.67
340.04	-240.66
340.04	-235.33
340.04	-237.33
340.04	-240.66
340.04	-247.33
340.04	-258.00
340.04	-252.00
340.05	-241.34
340.05	-245.33
340.05	-240.00
340.05	-260.00
340.05	-250.66
340.05	-250.00
340.05	-233.33
340.05	-239.34
340.06	-240.00
340.06	-236.67
340.06	-238.00
340.06	-244.67
340.06	-255.33
340.06	-252.00
340.06	-223.33
340.06	-228.00
340.07	-242.67
340.07	-248.00
340.07	-254.67
340.07	-251.34
340.07	-248.66
340.07	-260.66
340.07	-256.67
340.07	-246.00
340.07	-251.34
340.08	-260.00
340.08	-260.00
340.08	-260.00
340.08	-249.34
340.08	-232.67
340.08	-231.34
340.08	-236.67
340.08	-238.00
340.09	-237.33
340.09	-239.34
340.09	-243.33
340.09	-240.00
340.09	-245.33
340.09	-260.00
340.09	-260.00
340.09	-242.67
340.09	-240.00
340.10	-232.00
340.10	-238.00
340.10	-240.66
340.10	-238.66
340.10	-240.00
340.10	-251.34
340.10	-256.00
340.10	-250.00
340.11	-253.33
340.11	-250.00
340.11	-244.67
340.11	-257.33
340.11	-247.33
340.11	-240.00
340.11	-247.33
340.11	-234.00
340.12	-230.66
340.12	-245.33
340.12	-248.00
340.12	-247.33
340.12	-247.33
340.12	-249.34
340.12	-244.00
340.12	-240.00
340.12	-231.34
340.13	-238.66
340.13	-244.67
340.13	-248.66
340.13	-242.00
340.13	-242.67
340.13	-226.00
340.13	-232.67
340.13	-238.00
340.14	-232.00
340.14	-245.33
340.14	-250.66
340.14	-240.00
340.14	-254.00
340.14	-258.66
340.14	-256.67
340.14	-248.00
340.14	-260.66
340.15	-258.66
340.15	-255.33
340.15	-226.00
340.15	-222.67
340.15	-234.67
340.15	-234.67
340.15	-240.66
340.15	-242.00
340.16	-238.66
340.16	-244.00
340.16	-234.67
340.16	-235.33
340.16	-237.33
340.16	-243.33
340.16	-242.67
340.16	-243.33
340.17	-254.00
340.17	-242.00
340.17	-232.67
340.17	-250.00
340.17	-242.67
340.17	-224.67
340.17	-222.00
340.17	-229.34
340.17	-231.34
340.18	-240.00
340.18	-240.66
340.18	-232.00
340.18	-232.00
340.18	-247.33
340.18	-256.67
340.18	-257.33
340.18	-248.66
340.19	-243.33
340.19	-224.00
340.19	-234.67
340.19	-242.00
340.19	-236.00
340.19	-238.00
340.19	-237.33
340.19	-229.34
340.20	-222.00
340.20	-238.00
340.20	-248.00
340.20	-234.67
340.20	-238.00
340.20	-260.00
340.20	-247.33
340.20	-236.00
340.20	-228.66
340.21	-219.34
340.21	-218.00
340.21	-246.00
340.21	-244.00
340.21	-223.33
340.21	-237.33
340.21	-245.33
340.21	-240.00
340.22	-228.00
340.22	-224.67
340.22	-233.33
340.22	-231.34
340.22	-237.33
340.22	-224.00
340.22	-223.33
340.22	-234.00
340.22	-237.33
340.23	-242.00
340.23	-249.34
340.23	-259.34
340.23	-231.34
340.23	-221.34
340.23	-233.33
340.23	-226.67
340.23	-228.66
340.24	-229.34
340.24	-248.00
340.24	-240.00
340.24	-239.34
340.24	-238.66
340.24	-228.66
340.24	-236.67
340.24	-241.34
340.25	-257.33
340.25	-252.67
340.25	-242.00
340.25	-222.00
340.25	-224.67
340.25	-222.67
340.25	-224.00
340.25	-220.00
340.25	-222.67
340.26	-232.00
340.26	-226.67
340.26	-238.66
340.26	-239.34
340.26	-246.00
340.26	-243.33
340.26	-254.67
340.26	-258.66
340.27	-256.67
340.27	-243.33
340.27	-236.67
340.27	-246.67
340.27	-252.00
340.27	-252.00
340.27	-233.33
340.27	-240.00
340.27	-225.33
340.28	-232.00
340.28	-248.00
340.28	-254.67
340.28	-256.67
340.28	-240.66
340.28	-246.00
340.28	-255.33
340.28	-236.00
340.29	-235.33
340.29	-246.67
340.29	-236.67
340.29	-237.33
340.29	-254.67
340.29	-256.67
340.29	-246.00
340.29	-248.66
340.30	-236.67
340.30	-235.33
340.30	-222.67
340.30	-219.34
340.30	-237.33
340.30	-245.33
340.30	-256.67
340.30	-260.00
340.30	-253.33
340.31	-241.34
340.31	-230.00
340.31	-229.34
340.31	-233.33
340.31	-236.00
340.31	-235.33
340.31	-239.34
340.31	-246.67
340.32	-234.00
340.32	-234.00
340.32	-240.66
340.32	-248.66
340.32	-246.67
340.32	-258.00
340.32	-247.33
340.32	-233.33
340.33	-238.66
340.33	-237.33
340.33	-239.34
340.33	-244.00
340.33	-256.00
340.33	-255.33
340.33	-255.33
340.33	-256.00
340.33	-244.00
340.34	-240.66
340.34	-250.00
340.34	-241.34
340.34	-240.00
340.34	-242.67
340.34	-242.67
340.34	-243.33
340.34	-234.00
340.35	-237.33
340.35	-248.00
340.35	-244.00
340.35	-248.66
340.35	-255.33
340.35	-246.00
340.35	-232.00
340.35	-232.00
340.35	-230.00
340.36	-223.33
340.36	-236.67
340.36	-236.67
340.36	-220.00
340.36	-240.00
