335.48	-221.34
335.48	-214.00
335.48	-203.33
335.48	-202.00
335.48	-200.00
335.48	-204.67
335.49	-211.34
335.49	-212.67
335.49	-212.67
335.49	-201.34
335.49	-219.34
335.49	-201.34
335.49	-208.00
335.49	-205.33
335.50	-220.66
335.50	-234.00
335.50	-238.66
335.50	-205.33
335.50	-202.67
335.50	-222.00
335.50	-219.34
335.50	-218.00
335.50	-230.00
335.51	-217.33
335.51	-232.67
335.51	-226.00
335.51	-241.34
335.51	-238.00
335.51	-248.66
335.51	-226.00
335.51	-210.00
335.52	-214.00
335.52	-211.34
335.52	-228.00
335.52	-232.00
335.52	-213.33
335.52	-208.00
335.52	-206.00
335.52	-220.66
335.53	-218.66
335.53	-202.00
335.53	-222.67
335.53	-217.33
335.53	-206.67
335.53	-215.33
335.53	-200.00
335.53	-206.00
335.53	-200.00
335.54	-224.67
335.54	-200.00
335.54	-200.00
335.54	-200.00
335.54	-200.00
335.54	-224.67
335.54	-225.33
335.54	-222.00
335.55	-208.00
335.55	-220.00
335.55	-220.00
335.55	-210.00
335.55	-222.67
335.55	-230.66
335.55	-212.00
335.55	-206.00
335.55	-205.33
335.56	-210.00
335.56	-240.00
335.56	-247.33
335.56	-224.00
335.56	-200.00
335.56	-200.00
335.56	-218.00
335.56	-200.00
335.57	-200.00
335.57	-200.00
335.57	-200.00
335.57	-219.34
335.57	-208.00
335.57	-219.34
335.57	-200.00
335.57	-212.67
335.58	-230.66
335.58	-226.67
335.58	-231.34
335.58	-237.33
335.58	-242.67
335.58	-228.00
335.58	-218.66
335.58	-204.00
335.58	-210.00
335.59	-220.00
335.59	-215.33
335.59	-204.00
335.59	-227.33
335.59	-226.00
335.59	-213.33
335.59	-200.00
335.59	-211.34
335.60	-200.00
335.60	-216.00
335.60	-209.34
335.60	-232.67
335.60	-204.00
335.60	-215.33
335.60	-238.00
335.60	-234.00
335.60	-225.33
335.61	-221.34
335.61	-204.00
335.61	-233.33
335.61	-245.33
335.61	-202.00
335.61	-231.34
335.61	-247.33
335.61	-221.34
335.62	-205.33
335.62	-218.66
335.62	-221.34
335.62	-215.33
335.62	-240.00
335.62	-218.66
335.62	-220.00
335.62	-212.00
335.63	-210.66
335.63	-214.00
335.63	-200.00
335.63	-204.67
335.63	-209.34
335.63	-200.00
335.63	-202.00
335.63	-200.00
335.63	-210.66
335.64	-222.00
335.64	-213.33
335.64	-204.67
335.64	-205.33
335.64	-206.00
335.64	-200.00
335.64	-200.00
335.64	-200.00
335.65	-204.00
335.65	-214.67
335.65	-216.00
335.65	-233.33
335.65	-218.66
335.65	-200.00
335.65	-209.34
335.65	-200.00
335.66	-202.67
335.66	-200.00
335.66	-203.33
335.66	-210.00
335.66	-214.00
335.66	-215.33
335.66	-218.00
335.66	-212.00
335.66	-208.00
335.67	-210.66
335.67	-200.00
335.67	-226.67
335.67	-206.67
335.67	-200.00
335.67	-207.33
335.67	-219.34
335.67	-200.00
335.68	-209.34
335.68	-223.33
335.68	-210.66
335.68	-200.00
335.68	-200.00
335.68	-200.00
335.68	-200.00
335.68	-200.00
335.68	-200.00
335.69	-218.66
335.69	-206.00
335.69	-220.00
335.69	-200.00
335.69	-206.00
335.69	-201.34
335.69	-232.67
335.69	-255.33
335.70	-244.67
335.70	-231.34
335.70	-237.33
335.70	-232.00
335.70	-214.67
335.70	-202.00
335.70	-200.00
335.70	-202.67
335.71	-208.00
335.71	-201.34
335.71	-235.33
335.71	-237.33
335.71	-218.00
335.71	-230.66
335.71	-221.34
335.71	-200.00
335.71	-200.00
335.72	-200.00
335.72	-200.00
335.72	-213.33
335.72	-209.34
335.72	-200.00
335.72	-209.34
335.72	-200.00
335.72	-200.00
335.73	-212.67
335.73	-227.33
335.73	-219.34
335.73	-218.00
335.73	-217.33
335.73	-214.00
335.73	-202.67
335.73	-204.00
335.73	-213.33
335.74	-200.00
335.74	-200.00
335.74	-207.33
335.74	-200.00
335.74	-200.00
335.74	-200.00
335.74	-200.00
335.74	-200.00
335.75	-206.67
335.75	-204.00
335.75	-219.34
335.75	-208.66
335.75	-214.00
335.75	-214.00
335.75	-207.33
335.75	-221.34
335.76	-203.33
335.76	-210.00
335.76	-224.67
335.76	-220.00
335.76	-212.67
335.76	-209.34
335.76	-217.33
335.76	-214.00
335.76	-241.34
335.77	-237.33
335.77	-209.34
335.77	-204.67
335.77	-204.67
335.77	-200.00
335.77	-200.00
335.77	-200.00
335.77	-201.34
335.78	-200.00
335.78	-212.67
335.78	-203.33
335.78	-221.34
335.78	-231.34
335.78	-210.00
335.78	-200.00
335.78	-204.00
335.78	-212.00
335.79	-200.00
335.79	-200.00
335.79	-225.33
335.79	-216.67
335.79	-204.67
335.79	-209.34
335.79	-212.00
335.79	-200.00
335.80	-206.67
335.80	-216.00
335.80	-200.00
335.80	-200.00
335.80	-200.00
335.80	-200.00
335.80	-208.66
335.80	-222.67
335.81	-211.34
335.81	-200.00
335.81	-200.00
335.81	-200.00
335.81	-200.00
335.81	-200.00
335.81	-200.00
335.81	-200.00
335.81	-200.00
335.82	-226.67
335.82	-214.67
335.82	-202.67
335.82	-200.00
335.82	-204.00
335.82	-208.00
335.82	-200.00
335.82	-200.00
335.83	-200.00
335.83	-201.34
335.83	-202.67
335.83	-220.00
335.83	-200.00
335.83	-201.34
335.83	-208.66
335.83	-210.66
335.84	-202.67
335.84	-203.33
335.84	-211.34
335.84	-209.34
335.84	-210.00
335.84	-200.66
335.84	-222.00
335.84	-244.67
335.84	-244.00
335.85	-212.00
335.85	-204.67
335.85	-200.00
335.85	-207.33
335.85	-208.66
335.85	-206.00
335.85	-200.00
335.85	-204.00
335.86	-202.67
335.86	-204.67
335.86	-216.67
335.86	-200.00
335.86	-200.00
335.86	-223.33
335.86	-240.00
335.86	-211.34
335.86	-236.00
335.87	-223.33
335.87	-209.34
335.87	-209.34
335.87	-236.00
335.87	-244.67
335.87	-243.33
335.87	-210.66
335.87	-216.00
335.88	-216.67
335.88	-240.66
335.88	-228.66
335.88	-200.00
335.88	-200.00
335.88	-200.00
335.88	-200.00
335.88	-200.00
335.89	-216.00
335.89	-245.33
335.89	-227.33
335.89	-200.00
335.89	-200.00
335.89	-200.00
335.89	-200.00
335.89	-200.00
335.89	-210.66
335.90	-209.34
335.90	-200.00
335.90	-211.34
335.90	-200.00
335.90	-204.67
335.90	-200.00
335.90	-201.34
335.90	-200.00
335.91	-200.00
335.91	-200.00
335.91	-201.34
335.91	-200.00
335.91	-214.00
335.91	-220.66
335.91	-216.00
335.91	-220.66
335.91	-205.33
335.92	-200.00
335.92	-200.00
335.92	-200.00
335.92	-205.33
335.92	-206.67
335.92	-212.00
335.92	-202.67
335.92	-200.00
335.93	-200.00
335.93	-200.00
335.93	-204.00
335.93	-215.33
335.93	-206.00
335.93	-206.00
335.93	-211.34
335.93	-216.67
335.94	-205.33
335.94	-223.33
335.94	-233.33
335.94	-225.33
335.94	-212.00
335.94	-218.66
335.94	-225.33
335.94	-213.33
335.94	-205.33
335.95	-206.00
335.95	-205.33
335.95	-212.00
335.95	-212.67
335.95	-200.00
335.95	-214.00
335.95	-208.00
335.95	-205.33
335.96	-217.33
335.96	-212.67
335.96	-229.34
335.96	-204.67
335.96	-200.00
335.96	-200.00
335.96	-200.00
335.96	-200.00
335.96	-206.67
335.97	-200.00
335.97	-202.00
335.97	-200.00
335.97	-209.34
335.97	-210.00
335.97	-200.66
335.97	-222.00
335.97	-205.33
335.98	-200.00
335.98	-212.00
335.98	-206.00
335.98	-218.66
335.98	-218.00
335.98	-211.34
335.98	-217.33
335.98	-215.33
335.99	-203.33
335.99	-206.00
335.99	-207.33
335.99	-208.66
335.99	-205.33
335.99	-211.34
335.99	-200.00
335.99	-214.67
335.99	-240.00
336.00	-230.66
336.00	-218.00
336.00	-204.00
336.00	-230.00
336.00	-242.00
336.00	-216.67
336.00	-200.00
336.00	-204.67
336.01	-228.66
336.01	-209.34
336.01	-217.33
336.01	-212.00
336.01	-200.00
336.01	-200.00
336.01	-200.00
336.01	-212.00
336.02	-200.00
336.02	-200.00
336.02	-200.00
336.02	-200.00
336.02	-200.00
336.02	-200.00
336.02	-201.34
336.02	-230.00
336.02	-200.00
336.03	-200.00
336.03	-200.00
336.03	-200.00
336.03	-204.00
336.03	-200.00
336.03	-200.00
336.03	-200.00
336.03	-200.00
336.04	-200.00
336.04	-200.00
336.04	-200.00
336.04	-200.00
336.04	-200.00
336.04	-208.00
336.04	-210.66
336.04	-208.66
336.04	-212.00
336.05	-224.67
336.05	-200.00
336.05	-200.00
336.05	-230.66
336.05	-228.66
336.05	-200.00
336.05	-200.00
336.05	-205.33
336.06	-202.67
336.06	-200.00
336.06	-200.00
336.06	-200.00
336.06	-202.00
336.06	-200.66
336.06	-202.67
336.06	-200.00
336.07	-213.33
336.07	-208.66
336.07	-216.67
336.07	-200.00
336.07	-211.34
336.07	-200.00
336.07	-200.00
336.07	-216.00
336.07	-232.67
336.08	-205.33
336.08	-210.00
336.08	-208.00
336.08	-200.00
336.08	-200.00
336.08	-211.34
336.08	-200.00
336.08	-216.00
336.09	-225.33
336.09	-212.67
336.09	-200.00
336.09	-202.00
336.09	-216.67
336.09	-200.00
336.09	-200.00
336.09	-200.00
336.09	-200.00
336.10	-201.34
336.10	-200.00
336.10	-200.00
336.10	-206.00
336.10	-209.34
336.10	-204.00
336.10	-210.66
336.10	-222.67
336.11	-201.34
336.11	-200.00
336.11	-212.00
336.11	-200.00
336.11	-200.00
336.11	-200.00
336.11	-201.34
336.11	-212.00
336.12	-210.00
336.12	-202.00
336.12	-200.00
336.12	-200.00
336.12	-200.00
336.12	-200.00
336.12	-200.00
336.12	-202.67
336.12	-208.00
336.13	-235.33
336.13	-210.00
336.13	-200.00
336.13	-200.00
336.13	-200.00
336.13	-220.66
336.13	-225.33
336.13	-213.33
336.14	-200.00
336.14	-202.67
336.14	-200.00
336.14	-200.00
336.14	-200.00
336.14	-200.00
336.14	-200.00
336.14	-200.00
336.15	-200.00
336.15	-200.00
336.15	-200.00
336.15	-200.00
336.15	-200.00
336.15	-200.00
336.15	-200.00
336.15	-200.00
336.15	-200.00
336.16	-200.00
336.16	-200.00
336.16	-228.00
336.16	-228.66
336.16	-202.00
336.16	-208.00
336.16	-200.00
336.16	-213.33
336.17	-202.00
336.17	-216.00
336.17	-210.00
336.17	-200.00
336.17	-200.00
336.17	-200.00
336.17	-200.00
336.17	-209.34
336.17	-216.00
336.18	-214.67
336.18	-200.00
336.18	-206.00
336.18	-222.67
336.18	-200.00
336.18	-200.00
336.18	-200.00
336.18	-200.00
336.19	-200.00
336.19	-200.00
336.19	-200.00
336.19	-200.00
336.19	-212.00
336.19	-200.00
336.19	-200.00
336.19	-200.00
336.20	-200.00
336.20	-200.00
336.20	-200.00
336.20	-216.67
336.20	-208.66
336.20	-200.00
336.20	-200.00
336.20	-200.00
336.20	-200.00
336.21	-200.00
336.21	-200.00
336.21	-200.00
336.21	-205.33
336.21	-201.34
336.21	-200.00
336.21	-200.00
336.21	-200.00
336.22	-200.00
336.22	-200.00
336.22	-200.00
336.22	-200.00
336.22	-200.00
336.22	-200.00
336.22	-200.00
336.22	-200.00
336.22	-200.00
336.23	-200.00
336.23	-200.00
336.23	-200.00
336.23	-213.33
336.23	-209.34
336.23	-200.00
336.23	-200.00
336.23	-200.00
336.24	-202.00
336.24	-225.33
336.24	-234.00
336.24	-222.00
336.24	-228.66
336.24	-230.66
336.24	-239.34
336.24	-216.00
336.25	-200.00
336.25	-200.00
336.25	-200.00
336.25	-200.00
336.25	-200.00
336.25	-200.00
336.25	-200.00
336.25	-200.00
336.25	-200.00
336.26	-200.00
336.26	-200.00
336.26	-200.00
336.26	-200.66
336.26	-202.00
336.26	-200.00
336.26	-200.00
336.26	-207.33
336.27	-216.00
336.27	-228.00
336.27	-218.00
336.27	-216.00
336.27	-212.00
336.27	-235.33
336.27	-239.34
336.27	-203.33
336.27	-200.00
336.28	-200.00
336.28	-200.00
336.28	-200.00
336.28	-200.00
336.28	-200.00
336.28	-200.00
336.28	-200.00
336.28	-209.34
336.29	-213.33
336.29	-200.00
336.29	-200.00
336.29	-200.00
336.29	-200.00
336.29	-200.00
336.29	-200.00
336.29	-200.00
336.30	-213.33
336.30	-200.66
336.30	-231.34
336.30	-234.00
336.30	-230.66
336.30	-240.00
336.30	-219.34
336.30	-200.00
336.30	-200.00
336.31	-200.00
336.31	-200.66
336.31	-200.00
336.31	-209.34
336.31	-220.00
336.31	-235.33
336.31	-240.00
336.31	-226.00
336.32	-239.34
336.32	-239.34
336.32	-237.33
336.32	-217.33
336.32	-213.33
336.32	-203.33
336.32	-200.00
336.32	-200.00
336.33	-200.00
336.33	-200.00
336.33	-200.00
336.33	-200.00
336.33	-202.00
336.33	-200.00
336.33	-200.00
336.33	-201.34
336.33	-200.00
336.34	-200.00
336.34	-200.00
336.34	-200.00
336.34	-200.00
336.34	-200.00
336.34	-200.00
336.34	-200.00
336.34	-200.00
336.35	-212.00
336.35	-213.33
336.35	-220.00
336.35	-236.67
336.35	-216.00
336.35	-218.66
336.35	-231.34
336.35	-208.00
336.35	-213.33
336.36	-239.34
336.36	-240.00
336.36	-236.00
336.36	-210.00
336.36	-208.66
336.36	-200.00
336.36	-200.00
336.36	-200.00
336.37	-200.00
336.37	-212.00
336.37	-234.00
336.37	-217.33
336.37	-224.67
336.37	-200.00
336.37	-200.00
336.37	-214.67
336.38	-206.67
336.38	-206.67
336.38	-200.00
336.38	-200.00
336.38	-201.34
336.38	-200.00
336.38	-200.00
336.38	-200.00
336.38	-207.33
336.39	-200.00
336.39	-200.00
336.39	-200.00
336.39	-200.00
336.39	-200.00
336.39	-200.00
336.39	-200.00
336.39	-200.00
336.40	-200.00
336.40	-200.00
336.40	-200.00
336.40	-200.00
336.40	-200.00
336.40	-202.67
336.40	-200.00
336.40	-200.00
336.40	-200.00
336.41	-200.00
336.41	-200.00
336.41	-200.00
336.41	-200.00
336.41	-212.67
336.41	-201.34
336.41	-202.67
336.41	-216.67
336.42	-207.33
336.42	-236.67
336.42	-226.67
336.42	-216.00
336.42	-226.00
336.42	-217.33
336.42	-228.00
336.42	-221.34
336.43	-224.00
336.43	-237.33
336.43	-216.00
336.43	-233.33
336.43	-224.67
336.43	-212.67
336.43	-208.00
336.43	-220.66
336.43	-210.00
336.44	-200.00
336.44	-208.00
336.44	-201.34
336.44	-206.00
336.44	-216.00
336.44	-229.34
336.44	-220.00
336.44	-214.67
336.45	-230.00
336.45	-221.34
336.45	-224.67
336.45	-240.00
336.45	-238.66
336.45	-226.00
336.45	-217.33
336.45	-240.00
336.46	-222.67
336.46	-230.66
336.46	-226.67
336.46	-214.67
336.46	-240.00
336.46	-230.00
336.46	-200.00
336.46	-200.66
336.46	-216.67
336.47	-228.00
336.47	-218.00
336.47	-216.00
336.47	-222.67
336.47	-216.00
336.47	-232.67
336.47	-220.66
336.47	-224.67
336.48	-218.66
336.48	-232.00
336.48	-221.34
336.48	-230.00
336.48	-239.34
336.48	-206.00
336.48	-221.34
336.48	-229.34
336.48	-207.33
336.49	-200.00
336.49	-233.33
336.49	-214.00
336.49	-206.00
336.49	-218.00
336.49	-222.00
336.49	-209.34
336.49	-200.00
336.50	-216.67
336.50	-233.33
336.50	-212.00
336.50	-238.00
336.50	-226.67
336.50	-200.00
336.50	-200.00
336.50	-200.00
336.51	-214.67
336.51	-222.00
336.51	-226.00
336.51	-224.00
336.51	-228.00
336.51	-230.66
336.51	-204.67
336.51	-206.00
336.51	-222.67
336.52	-220.66
336.52	-205.33
336.52	-206.67
336.52	-224.00
336.52	-212.67
336.52	-202.67
336.52	-216.00
336.52	-203.33
336.53	-201.34
336.53	-200.00
336.53	-208.00
336.53	-226.67
336.53	-204.00
336.53	-236.67
336.53	-228.00
336.53	-230.00
336.53	-240.00
336.54	-239.34
336.54	-235.33
336.54	-214.67
336.54	-200.66
336.54	-213.33
336.54	-220.66
336.54	-225.33
336.54	-221.34
336.55	-223.33
336.55	-213.33
336.55	-211.34
336.55	-207.33
336.55	-226.67
336.55	-226.00
336.55	-220.66
336.55	-217.33
336.56	-210.00
336.56	-218.66
336.56	-221.34
336.56	-220.66
336.56	-200.00
336.56	-203.33
336.56	-200.00
336.56	-219.34
336.56	-224.67
336.57	-240.00
336.57	-210.00
336.57	-229.34
336.57	-225.33
336.57	-235.33
336.57	-208.00
336.57	-222.00
336.57	-206.67
336.58	-202.00
336.58	-213.33
336.58	-232.00
336.58	-224.00
336.58	-203.33
336.58	-220.00
336.58	-233.33
336.58	-216.67
336.58	-206.67
336.59	-215.33
336.59	-209.34
336.59	-200.00
336.59	-200.66
336.59	-233.33
336.59	-218.00
336.59	-210.66
336.59	-202.67
336.60	-191.34
336.60	-200.66
336.60	-203.33
336.60	-225.33
336.60	-232.67
336.60	-202.67
336.60	-200.00
336.60	-200.66
336.61	-200.00
336.61	-201.34
336.61	-200.00
336.61	-205.33
336.61	-200.00
336.61	-204.00
336.61	-203.33
336.61	-220.66
336.61	-200.00
336.62	-200.00
336.62	-189.34
336.62	-186.67
336.62	-184.00
336.62	-200.66
336.62	-216.00
336.62	-209.34
336.62	-200.00
336.63	-192.67
336.63	-200.00
336.63	-212.00
336.63	-214.67
336.63	-209.34
336.63	-215.33
336.63	-200.66
336.63	-200.66
336.64	-186.67
336.64	-199.34
336.64	-201.34
336.64	-200.66
336.64	-210.66
336.64	-200.00
336.64	-202.67
336.64	-200.66
336.64	-231.34
336.65	-204.00
336.65	-201.34
336.65	-200.66
336.65	-192.67
336.65	-200.00
336.65	-201.34
336.65	-184.67
336.65	-190.66
336.66	-190.66
336.66	-200.66
336.66	-200.00
336.66	-210.66
336.66	-210.66
336.66	-204.00
336.66	-196.67
336.66	-189.34
336.66	-202.67
336.67	-201.34
336.67	-200.66
336.67	-187.33
336.67	-186.00
336.67	-200.00
336.67	-187.33
336.67	-177.33
336.67	-186.67
336.68	-201.34
336.68	-200.66
336.68	-200.00
336.68	-193.33
336.68	-201.34
336.68	-200.00
336.68	-192.67
336.68	-176.67
336.69	-180.00
336.69	-181.34
336.69	-204.67
336.69	-185.33
336.69	-200.00
336.69	-200.00
336.69	-212.67
336.69	-210.66
336.69	-211.34
336.70	-181.34
336.70	-176.67
336.70	-185.33
336.70	-194.00
336.70	-200.00
336.70	-202.00
336.70	-189.34
336.70	-184.00
336.71	-180.00
336.71	-188.66
336.71	-177.33
336.71	-160.00
336.71	-172.00
336.71	-200.00
336.71	-200.00
336.71	-200.00
336.71	-176.00
336.72	-170.66
336.72	-192.00
336.72	-200.00
336.72	-200.00
336.72	-172.67
336.72	-187.33
336.72	-167.33
336.72	-192.67
336.73	-190.66
336.73	-196.00
336.73	-174.00
336.73	-200.00
336.73	-206.67
336.73	-200.00
336.73	-191.34
336.73	-200.00
336.74	-196.00
336.74	-175.33
336.74	-200.00
336.74	-178.00
336.74	-188.66
336.74	-180.66
336.74	-179.34
336.74	-200.00
336.74	-200.00
336.75	-168.66
336.75	-160.00
336.75	-192.00
336.75	-179.34
336.75	-182.00
336.75	-172.67
336.75	-160.00
336.75	-182.67
336.76	-162.67
336.76	-187.33
336.76	-160.00
336.76	-160.00
336.76	-162.67
336.76	-180.66
336.76	-173.33
336.76	-168.00
336.76	-167.33
336.77	-160.00
336.77	-160.00
336.77	-160.00
336.77	-160.00
336.77	-160.00
336.77	-183.33
336.77	-171.34
336.77	-162.00
336.78	-160.00
336.78	-162.00
336.78	-160.66
336.78	-160.00
336.78	-188.00
336.78	-190.66
336.78	-200.00
336.78	-202.00
336.79	-189.34
336.79	-168.00
336.79	-161.34
336.79	-179.34
336.79	-160.00
336.79	-160.00
336.79	-179.34
336.79	-188.00
336.79	-160.00
336.80	-160.00
336.80	-160.66
336.80	-176.00
336.80	-160.00
336.80	-160.00
336.80	-160.00
336.80	-160.00
336.80	-177.33
336.81	-176.67
336.81	-160.00
336.81	-192.00
336.81	-160.00
336.81	-160.00
336.81	-172.00
336.81	-160.00
336.81	-160.00
336.82	-160.00
336.82	-160.00
336.82	-160.00
336.82	-160.00
336.82	-160.00
336.82	-169.34
336.82	-160.00
336.82	-174.67
336.82	-177.33
336.83	-160.00
336.83	-160.00
336.83	-142.67
336.83	-160.00
336.83	-160.00
336.83	-160.00
336.83	-160.00
336.83	-160.00
336.84	-176.00
336.84	-160.00
336.84	-160.00
336.84	-160.00
336.84	-160.00
336.84	-160.00
336.84	-160.00
336.84	-160.00
336.84	-153.33
336.85	-160.00
336.85	-160.00
336.85	-160.00
336.85	-160.00
336.85	-160.00
336.85	-160.00
336.85	-177.33
336.85	-160.00
336.86	-157.33
336.86	-160.00
336.86	-158.66
336.86	-160.00
336.86	-136.00
336.86	-152.67
336.86	-160.00
336.86	-160.00
336.87	-160.00
336.87	-192.00
336.87	-172.67
336.87	-162.00
336.87	-179.34
336.87	-160.00
336.87	-160.00
336.87	-149.34
336.87	-158.00
336.88	-138.66
336.88	-141.34
336.88	-160.00
336.88	-160.00
336.88	-157.33
336.88	-160.00
336.88	-160.00
336.88	-160.00
336.89	-160.00
336.89	-141.34
336.89	-127.33
336.89	-146.67
336.89	-157.33
336.89	-138.66
336.89	-139.34
336.89	-150.00
336.89	-160.00
336.90	-134.67
336.90	-155.33
336.90	-156.67
336.90	-160.00
336.90	-160.00
336.90	-160.00
336.90	-154.67
336.90	-150.00
336.91	-147.33
336.91	-121.34
336.91	-142.67
336.91	-142.67
336.91	-141.34
336.91	-138.66
336.91	-131.34
336.91	-152.00
336.92	-129.34
336.92	-120.00
336.92	-124.00
336.92	-126.67
336.92	-133.33
336.92	-135.33
336.92	-122.67
336.92	-132.00
336.92	-142.00
336.93	-138.66
336.93	-127.33
336.93	-120.00
336.93	-124.00
336.93	-131.34
336.93	-146.67
336.93	-151.34
336.93	-148.66
336.94	-126.00
336.94	-154.00
336.94	-160.00
336.94	-134.67
336.94	-122.67
336.94	-126.67
336.94	-120.00
336.94	-126.00
336.95	-120.66
336.95	-130.00
336.95	-144.00
336.95	-157.33
336.95	-122.67
336.95	-124.00
336.95	-120.00
336.95	-126.00
336.95	-123.33
336.96	-120.00
336.96	-120.00
336.96	-120.00
336.96	-121.34
336.96	-120.00
336.96	-120.00
336.96	-120.00
336.96	-120.00
336.97	-120.00
336.97	-134.67
336.97	-121.34
336.97	-120.66
336.97	-120.00
336.97	-122.00
336.97	-124.00
336.97	-120.00
336.97	-126.67
336.98	-120.00
336.98	-120.00
336.98	-118.66
336.98	-116.67
336.98	-129.34
336.98	-130.00
336.98	-118.66
336.98	-119.34
336.99	-120.00
336.99	-120.00
336.99	-120.00
336.99	-127.33
336.99	-120.00
336.99	-119.34
336.99	-120.00
336.99	-120.00
337.00	-114.00
337.00	-119.34
337.00	-120.00
337.00	-117.33
337.00	-115.33
337.00	-118.00
337.00	-118.66
337.00	-120.66
337.00	-110.66
337.01	-118.00
337.01	-114.67
337.01	-113.33
337.01	-116.00
337.01	-116.67
337.01	-113.33
337.01	-107.33
337.01	-111.34
337.02	-129.34
337.02	-117.33
337.02	-110.66
337.02	-114.67
337.02	-111.34
337.02	-120.00
337.02	-115.33
337.02	-105.33
337.02	-106.67
337.03	-108.00
337.03	-112.67
337.03	-108.00
337.03	-104.00
337.03	-115.33
337.03	-116.67
337.03	-115.33
337.03	-108.00
337.04	-103.33
337.04	-102.00
337.04	-101.34
337.04	-104.00
337.04	-108.00
337.04	-110.00
337.04	-114.67
337.04	-112.67
337.05	-108.00
337.05	-104.67
337.05	-102.67
337.05	-102.00
337.05	-102.67
337.05	-104.00
337.05	-108.66
337.05	-106.00
337.05	-112.00
337.06	-106.00
337.06	-102.67
337.06	-108.00
337.06	-105.33
337.06	-102.67
337.06	-100.66
337.06	-86.00
337.06	-99.34
337.07	-101.34
337.07	-98.00
337.07	-99.34
337.07	-102.00
337.07	-98.00
337.07	-98.00
337.07	-104.00
337.07	-101.34
337.07	-100.00
337.08	-99.34
337.08	-101.34
337.08	-98.66
337.08	-95.33
337.08	-99.34
337.08	-100.00
337.08	-93.33
337.08	-94.00
337.09	-99.34
337.09	-100.00
337.09	-96.00
337.09	-98.66
337.09	-94.67
337.09	-98.00
337.09	-92.00
337.09	-86.00
337.10	-86.67
337.10	-86.00
337.10	-90.00
337.10	-93.33
337.10	-91.34
337.10	-86.67
337.10	-82.67
337.10	-87.33
337.10	-90.00
337.11	-85.33
337.11	-62.00
337.11	-77.33
337.11	-63.33
337.11	-58.66
337.11	-55.33
337.11	-59.34
337.11	-68.00
337.12	-64.67
337.12	-75.33
337.12	-54.67
337.12	-40.00
337.12	-47.33
337.12	-42.67
337.12	-40.00
337.12	-63.33
337.13	-44.67
337.13	-48.00
337.13	-58.00
337.13	-59.34
337.13	-44.67
337.13	-40.00
337.13	-66.00
337.13	-72.67
337.13	-79.34
337.14	-66.67
337.14	-40.00
337.14	-51.34
337.14	-42.00
337.14	-40.00
337.14	-63.33
337.14	-62.00
337.14	-78.66
337.15	-77.33
337.15	-70.66
337.15	-80.00
337.15	-54.67
337.15	-57.33
337.15	-63.33
337.15	-72.00
337.15	-72.00
337.15	-74.67
337.16	-80.00
337.16	-67.33
337.16	-72.67
337.16	-68.00
337.16	-58.00
337.16	-60.00
337.16	-68.66
337.16	-45.33
337.17	-42.00
337.17	-40.00
337.17	-40.00
337.17	-44.67
337.17	-44.67
337.17	-70.66
337.17	-78.00
337.17	-78.00
337.18	-46.67
337.18	-44.00
337.18	-58.66
337.18	-40.66
337.18	-40.00
337.18	-42.67
337.18	-40.66
337.18	-40.00
337.18	-40.00
337.19	-40.00
337.19	-40.00
337.19	-40.00
337.19	-40.00
337.19	-40.00
337.19	-40.00
337.19	-40.00
337.19	-40.00
337.20	-40.00
337.20	-40.00
337.20	-40.00
337.20	-40.00
337.20	-40.00
337.20	-40.00
337.20	-40.00
337.20	-36.00
337.20	0.00
337.21	0.00
337.21	0.00
337.21	0.00
337.21	0.00
337.21	0.00
337.21	0.00
337.21	0.00
337.21	0.00
337.22	4.67
337.22	0.00
337.22	0.00
337.22	0.00
337.22	0.00
337.22	0.00
337.22	0.00
337.22	21.33
337.23	27.33
337.23	19.33
337.23	31.33
337.23	8.67
337.23	26.67
337.23	40.00
337.23	27.33
337.23	38.67
337.23	30.00
337.24	6.67
337.24	0.00
337.24	0.00
337.24	3.33
337.24	14.67
337.24	40.00
337.24	56.00
337.24	42.67
337.25	42.67
337.25	46.00
337.25	40.00
337.25	40.00
337.25	48.00
337.25	54.67
337.25	44.00
337.25	48.00
337.26	56.00
337.26	69.33
337.26	53.33
337.26	48.67
337.26	52.67
337.26	61.33
337.26	65.33
337.26	68.00
337.26	62.00
337.27	66.00
337.27	60.00
337.27	66.67
337.27	62.00
337.27	68.00
337.27	68.67
337.27	77.33
337.27	80.00
337.28	80.00
337.28	77.33
337.28	80.00
337.28	87.33
337.28	92.67
337.28	101.33
337.28	114.67
337.28	102.67
337.28	86.67
337.29	80.00
337.29	84.00
337.29	112.67
337.29	98.00
337.29	101.33
337.29	80.00
337.29	96.00
337.29	116.67
337.30	106.67
337.30	120.00
337.30	120.00
337.30	94.67
337.30	113.33
337.30	116.00
337.30	118.00
337.30	120.00
337.31	120.00
337.31	120.00
337.31	120.00
337.31	120.00
337.31	120.00
337.31	120.00
337.31	120.00
337.31	120.00
337.31	120.00
337.32	121.33
337.32	120.00
337.32	120.00
337.32	140.00
337.32	142.00
337.32	134.00
337.32	134.67
337.32	120.00
337.33	128.67
337.33	138.67
337.33	136.67
337.33	148.00
337.33	146.00
337.33	158.67
337.33	187.33
337.33	183.33
337.33	175.33
337.34	199.33
337.34	200.67
337.34	168.67
337.34	182.00
337.34	194.00
337.34	200.00
337.34	200.00
337.34	201.33
337.35	203.33
337.35	200.67
337.35	207.33
337.35	218.00
337.35	219.33
337.35	220.67
337.35	221.33
337.35	224.67
337.36	238.67
337.36	240.00
337.36	240.00
337.36	236.67
337.36	236.67
337.36	232.67
337.36	235.33
337.36	240.00
337.36	240.00
337.37	239.33
337.37	240.00
337.37	243.33
337.37	246.67
337.37	240.00
337.37	265.33
337.37	278.67
337.37	272.67
337.38	280.00
337.38	280.00
337.38	280.00
337.38	280.00
337.38	280.00
337.38	280.00
337.38	280.00
337.38	280.00
337.38	280.00
337.39	280.00
337.39	280.00
337.39	280.00
337.39	280.00
337.39	309.33
337.39	320.00
337.39	320.00
337.39	322.67
337.40	320.00
337.40	320.00
337.40	320.00
337.40	334.00
337.40	358.67
337.40	335.33
337.40	340.00
337.40	360.00
337.41	360.00
337.41	360.00
337.41	363.33
337.41	377.33
337.41	378.00
337.41	376.00
337.41	370.67
337.41	395.33
337.41	389.33
337.42	390.67
337.42	400.00
337.42	400.00
337.42	400.00
337.42	400.00
337.42	400.00
337.42	415.33
337.42	412.00
337.43	440.00
337.43	440.00
337.43	440.00
337.43	440.00
337.43	440.00
337.43	440.00
337.43	445.33
337.43	440.00
337.44	440.67
337.44	444.00
337.44	448.00
337.44	478.67
337.44	496.00
337.44	482.67
337.44	494.00
337.44	499.33
337.44	518.67
337.45	520.00
337.45	508.67
337.45	520.00
337.45	536.00
337.45	526.67
337.45	523.33
337.45	558.00
337.45	560.00
337.46	558.00
337.46	560.67
337.46	560.67
337.46	560.00
337.46	572.67
337.46	577.33
337.46	590.00
337.46	597.33
337.46	600.00
337.47	600.00
337.47	600.00
337.47	623.33
337.47	621.33
337.47	628.67
337.47	636.67
337.47	640.67
337.47	642.67
337.48	662.00
337.48	675.33
337.48	664.67
337.48	678.67
337.48	680.00
337.48	686.67
337.48	703.33
337.48	710.00
337.49	717.33
337.49	718.67
337.49	714.00
337.49	720.67
337.49	738.67
337.49	742.00
337.49	753.33
337.49	760.00
337.49	760.00
337.50	760.00
337.50	764.67
337.50	781.33
337.50	792.67
337.50	798.00
337.50	803.33
337.50	800.00
337.50	830.67
337.51	836.67
337.51	847.33
337.51	874.00
337.51	876.00
337.51	880.00
337.51	880.00
337.51	890.67
337.51	907.33
337.51	920.00
337.52	920.00
337.52	920.00
337.52	928.00
337.52	954.67
337.52	959.33
337.52	960.00
337.52	968.67
337.52	1000.00
337.53	1000.00
337.53	1023.33
337.53	1025.33
337.53	1034.00
337.53	1040.00
337.53	1040.00
337.53	1050.67
337.53	1066.67
337.54	1080.00
337.54	1080.00
337.54	1082.67
337.54	1106.00
337.54	1128.67
337.54	1138.67
337.54	1160.00
337.54	1164.00
337.54	1170.67
337.55	1184.67
337.55	1198.00
337.55	1200.67
337.55	1223.33
337.55	1240.00
337.55	1240.00
337.55	1256.67
337.55	1273.33
337.56	1280.00
337.56	1288.67
337.56	1319.33
337.56	1325.33
337.56	1332.67
337.56	1351.33
337.56	1367.33
337.56	1388.00
337.56	1400.00
337.57	1400.00
337.57	1415.33
337.57	1416.67
337.57	1457.33
337.57	1482.67
337.57	1507.33
337.57	1513.33
337.57	1520.00
337.58	1552.67
337.58	1560.00
337.58	1560.00
337.58	1584.67
337.58	1569.33
337.58	1602.67
337.58	1628.00
337.58	1640.00
337.59	1669.33
337.59	1680.00
337.59	1684.67
337.59	1720.00
337.59	1734.00
337.59	1745.33
337.59	1772.00
337.59	1800.00
337.59	1829.33
337.60	1836.67
337.60	1840.00
337.60	1878.00
337.60	1880.67
337.60	1899.33
337.60	1920.67
337.60	1944.00
337.60	1967.33
337.61	1994.00
337.61	2002.67
337.61	2034.67
337.61	2040.00
337.61	2061.33
337.61	2114.00
337.61	2120.67
337.61	2132.67
337.62	2160.00
337.62	2160.00
337.62	2190.67
337.62	2216.67
337.62	2258.00
337.62	2296.67
337.62	2313.33
337.62	2328.00
337.62	2360.00
337.63	2360.67
337.63	2387.33
337.63	2438.67
337.63	2465.33
337.63	2497.33
337.63	2520.00
337.63	2521.33
337.63	2572.00
337.64	2600.67
337.64	2620.67
337.64	2670.67
337.64	2680.00
337.64	2697.33
337.64	2720.00
337.64	2756.67
337.64	2791.33
337.64	2820.67
337.65	2840.00
337.65	2880.67
337.65	2920.00
337.65	2938.00
337.65	2960.00
337.65	2994.67
337.65	3040.00
337.65	3080.00
337.66	3098.67
337.66	3154.00
337.66	3168.67
337.66	3217.33
337.66	3271.33
337.66	3306.00
337.66	3323.33
337.66	3372.00
337.67	3408.67
337.67	3459.33
337.67	3480.00
337.67	3510.67
337.67	3563.33
337.67	3588.00
337.67	3619.33
337.67	3640.00
337.67	3682.00
337.68	3757.33
337.68	3800.00
337.68	3828.67
337.68	3888.00
337.68	3930.67
337.68	3963.33
337.68	4027.33
337.68	4063.33
337.69	4105.33
337.69	4134.67
337.69	4203.33
337.69	4257.33
337.69	4280.67
337.69	4323.33
337.69	4388.67
337.69	4410.67
337.69	4452.00
337.70	4519.33
337.70	4558.67
337.70	4618.00
337.70	4682.67
337.70	4718.00
337.70	4773.33
337.70	4800.00
337.70	4865.33
337.71	4920.00
337.71	4958.00
337.71	5016.67
337.71	5081.33
337.71	5136.67
337.71	5204.00
337.71	5240.67
337.71	5289.33
337.72	5362.00
337.72	5410.67
337.72	5472.67
337.72	5550.00
337.72	5584.00
337.72	5665.33
337.72	5723.33
337.72	5774.67
337.72	5856.00
337.73	5889.33
337.73	5952.00
337.73	6031.33
337.73	6075.33
337.73	6148.00
337.73	6200.00
337.73	6257.33
337.73	6338.00
337.74	6397.33
337.74	6464.67
337.74	6544.67
337.74	6607.33
337.74	6660.67
337.74	6720.67
337.74	6779.33
337.74	6853.33
337.75	6923.33
337.75	6988.00
337.75	7070.00
337.75	7130.67
337.75	7178.67
337.75	7279.33
337.75	7329.33
337.75	7409.33
337.75	7486.00
337.76	7544.67
337.76	7615.33
337.76	7676.00
337.76	7750.00
337.76	7832.67
337.76	7898.67
337.76	7956.00
337.76	8049.33
337.77	8100.67
337.77	8164.00
337.77	8248.00
337.77	8291.33
337.77	8376.00
337.77	8430.67
337.77	8484.00
337.77	8576.00
337.77	8606.00
337.78	8679.33
337.78	8754.00
337.78	8786.67
337.78	8863.33
337.78	8920.00
337.78	8954.00
337.78	9036.00
337.78	9088.00
337.79	9168.00
337.79	9232.67
337.79	9263.33
337.79	9340.00
337.79	9389.33
337.79	9410.67
337.79	9484.67
337.79	9533.33
337.80	9568.00
337.80	9630.67
337.80	9662.00
337.80	9695.33
337.80	9721.33
337.80	9755.33
337.80	9811.33
337.80	9850.67
337.80	9880.00
337.81	9891.33
337.81	9930.67
337.81	9958.67
337.81	9986.00
337.81	10002.00
337.81	10018.00
337.81	10040.00
337.81	10040.00
337.82	10042.67
337.82	10046.00
337.82	10050.67
337.82	10040.00
337.82	10058.67
337.82	10046.00
337.82	10048.67
337.82	10064.00
337.82	10040.00
337.83	10008.00
337.83	9994.67
337.83	9978.00
337.83	9956.67
337.83	9908.00
337.83	9863.33
337.83	9839.33
337.83	9784.67
337.84	9734.00
337.84	9711.33
337.84	9634.67
337.84	9577.33
337.84	9527.33
337.84	9438.00
337.84	9396.67
337.84	9318.67
337.85	9224.00
337.85	9164.67
337.85	9071.33
337.85	8984.00
337.85	8918.00
337.85	8792.67
337.85	8723.33
337.85	8649.33
337.85	8518.67
337.86	8451.33
337.86	8320.00
337.86	8194.00
337.86	8113.33
337.86	7972.00
337.86	7833.33
337.86	7734.67
337.86	7568.00
337.87	7452.67
337.87	7335.33
337.87	7171.33
337.87	7052.67
337.87	6879.33
337.87	6710.00
337.87	6601.33
337.87	6396.67
337.87	6247.33
337.88	6113.33
337.88	5897.33
337.88	5758.67
337.88	5563.33
337.88	5357.33
337.88	5229.33
337.88	5001.33
337.88	4808.67
337.89	4662.00
337.89	4424.00
337.89	4279.33
337.89	4106.00
337.89	3874.67
337.89	3733.33
337.89	3509.33
337.89	3276.67
337.90	3127.33
337.90	2858.67
337.90	2650.67
337.90	2454.00
337.90	2186.00
337.90	2002.67
337.90	1784.00
337.90	1519.33
337.90	1348.00
337.91	1085.33
337.91	858.67
337.91	698.00
337.91	421.33
337.91	236.67
337.91	31.33
337.91	-234.67
337.91	-368.00
337.92	-604.67
337.92	-850.00
337.92	-1001.34
337.92	-1272.00
337.92	-1487.33
337.92	-1650.00
337.92	-1944.00
337.92	-2118.66
337.93	-2349.34
337.93	-2629.34
337.93	-2782.67
337.93	-3031.34
337.93	-3264.67
337.93	-3427.33
337.93	-3684.67
337.93	-3859.34
337.93	-4042.67
337.94	-4284.67
337.94	-4426.67
337.94	-4629.34
337.94	-4836.00
337.94	-4960.00
337.94	-5188.00
337.94	-5376.67
337.94	-5539.34
337.95	-5776.00
337.95	-5921.34
337.95	-6096.67
337.95	-6322.00
337.95	-6449.34
337.95	-6639.34
337.95	-6816.00
337.95	-6934.00
337.95	-7124.67
337.96	-7262.00
337.96	-7375.33
337.96	-7567.33
337.96	-7658.00
337.96	-7807.33
337.96	-7964.67
337.96	-8060.00
337.96	-8212.00
337.97	-8350.00
337.97	-8458.00
337.97	-8619.34
337.97	-8725.33
337.97	-8820.66
337.97	-8952.67
337.97	-9044.00
337.97	-9144.00
337.98	-9252.67
337.98	-9304.00
337.98	-9410.66
337.98	-9483.33
337.98	-9551.34
337.98	-9646.67
337.98	-9685.33
337.98	-9762.67
337.98	-9838.00
337.99	-9886.00
337.99	-9958.00
337.99	-10012.00
337.99	-10046.00
337.99	-10108.00
337.99	-10160.00
337.99	-10188.00
337.99	-10218.00
338.00	-10240.00
338.00	-10275.33
338.00	-10322.67
338.00	-10329.34
338.00	-10357.33
338.00	-10362.00
338.00	-10374.67
338.00	-10404.00
338.00	-10430.66
338.01	-10418.00
338.01	-10412.67
338.01	-10424.67
338.01	-10414.00
338.01	-10400.66
338.01	-10366.67
338.01	-10356.67
338.01	-10352.00
338.02	-10354.67
338.02	-10338.00
338.02	-10324.67
338.02	-10294.00
338.02	-10240.66
338.02	-10228.00
338.02	-10193.33
338.02	-10174.00
338.03	-10127.33
338.03	-10096.00
338.03	-10073.33
338.03	-10030.66
338.03	-9967.33
338.03	-9947.33
338.03	-9892.00
338.03	-9838.66
338.03	-9800.00
338.04	-9726.67
338.04	-9693.33
338.04	-9650.00
338.04	-9582.67
338.04	-9534.67
338.04	-9472.00
338.04	-9404.00
338.04	-9368.00
338.05	-9288.66
338.05	-9229.34
338.05	-9189.34
338.05	-9113.33
338.05	-9067.33
338.05	-9020.00
338.05	-8932.00
338.05	-8890.00
338.05	-8823.33
338.06	-8751.34
338.06	-8691.34
338.06	-8620.66
338.06	-8566.67
338.06	-8507.33
338.06	-8413.33
338.06	-8352.67
338.06	-8286.00
338.07	-8204.67
338.07	-8156.00
338.07	-8064.67
338.07	-7996.00
338.07	-7944.00
338.07	-7856.00
338.07	-7805.33
338.07	-7750.00
338.08	-7652.67
338.08	-7598.00
338.08	-7526.00
338.08	-7455.33
338.08	-7406.00
338.08	-7330.66
338.08	-7266.00
338.08	-7213.33
338.08	-7114.00
338.09	-7082.00
338.09	-7031.34
338.09	-6926.67
338.09	-6900.00
338.09	-6834.00
338.09	-6760.00
338.09	-6730.66
338.09	-6645.33
338.10	-6592.67
338.10	-6532.67
338.10	-6452.67
338.10	-6404.00
338.10	-6348.66
338.10	-6285.33
338.10	-6230.66
338.10	-6151.34
338.11	-6120.00
338.11	-6054.00
338.11	-5979.34
338.11	-5929.34
338.11	-5871.34
338.11	-5811.34
338.11	-5779.34
338.11	-5716.67
338.11	-5641.34
338.12	-5603.33
338.12	-5522.00
338.12	-5480.66
338.12	-5471.34
338.12	-5389.34
338.12	-5351.34
338.12	-5306.67
338.12	-5254.67
338.13	-5207.33
338.13	-5147.33
338.13	-5082.00
338.13	-5060.00
338.13	-4994.67
338.13	-4949.34
338.13	-4908.00
338.13	-4843.33
338.13	-4830.66
338.14	-4764.00
338.14	-4718.00
338.14	-4680.00
338.14	-4629.34
338.14	-4588.66
338.14	-4546.67
338.14	-4498.66
338.14	-4450.00
338.15	-4417.33
338.15	-4360.00
338.15	-4320.66
338.15	-4268.00
338.15	-4239.34
338.15	-4203.33
338.15	-4148.00
338.15	-4114.00
338.16	-4072.67
338.16	-4040.00
338.16	-3990.66
338.16	-3959.34
338.16	-3930.66
338.16	-3882.00
338.16	-3860.66
338.16	-3820.00
338.16	-3788.66
338.17	-3732.00
338.17	-3708.66
338.17	-3669.34
338.17	-3630.00
338.17	-3601.34
338.17	-3564.67
338.17	-3515.33
338.17	-3480.00
338.18	-3453.33
338.18	-3437.33
338.18	-3402.00
338.18	-3368.66
338.18	-3342.00
338.18	-3328.66
338.18	-3280.66
338.18	-3240.66
338.18	-3216.00
338.19	-3202.67
338.19	-3160.00
338.19	-3130.00
338.19	-3108.66
338.19	-3080.00
338.19	-3050.00
338.19	-3012.00
338.19	-2996.00
338.20	-2980.00
338.20	-2939.34
338.20	-2925.33
338.20	-2910.66
338.20	-2867.33
338.20	-2834.00
338.20	-2805.33
338.20	-2786.00
338.21	-2760.00
338.21	-2738.66
338.21	-2706.67
338.21	-2683.33
338.21	-2674.00
338.21	-2644.00
338.21	-2634.67
338.21	-2610.66
338.21	-2600.00
338.22	-2552.67
338.22	-2536.00
338.22	-2516.67
338.22	-2494.00
338.22	-2460.00
338.22	-2440.00
338.22	-2440.00
338.22	-2414.67
338.23	-2402.67
338.23	-2360.00
338.23	-2381.34
338.23	-2350.00
338.23	-2310.66
338.23	-2280.00
338.23	-2286.00
338.23	-2280.00
338.24	-2270.66
338.24	-2232.67
338.24	-2200.66
338.24	-2182.00
338.24	-2172.00
338.24	-2153.33
338.24	-2122.67
338.24	-2125.33
338.24	-2125.33
338.25	-2084.00
338.25	-2044.00
338.25	-2040.66
338.25	-2043.33
338.25	-2040.66
338.25	-2032.00
338.25	-2011.34
338.25	-1962.67
338.26	-1957.33
338.26	-1947.33
338.26	-1940.00
338.26	-1928.00
338.26	-1884.67
338.26	-1881.34
338.26	-1873.33
338.26	-1861.34
338.26	-1848.66
338.27	-1833.33
338.27	-1806.67
338.27	-1800.00
338.27	-1800.00
338.27	-1782.67
338.27	-1780.66
338.27	-1760.00
338.27	-1754.67
338.28	-1742.67
338.28	-1720.00
338.28	-1701.34
338.28	-1686.00
338.28	-1686.00
338.28	-1667.33
338.28	-1642.67
338.28	-1647.33
338.29	-1640.00
338.29	-1616.67
338.29	-1621.34
338.29	-1600.00
338.29	-1569.34
338.29	-1560.00
338.29	-1556.00
338.29	-1556.67
338.29	-1560.66
338.30	-1543.33
338.30	-1522.67
338.30	-1514.67
338.30	-1490.00
338.30	-1480.66
338.30	-1480.00
338.30	-1470.00
338.30	-1440.00
338.31	-1427.33
338.31	-1424.67
338.31	-1422.67
338.31	-1406.67
338.31	-1430.00
338.31	-1423.33
338.31	-1392.00
338.31	-1379.34
338.31	-1375.33
338.32	-1363.33
338.32	-1343.33
338.32	-1341.34
338.32	-1326.67
338.32	-1322.00
338.32	-1337.33
338.32	-1320.00
338.32	-1290.00
338.33	-1280.00
338.33	-1280.00
338.33	-1278.00
338.33	-1280.00
338.33	-1273.33
338.33	-1240.00
338.33	-1240.00
338.33	-1232.67
338.34	-1224.00
338.34	-1220.00
338.34	-1211.34
338.34	-1213.33
338.34	-1201.34
338.34	-1174.67
338.34	-1194.67
338.34	-1192.00
338.34	-1160.00
338.35	-1160.00
338.35	-1160.00
338.35	-1160.00
338.35	-1160.00
338.35	-1149.34
338.35	-1136.00
338.35	-1120.00
338.35	-1119.34
338.36	-1091.34
338.36	-1081.34
338.36	-1114.67
338.36	-1082.00
338.36	-1086.67
338.36	-1114.00
338.36	-1106.00
338.36	-1081.34
338.36	-1089.34
338.37	-1072.67
338.37	-1056.67
338.37	-1052.67
338.37	-1038.66
338.37	-1031.34
338.37	-1032.00
338.37	-1040.00
338.37	-1038.66
338.38	-1036.67
338.38	-1018.00
338.38	-1014.67
338.38	-1012.00
338.38	-1000.00
338.38	-1000.00
338.38	-992.67
338.38	-995.33
338.39	-1000.00
338.39	-1000.00
338.39	-983.33
338.39	-976.67
338.39	-954.00
338.39	-922.00
338.39	-935.33
338.39	-924.67
338.39	-920.00
338.40	-920.00
338.40	-920.66
338.40	-920.00
338.40	-914.00
338.40	-910.00
338.40	-901.34
338.40	-893.33
338.40	-901.34
338.41	-900.66
338.41	-896.00
338.41	-886.67
338.41	-879.34
338.41	-863.33
338.41	-863.33
338.41	-849.34
338.41	-844.00
338.42	-852.00
338.42	-846.00
338.42	-852.67
338.42	-847.33
338.42	-874.00
338.42	-859.34
338.42	-840.00
338.42	-827.33
338.42	-836.67
338.43	-827.33
338.43	-815.33
338.43	-819.34
338.43	-822.00
338.43	-807.33
338.43	-800.00
338.43	-814.67
338.43	-798.66
338.44	-791.34
338.44	-767.33
338.44	-766.67
338.44	-768.00
338.44	-765.33
338.44	-776.00
338.44	-796.67
338.44	-790.66
338.44	-747.33
338.45	-749.34
338.45	-780.66
338.45	-744.67
338.45	-738.66
338.45	-740.66
338.45	-745.33
338.45	-747.33
338.45	-763.33
338.46	-754.00
338.46	-740.00
338.46	-736.67
338.46	-734.00
338.46	-711.34
338.46	-696.00
338.46	-686.00
338.46	-693.33
338.47	-710.66
338.47	-706.67
338.47	-707.33
338.47	-704.67
338.47	-703.33
338.47	-713.33
338.47	-696.00
338.47	-682.00
338.47	-693.33
338.48	-678.66
338.48	-666.67
338.48	-676.00
338.48	-692.67
338.48	-684.67
338.48	-670.00
338.48	-668.00
338.48	-661.34
338.49	-659.34
338.49	-661.34
338.49	-666.00
338.49	-663.33
338.49	-666.67
338.49	-666.00
338.49	-660.66
338.49	-661.34
338.49	-660.00
338.50	-659.34
338.50	-657.33
338.50	-657.33
338.50	-653.33
338.50	-648.00
338.50	-651.34
338.50	-646.67
338.50	-644.67
338.51	-648.66
338.51	-637.33
338.51	-601.34
338.51	-600.00
338.51	-604.00
338.51	-600.00
338.51	-600.00
338.51	-602.67
338.52	-600.00
338.52	-612.67
338.52	-635.33
338.52	-618.00
338.52	-601.34
338.52	-612.00
338.52	-612.67
338.52	-596.00
338.52	-590.00
338.53	-605.33
338.53	-598.66
338.53	-586.00
338.53	-588.66
338.53	-590.00
338.53	-586.00
338.53	-584.00
338.53	-580.00
338.54	-566.00
338.54	-569.34
338.54	-569.34
338.54	-568.00
338.54	-568.00
338.54	-581.34
338.54	-580.00
338.54	-580.00
338.55	-580.00
338.55	-580.00
338.55	-570.66
338.55	-540.00
338.55	-556.00
338.55	-550.00
338.55	-543.33
338.55	-523.33
338.55	-530.00
338.56	-545.33
338.56	-552.67
338.56	-528.00
338.56	-520.66
338.56	-521.34
338.56	-520.00
338.56	-520.66
338.56	-546.00
338.57	-548.66
338.57	-543.33
338.57	-546.67
338.57	-558.00
338.57	-543.33
338.57	-560.00
338.57	-551.34
338.57	-553.33
338.57	-542.00
338.58	-528.00
338.58	-546.00
338.58	-553.33
338.58	-532.67
338.58	-524.00
338.58	-526.00
338.58	-542.00
338.58	-520.66
338.59	-520.66
338.59	-510.00
338.59	-493.33
338.59	-487.33
338.59	-487.33
338.59	-499.34
338.59	-482.00
338.59	-480.00
338.60	-488.00
338.60	-510.66
338.60	-506.00
338.60	-507.33
338.60	-518.00
338.60	-500.66
338.60	-488.00
338.60	-504.67
338.60	-486.67
338.61	-477.33
338.61	-480.00
338.61	-480.00
338.61	-464.00
338.61	-462.67
338.61	-479.34
338.61	-478.66
338.61	-479.34
338.62	-460.00
338.62	-462.67
338.62	-456.00
338.62	-470.00
338.62	-462.00
338.62	-451.34
338.62	-468.00
338.62	-450.66
338.62	-442.00
338.63	-456.67
338.63	-452.00
338.63	-472.00
338.63	-480.00
338.63	-464.67
338.63	-450.00
338.63	-454.67
338.63	-456.00
338.64	-454.00
338.64	-460.00
338.64	-440.00
338.64	-440.00
338.64	-444.67
338.64	-469.34
338.64	-469.34
338.64	-461.34
338.65	-456.00
338.65	-462.67
338.65	-463.33
338.65	-462.67
338.65	-450.66
338.65	-462.67
338.65	-439.34
338.65	-462.67
338.65	-466.00
338.66	-452.67
338.66	-426.00
338.66	-438.66
338.66	-440.66
338.66	-426.67
338.66	-428.00
338.66	-452.67
338.66	-431.34
338.67	-450.66
338.67	-446.67
338.67	-432.00
338.67	-430.00
338.67	-422.00
338.67	-420.00
338.67	-420.66
338.67	-423.33
338.67	-422.67
338.68	-420.00
338.68	-422.67
338.68	-424.00
338.68	-420.00
338.68	-434.00
338.68	-450.00
338.68	-422.00
338.68	-420.00
338.69	-422.00
338.69	-421.34
338.69	-421.34
338.69	-423.33
338.69	-421.34
338.69	-414.67
338.69	-406.67
338.69	-407.33
338.70	-406.67
338.70	-403.33
338.70	-408.00
338.70	-399.34
338.70	-386.67
338.70	-402.00
338.70	-413.33
338.70	-412.00
338.70	-410.00
338.71	-402.67
338.71	-401.34
338.71	-416.00
338.71	-413.33
338.71	-392.67
338.71	-406.67
338.71	-411.34
338.71	-386.67
338.72	-368.00
338.72	-383.33
338.72	-390.66
338.72	-386.00
338.72	-393.33
338.72	-392.67
338.72	-384.67
338.72	-393.33
338.73	-406.67
338.73	-396.67
338.73	-398.66
338.73	-400.00
338.73	-392.67
338.73	-382.67
338.73	-390.66
338.73	-376.00
338.73	-367.33
338.74	-376.67
338.74	-389.34
338.74	-369.34
338.74	-370.00
338.74	-392.00
338.74	-381.34
338.74	-398.66
338.74	-376.00
338.75	-382.00
338.75	-376.00
338.75	-390.00
338.75	-394.00
338.75	-370.00
338.75	-386.00
338.75	-385.33
338.75	-366.00
338.75	-377.33
338.76	-382.00
338.76	-380.66
338.76	-390.00
338.76	-400.00
338.76	-378.00
338.76	-392.00
338.76	-392.67
338.76	-392.00
338.77	-362.67
338.77	-375.33
338.77	-386.00
338.77	-373.33
338.77	-369.34
338.77	-374.67
338.77	-398.00
338.77	-374.00
338.78	-383.33
338.78	-378.66
338.78	-361.34
338.78	-360.00
338.78	-363.33
338.78	-371.34
338.78	-398.66
338.78	-370.66
338.78	-377.33
338.79	-374.67
338.79	-372.00
338.79	-390.00
338.79	-378.00
338.79	-360.66
338.79	-360.00
338.79	-361.34
338.79	-372.00
338.80	-370.00
338.80	-365.33
338.80	-367.33
338.80	-361.34
338.80	-369.34
338.80	-360.66
338.80	-364.67
338.80	-390.00
338.80	-376.00
338.81	-378.66
338.81	-382.67
338.81	-361.34
338.81	-360.66
338.81	-360.00
338.81	-362.67
338.81	-360.00
338.81	-360.00
338.82	-368.66
338.82	-360.00
338.82	-361.34
338.82	-360.00
338.82	-360.00
338.82	-344.67
338.82	-360.00
338.82	-352.00
338.83	-346.00
338.83	-350.00
338.83	-360.00
338.83	-346.00
338.83	-354.67
338.83	-360.00
338.83	-360.00
338.83	-360.00
338.83	-360.00
338.84	-360.00
338.84	-360.00
338.84	-355.33
338.84	-360.00
338.84	-360.00
338.84	-344.67
338.84	-359.34
338.84	-360.00
338.85	-360.00
338.85	-360.00
338.85	-360.00
338.85	-360.00
338.85	-360.00
338.85	-340.66
338.85	-340.00
338.85	-340.66
338.85	-360.00
338.86	-341.34
338.86	-348.66
338.86	-360.00
338.86	-328.00
338.86	-343.33
338.86	-360.00
338.86	-328.00
338.86	-320.00
338.87	-356.00
338.87	-360.00
338.87	-334.00
338.87	-344.00
338.87	-354.00
338.87	-347.33
338.87	-360.00
338.87	-360.00
338.88	-360.00
338.88	-360.00
338.88	-344.67
338.88	-328.00
338.88	-348.66
338.88	-348.00
338.88	-360.00
338.88	-336.67
338.88	-335.33
338.89	-318.00
338.89	-320.00
338.89	-347.33
338.89	-336.00
338.89	-336.00
338.89	-338.00
338.89	-320.00
338.89	-312.67
338.90	-317.33
338.90	-352.00
338.90	-320.00
338.90	-313.33
338.90	-320.00
338.90	-320.66
338.90	-306.00
338.90	-303.33
338.91	-338.00
338.91	-346.00
338.91	-310.00
338.91	-319.34
338.91	-307.33
338.91	-343.33
338.91	-320.00
338.91	-320.00
338.91	-316.67
338.92	-318.66
338.92	-336.67
338.92	-316.67
338.92	-320.00
338.92	-320.00
338.92	-320.00
338.92	-320.00
338.92	-345.33
338.93	-319.34
338.93	-296.67
338.93	-317.33
338.93	-318.00
338.93	-315.33
338.93	-320.00
338.93	-343.33
338.93	-320.00
338.93	-316.00
338.94	-318.00
338.94	-308.66
338.94	-303.33
338.94	-318.66
338.94	-320.00
338.94	-319.34
338.94	-312.67
338.94	-308.66
338.95	-320.00
338.95	-318.66
338.95	-314.00
338.95	-302.00
338.95	-302.67
338.95	-302.67
338.95	-282.00
338.95	-286.00
338.96	-288.66
338.96	-280.66
338.96	-280.66
338.96	-282.67
338.96	-293.33
338.96	-286.67
338.96	-289.34
338.96	-282.67
338.96	-286.00
338.97	-306.67
338.97	-319.34
338.97	-300.66
338.97	-318.00
338.97	-329.34
338.97	-304.00
338.97	-296.00
338.97	-294.00
338.98	-286.67
338.98	-282.00
338.98	-280.00
338.98	-280.00
338.98	-280.00
338.98	-280.00
338.98	-293.33
338.98	-313.33
338.98	-314.00
338.99	-317.33
338.99	-314.67
338.99	-286.67
338.99	-280.66
338.99	-285.33
338.99	-281.34
338.99	-295.33
338.99	-288.00
339.00	-290.00
339.00	-293.33
339.00	-296.67
339.00	-283.33
339.00	-282.67
339.00	-292.67
339.00	-286.00
339.00	-291.34
339.01	-310.66
339.01	-294.00
339.01	-280.00
339.01	-280.00
339.01	-298.00
339.01	-291.34
339.01	-280.00
339.01	-280.00
339.01	-280.00
339.02	-284.00
339.02	-280.00
339.02	-290.66
339.02	-280.00
339.02	-301.34
339.02	-306.00
339.02	-280.00
339.02	-280.00
339.03	-286.67
339.03	-284.00
339.03	-280.00
339.03	-283.33
339.03	-280.00
339.03	-280.00
339.03	-280.00
339.03	-280.00
339.04	-277.33
339.04	-272.67
339.04	-278.66
339.04	-280.00
339.04	-280.00
339.04	-280.66
339.04	-280.00
339.04	-280.00
339.04	-280.00
339.05	-287.33
339.05	-283.33
339.05	-280.00
339.05	-277.33
339.05	-294.00
339.05	-274.67
339.05	-280.00
339.05	-281.34
339.06	-280.00
339.06	-280.00
339.06	-280.00
339.06	-280.00
339.06	-280.66
339.06	-282.67
339.06	-283.33
339.06	-282.67
339.06	-296.00
339.07	-280.00
339.07	-280.00
339.07	-287.33
339.07	-280.00
339.07	-280.00
339.07	-276.00
339.07	-278.66
339.07	-294.67
339.08	-284.00
339.08	-280.00
339.08	-280.00
339.08	-295.33
339.08	-320.00
339.08	-289.34
339.08	-280.00
339.08	-280.00
339.09	-278.66
339.09	-315.33
339.09	-314.67
339.09	-320.00
339.09	-296.00
339.09	-280.00
339.09	-280.00
339.09	-280.00
339.09	-279.34
339.10	-278.00
339.10	-286.00
339.10	-278.00
339.10	-281.34
339.10	-284.67
339.10	-272.00
339.10	-280.00
339.10	-280.00
339.11	-280.00
339.11	-278.66
339.11	-280.00
339.11	-278.00
339.11	-287.33
339.11	-265.33
339.11	-268.66
339.11	-278.00
339.11	-298.66
339.12	-320.00
339.12	-283.33
339.12	-296.00
339.12	-278.00
339.12	-276.67
339.12	-280.00
339.12	-280.00
339.12	-279.34
339.13	-274.67
339.13	-294.67
339.13	-287.33
339.13	-272.00
339.13	-270.00
339.13	-263.33
339.13	-269.34
339.13	-265.33
339.14	-277.33
339.14	-268.66
339.14	-269.34
339.14	-270.00
339.14	-276.67
339.14	-294.00
339.14	-276.67
339.14	-272.00
339.14	-273.33
339.15	-270.66
339.15	-274.67
339.15	-272.00
339.15	-271.34
339.15	-266.67
339.15	-265.33
339.15	-272.00
339.15	-278.66
339.16	-280.00
339.16	-271.34
339.16	-276.00
339.16	-278.00
339.16	-277.33
339.16	-275.33
339.16	-273.33
339.16	-274.00
339.16	-273.33
339.17	-280.00
339.17	-280.00
339.17	-277.33
339.17	-280.00
339.17	-274.00
339.17	-276.67
339.17	-272.67
339.17	-268.66
339.18	-273.33
339.18	-277.33
339.18	-272.00
339.18	-270.00
339.18	-272.67
339.18	-276.00
339.18	-277.33
339.18	-270.66
339.19	-278.66
339.19	-278.66
339.19	-264.67
339.19	-279.34
339.19	-292.00
339.19	-274.67
339.19	-284.67
339.19	-282.67
339.19	-279.34
339.20	-280.66
339.20	-266.67
339.20	-274.00
339.20	-269.34
339.20	-266.67
339.20	-266.67
339.20	-276.67
339.20	-294.00
339.21	-277.33
339.21	-278.00
339.21	-280.66
339.21	-272.67
339.21	-262.00
339.21	-262.00
339.21	-288.00
339.21	-269.34
339.22	-270.00
339.22	-270.66
339.22	-276.00
339.22	-272.00
339.22	-262.00
339.22	-275.33
339.22	-264.67
339.22	-266.67
339.22	-266.00
339.23	-270.66
339.23	-264.67
339.23	-272.00
339.23	-277.33
339.23	-279.34
339.23	-296.67
339.23	-274.67
339.23	-272.00
339.24	-268.00
339.24	-265.33
339.24	-264.00
339.24	-270.66
339.24	-270.00
339.24	-262.00
339.24	-260.00
339.24	-276.67
339.24	-286.00
339.25	-277.33
339.25	-276.67
339.25	-274.00
339.25	-263.33
339.25	-262.67
339.25	-268.00
339.25	-268.00
339.25	-261.34
339.26	-267.33
339.26	-268.00
339.26	-266.00
339.26	-269.34
339.26	-272.00
339.26	-262.00
339.26	-262.00
339.26	-261.34
339.27	-259.34
339.27	-260.00
339.27	-261.34
339.27	-264.00
339.27	-264.67
339.27	-276.67
339.27	-269.34
339.27	-264.67
339.27	-267.33
339.28	-276.67
339.28	-271.34
339.28	-261.34
339.28	-276.00
339.28	-290.66
339.28	-269.34
339.28	-280.00
339.28	-273.33
339.29	-265.33
339.29	-263.33
339.29	-266.00
339.29	-275.33
339.29	-264.67
339.29	-262.67
339.29	-262.67
339.29	-260.00
339.29	-260.00
339.30	-261.34
339.30	-261.34
339.30	-262.67
339.30	-263.33
339.30	-269.34
339.30	-264.00
339.30	-264.67
339.30	-261.34
339.31	-258.66
339.31	-262.00
339.31	-262.67
339.31	-260.00
339.31	-260.66
339.31	-262.00
339.31	-260.00
339.31	-268.66
339.32	-280.00
339.32	-263.33
339.32	-267.33
339.32	-267.33
339.32	-265.33
339.32	-266.00
339.32	-263.33
339.32	-260.66
339.32	-260.66
339.33	-263.33
339.33	-264.00
339.33	-262.00
339.33	-267.33
339.33	-268.00
339.33	-260.66
339.33	-263.33
339.33	-260.66
339.34	-260.66
339.34	-260.00
339.34	-262.00
339.34	-262.00
339.34	-261.34
339.34	-266.00
339.34	-265.33
339.34	-262.67
339.35	-260.00
339.35	-256.67
339.35	-259.34
339.35	-259.34
339.35	-264.67
339.35	-264.00
339.35	-260.00
339.35	-258.00
339.35	-260.66
339.36	-259.34
339.36	-260.00
339.36	-260.66
339.36	-261.34
339.36	-262.00
339.36	-260.00
339.36	-258.66
339.36	-256.00
339.37	-254.67
339.37	-254.67
339.37	-264.00
339.37	-264.67
339.37	-262.00
339.37	-262.00
339.37	-268.00
339.37	-272.00
339.37	-264.67
339.38	-263.33
339.38	-264.00
339.38	-264.67
339.38	-262.67
339.38	-266.00
339.38	-264.00
339.38	-266.00
339.38	-266.00
339.39	-261.34
339.39	-260.66
339.39	-260.00
339.39	-268.66
339.39	-261.34
339.39	-260.00
339.39	-259.34
339.39	-252.00
339.40	-248.66
339.40	-256.67
339.40	-262.00
339.40	-258.66
339.40	-259.34
339.40	-262.00
339.40	-260.00
339.40	-260.00
339.40	-260.00
339.41	-260.66
339.41	-261.34
339.41	-260.00
339.41	-252.67
339.41	-254.67
339.41	-260.00
339.41	-254.67
339.41	-256.00
339.42	-260.66
339.42	-261.34
339.42	-261.34
339.42	-258.00
339.42	-259.34
339.42	-259.34
339.42	-258.66
339.42	-260.66
339.42	-260.66
339.43	-260.66
339.43	-260.66
339.43	-261.34
339.43	-260.00
339.43	-254.00
339.43	-255.33
339.43	-260.00
339.43	-256.67
339.44	-260.00
339.44	-260.00
339.44	-260.00
339.44	-257.33
339.44	-248.66
339.44	-252.00
339.44	-256.67
339.44	-260.00
339.45	-260.66
339.45	-266.67
339.45	-267.33
339.45	-265.33
339.45	-263.33
339.45	-264.67
339.45	-260.00
339.45	-261.34
339.45	-268.66
339.46	-270.00
339.46	-260.66
339.46	-260.00
339.46	-262.00
339.46	-254.00
339.46	-254.00
339.46	-252.67
339.46	-257.33
339.47	-254.67
339.47	-256.00
339.47	-259.34
339.47	-260.66
339.47	-260.66
339.47	-262.67
339.47	-256.67
339.47	-260.00
339.47	-260.00
339.48	-250.00
339.48	-244.67
339.48	-254.00
339.48	-254.00
339.48	-260.00
339.48	-260.00
339.48	-260.66
339.48	-262.00
339.49	-262.67
339.49	-268.00
339.49	-262.67
339.49	-258.66
339.49	-261.34
339.49	-260.00
339.49	-254.67
339.49	-259.34
339.50	-252.67
339.50	-256.00
339.50	-258.66
339.50	-259.34
339.50	-254.67
339.50	-256.00
339.50	-258.66
339.50	-253.33
339.50	-259.34
339.51	-262.00
339.51	-255.33
339.51	-245.33
339.51	-259.34
339.51	-260.00
339.51	-248.00
339.51	-260.00
339.51	-260.66
339.52	-259.34
339.52	-256.67
339.52	-260.00
339.52	-262.00
339.52	-257.33
339.52	-260.00
339.52	-256.67
339.52	-253.33
339.53	-251.34
339.53	-258.66
339.53	-259.34
339.53	-260.66
339.53	-260.00
339.53	-258.66
339.53	-260.00
339.53	-262.67
339.53	-262.00
339.54	-261.34
339.54	-268.00
339.54	-258.66
339.54	-256.00
339.54	-259.34
339.54	-259.34
339.54	-256.00
339.54	-260.00
339.55	-261.34
339.55	-254.67
339.55	-258.66
339.55	-268.00
339.55	-268.66
339.55	-259.34
339.55	-261.34
339.55	-266.00
339.55	-268.00
339.56	-261.34
339.56	-261.34
339.56	-261.34
339.56	-259.34
339.56	-260.66
339.56	-249.34
339.56	-250.66
339.56	-260.00
339.57	-258.66
339.57	-250.00
339.57	-258.66
339.57	-258.00
339.57	-252.67
339.57	-252.00
339.57	-260.00
339.57	-254.00
339.58	-244.67
339.58	-259.34
339.58	-260.00
339.58	-262.00
339.58	-264.00
339.58	-254.00
339.58	-251.34
339.58	-260.66
339.58	-259.34
339.59	-260.00
339.59	-258.66
339.59	-255.33
339.59	-260.00
339.59	-264.00
339.59	-260.00
339.59	-260.00
339.59	-258.00
339.60	-260.00
339.60	-258.66
339.60	-247.33
339.60	-258.00
339.60	-260.00
339.60	-258.66
339.60	-259.34
339.60	-258.66
339.60	-258.66
339.61	-250.66
339.61	-260.00
339.61	-247.33
339.61	-254.00
339.61	-256.67
339.61	-257.33
339.61	-260.00
339.61	-260.00
339.62	-260.00
339.62	-258.66
339.62	-260.66
339.62	-251.34
339.62	-224.67
339.62	-244.67
339.62	-255.33
339.62	-248.66
339.63	-240.00
339.63	-254.00
339.63	-252.67
339.63	-248.66
339.63	-256.00
339.63	-262.00
339.63	-259.34
339.63	-258.00
339.63	-254.00
339.64	-260.00
339.64	-258.66
339.64	-258.66
339.64	-260.00
339.64	-259.34
339.64	-254.67
339.64	-254.67
339.64	-252.00
339.65	-256.67
339.65	-252.67
339.65	-252.00
339.65	-251.34
339.65	-252.00
339.65	-241.34
339.65	-242.00
339.65	-253.33
339.65	-251.34
339.66	-246.00
339.66	-256.00
339.66	-255.33
339.66	-254.00
339.66	-252.67
339.66	-250.66
339.66	-255.33
339.66	-256.00
339.67	-260.00
339.67	-246.67
339.67	-238.66
339.67	-241.34
339.67	-259.34
339.67	-246.00
339.67	-243.33
339.67	-226.00
339.68	-216.67
339.68	-238.00
339.68	-250.66
339.68	-244.00
339.68	-250.66
339.68	-258.00
339.68	-258.00
339.68	-252.00
339.68	-261.34
339.69	-262.00
339.69	-259.34
339.69	-261.34
339.69	-258.00
339.69	-259.34
339.69	-247.33
339.69	-244.67
339.69	-250.66
339.70	-251.34
339.70	-259.34
339.70	-249.34
339.70	-255.33
339.70	-249.34
339.70	-258.00
339.70	-260.00
339.70	-260.00
339.71	-250.66
339.71	-240.66
339.71	-250.00
339.71	-251.34
339.71	-233.33
339.71	-241.34
339.71	-254.00
339.71	-247.33
339.71	-239.34
339.72	-257.33
339.72	-261.34
339.72	-260.00
339.72	-248.00
339.72	-259.34
339.72	-259.34
339.72	-244.00
339.72	-240.66
339.73	-252.00
339.73	-244.67
339.73	-226.00
339.73	-238.00
339.73	-245.33
339.73	-248.66
339.73	-237.33
339.73	-215.33
339.73	-230.00
339.74	-243.33
339.74	-248.00
339.74	-252.67
339.74	-248.66
339.74	-236.00
339.74	-238.00
339.74	-239.34
339.74	-253.33
339.75	-240.66
339.75	-249.34
339.75	-252.67
339.75	-250.66
339.75	-246.67
339.75	-233.33
339.75	-244.00
339.75	-251.34
339.76	-258.00
339.76	-258.00
339.76	-252.67
339.76	-247.33
339.76	-248.00
339.76	-254.00
339.76	-250.00
339.76	-222.67
339.76	-226.00
339.77	-244.00
339.77	-258.00
339.77	-262.00
339.77	-259.34
339.77	-258.66
339.77	-254.67
339.77	-248.66
339.77	-244.67
339.78	-255.33
339.78	-261.34
339.78	-234.67
339.78	-247.33
339.78	-247.33
339.78	-246.67
339.78	-255.33
339.78	-250.00
339.78	-249.34
339.79	-246.67
339.79	-256.00
339.79	-261.34
339.79	-257.33
339.79	-248.00
339.79	-246.00
339.79	-254.00
339.79	-250.66
339.80	-247.33
339.80	-240.66
339.80	-240.00
339.80	-239.34
339.80	-242.00
339.80	-250.00
339.80	-258.00
339.80	-250.00
339.81	-242.67
339.81	-252.67
339.81	-257.33
339.81	-241.34
339.81	-246.67
339.81	-254.67
339.81	-256.00
339.81	-258.66
339.81	-260.66
339.82	-256.00
339.82	-244.00
339.82	-217.33
339.82	-216.00
339.82	-229.34
339.82	-248.00
339.82	-230.66
339.82	-229.34
339.83	-248.66
339.83	-243.33
339.83	-246.00
339.83	-251.34
339.83	-254.67
339.83	-242.67
339.83	-235.33
339.83	-241.34
339.84	-244.00
339.84	-240.00
339.84	-246.67
339.84	-256.67
339.84	-254.00
339.84	-242.67
339.84	-244.00
339.84	-250.00
339.84	-260.00
339.85	-253.33
339.85	-244.67
339.85	-252.67
339.85	-245.33
339.85	-244.67
339.85	-248.66
339.85	-254.00
339.85	-247.33
339.86	-234.00
339.86	-245.33
339.86	-250.00
339.86	-237.33
339.86	-243.33
339.86	-238.66
339.86	-244.67
339.86	-240.00
339.86	-252.67
339.87	-244.00
339.87	-244.67
339.87	-252.00
339.87	-254.00
339.87	-254.67
339.87	-250.00
339.87	-248.00
339.87	-233.33
339.88	-227.33
339.88	-247.33
339.88	-235.33
339.88	-223.33
339.88	-235.33
339.88	-242.67
339.88	-244.67
339.88	-252.00
339.89	-249.34
339.89	-240.00
339.89	-240.66
339.89	-250.66
339.89	-243.33
339.89	-242.67
339.89	-250.00
339.89	-248.66
339.89	-244.67
339.90	-242.00
339.90	-256.00
339.90	-232.00
339.90	-227.33
339.90	-241.34
339.90	-248.66
339.90	-259.34
339.90	-237.33
339.91	-239.34
339.91	-240.00
339.91	-246.00
339.91	-240.00
339.91	-241.34
339.91	-256.67
339.91	-260.00
339.91	-251.34
339.91	-258.00
339.92	-256.67
339.92	-256.67
339.92	-256.67
339.92	-258.00
339.92	-249.34
339.92	-241.34
339.92	-248.66
339.92	-231.34
339.93	-216.00
339.93	-228.00
339.93	-238.66
339.93	-244.67
339.93	-247.33
339.93	-241.34
339.93	-240.00
339.93	-245.33
339.94	-236.67
339.94	-249.34
339.94	-242.00
339.94	-229.34
339.94	-242.00
339.94	-224.67
339.94	-241.34
339.94	-248.66
339.94	-240.66
339.95	-244.00
339.95	-251.34
339.95	-247.33
339.95	-254.00
339.95	-260.00
339.95	-260.00
339.95	-252.00
339.95	-246.67
339.96	-251.34
339.96	-230.00
339.96	-247.33
339.96	-256.00
339.96	-246.00
339.96	-228.00
339.96	-242.67
339.96	-250.00
339.96	-254.67
339.97	-255.33
339.97	-244.00
339.97	-241.34
339.97	-250.00
339.97	-248.66
339.97	-242.00
339.97	-246.67
339.97	-238.66
339.98	-238.66
339.98	-248.66
339.98	-258.66
339.98	-252.67
339.98	-258.00
339.98	-252.00
339.98	-254.67
339.98	-236.67
339.99	-235.33
339.99	-234.00
339.99	-226.67
339.99	-236.00
339.99	-240.66
339.99	-254.00
339.99	-244.00
339.99	-246.67
339.99	-258.00
340.00	-260.00
340.00	-256.00
340.00	-256.00
340.00	-253.33
340.00	-258.00
340.00	-252.00
340.00	-250.00
340.00	-230.00
340.01	-232.00
340.01	-217.33
340.01	-212.00
340.01	-245.33
340.01	-247.33
340.01	-240.00
340.01	-244.67
340.01	-229.34
340.02	-217.33
340.02	-206.00
340.02	-239.34
340.02	-250.66
340.02	-258.66
340.02	-243.33
340.02	-239.34
340.02	-245.33
340.02	-248.00
340.03	-254.00
340.03	-244.00
340.03	-250.66
340.03	-243.33
340.03	-218.66
340.03	-232.67
340.03	-241.34
340.03	-241.34
340.04	-242.00
340.04	-250.00
340.04	-254.67
340.04	-248.66
340.04	-246.67
340.04	-248.00
340.04	-234.67
340.04	-211.34
340.04	-240.66
340.05	-234.67
340.05	-222.00
340.05	-201.34
340.05	-208.66
340.05	-237.33
340.05	-256.67
340.05	-254.00
340.05	-248.66
340.06	-234.00
340.06	-219.34
340.06	-228.66
340.06	-238.00
340.06	-248.66
340.06	-230.00
340.06	-238.66
340.06	-234.67
340.07	-226.00
340.07	-245.33
340.07	-259.34
340.07	-258.00
340.07	-252.00
340.07	-254.00
340.07	-254.00
340.07	-229.34
340.07	-217.33
340.08	-244.67
340.08	-250.00
340.08	-245.33
340.08	-254.00
340.08	-248.66
340.08	-251.34
340.08	-252.67
340.08	-244.00
340.09	-244.00
340.09	-240.66
340.09	-241.34
340.09	-246.00
340.09	-244.67
340.09	-243.33
340.09	-227.33
340.09	-243.33
340.09	-258.66
340.10	-253.33
340.10	-252.00
340.10	-234.00
340.10	-220.00
340.10	-220.66
340.10	-211.34
340.10	-229.34
340.10	-240.00
340.11	-246.00
340.11	-250.00
340.11	-253.33
340.11	-231.34
340.11	-241.34
340.11	-240.66
340.11	-230.66
340.11	-235.33
340.12	-246.67
340.12	-231.34
340.12	-244.00
340.12	-252.00
340.12	-249.34
340.12	-253.33
340.12	-242.67
340.12	-215.33
340.12	-220.00
340.13	-218.00
340.13	-232.00
340.13	-229.34
340.13	-235.33
340.13	-244.67
340.13	-244.67
340.13	-248.66
340.13	-251.34
340.14	-250.00
340.14	-236.67
340.14	-233.33
340.14	-209.34
340.14	-232.67
340.14	-242.67
340.14	-232.00
340.14	-242.00
340.14	-240.00
340.15	-239.34
340.15	-239.34
340.15	-250.66
340.15	-255.33
340.15	-260.00
340.15	-256.00
340.15	-248.66
340.15	-238.00
340.16	-225.33
340.16	-228.00
340.16	-242.00
340.16	-245.33
340.16	-241.34
340.16	-249.34
340.16	-238.00
340.16	-223.33
340.17	-225.33
340.17	-237.33
340.17	-230.66
340.17	-232.67
340.17	-244.67
340.17	-246.67
340.17	-245.33
340.17	-232.67
340.17	-213.33
340.18	-214.00
340.18	-232.00
340.18	-229.34
340.18	-212.00
340.18	-239.34
340.18	-240.00
340.18	-220.66
340.18	-232.67
340.19	-244.00
340.19	-246.67
340.19	-239.34
340.19	-242.67
340.19	-227.33
340.19	-222.67
340.19	-236.00
340.19	-249.34
340.20	-246.67
340.20	-241.34
340.20	-243.33
340.20	-249.34
340.20	-258.00
340.20	-246.00
340.20	-242.67
340.20	-250.00
340.20	-246.00
340.21	-218.00
340.21	-232.67
340.21	-232.00
340.21	-243.33
340.21	-236.67
340.21	-242.00
340.21	-244.00
340.21	-244.00
340.22	-242.00
340.22	-238.00
340.22	-244.67
340.22	-257.33
340.22	-244.00
340.22	-240.66
340.22	-242.67
340.22	-257.33
340.22	-248.66
340.23	-240.00
340.23	-240.00
340.23	-240.00
340.23	-226.67
340.23	-236.67
340.23	-239.34
340.23	-248.66
340.23	-247.33
340.24	-251.34
340.24	-246.67
340.24	-246.67
340.24	-259.34
340.24	-259.34
340.24	-243.33
340.24	-248.00
340.24	-256.00
340.25	-256.67
340.25	-240.66
340.25	-250.66
340.25	-240.00
340.25	-220.66
340.25	-242.00
340.25	-249.34
340.25	-236.67
340.25	-247.33
340.26	-251.34
340.26	-233.33
340.26	-226.00
340.26	-229.34
340.26	-208.66
340.26	-230.00
340.26	-240.66
340.26	-225.33
340.27	-223.33
340.27	-238.00
340.27	-234.67
340.27	-209.34
340.27	-216.67
340.27	-231.34
340.27	-223.33
340.27	-227.33
340.27	-232.67
340.28	-244.67
340.28	-216.00
340.28	-219.34
340.28	-221.34
340.28	-224.67
340.28	-245.33
340.28	-247.33
340.28	-250.00
340.29	-245.33
340.29	-240.00
340.29	-222.67
340.29	-225.33
340.29	-216.67
340.29	-216.67
340.29	-232.67
340.29	-248.66
340.30	-244.67
340.30	-243.33
340.30	-256.67
340.30	-248.00
340.30	-240.66
340.30	-248.66
340.30	-254.67
340.30	-243.33
340.30	-232.00
340.31	-228.66
340.31	-224.67
340.31	-208.00
340.31	-206.67
340.31	-238.00
340.31	-244.00
340.31	-248.66
340.31	-256.67
340.32	-256.67
340.32	-248.00
340.32	-236.67
340.32	-228.66
340.32	-224.00
340.32	-226.67
340.32	-245.33
340.32	-243.33
340.33	-248.66
340.33	-252.67
340.33	-240.66
340.33	-239.34
340.33	-234.00
340.33	-225.33
340.33	-235.33
340.33	-260.00
340.33	-255.33
340.34	-236.67
340.34	-206.00
340.34	-210.00
340.34	-245.33
340.34	-247.33
340.34	-249.34
340.34	-242.67
340.34	-242.67
340.35	-225.33
340.35	-227.33
340.35	-242.00
340.35	-248.00
340.35	-241.34
340.35	-244.00
340.35	-254.00
340.35	-241.34
340.35	-215.33
340.36	-240.66
340.36	-250.00
340.36	-254.00
340.36	-246.00
340.36	-253.33
