335.48	-215.33
335.48	-203.33
335.48	-222.00
335.48	-234.67
335.48	-219.34
335.48	-220.66
335.49	-220.00
335.49	-212.67
335.49	-210.66
335.49	-200.00
335.49	-208.66
335.49	-210.00
335.49	-208.66
335.49	-208.00
335.50	-220.00
335.50	-220.66
335.50	-205.33
335.50	-219.34
335.50	-212.67
335.50	-200.00
335.50	-200.00
335.50	-208.00
335.50	-200.00
335.51	-208.66
335.51	-202.67
335.51	-200.00
335.51	-214.67
335.51	-200.00
335.51	-200.00
335.51	-210.00
335.51	-200.00
335.52	-210.66
335.52	-232.67
335.52	-230.00
335.52	-217.33
335.52	-204.00
335.52	-217.33
335.52	-238.66
335.52	-218.66
335.53	-201.34
335.53	-211.34
335.53	-222.00
335.53	-208.66
335.53	-212.67
335.53	-219.34
335.53	-222.00
335.53	-211.34
335.53	-216.00
335.54	-222.67
335.54	-215.33
335.54	-205.33
335.54	-218.66
335.54	-207.33
335.54	-220.66
335.54	-240.00
335.54	-226.00
335.55	-220.66
335.55	-209.34
335.55	-206.67
335.55	-206.00
335.55	-210.66
335.55	-200.00
335.55	-200.00
335.55	-205.33
335.55	-218.66
335.56	-205.33
335.56	-207.33
335.56	-231.34
335.56	-217.33
335.56	-224.00
335.56	-218.00
335.56	-214.00
335.56	-210.66
335.57	-214.00
335.57	-223.33
335.57	-216.67
335.57	-220.66
335.57	-222.67
335.57	-230.66
335.57	-222.67
335.57	-214.67
335.58	-212.67
335.58	-222.00
335.58	-216.00
335.58	-200.00
335.58	-200.00
335.58	-208.66
335.58	-208.66
335.58	-202.67
335.58	-228.00
335.59	-230.66
335.59	-206.00
335.59	-200.66
335.59	-206.00
335.59	-214.67
335.59	-206.00
335.59	-210.00
335.59	-212.67
335.60	-210.00
335.60	-212.00
335.60	-205.33
335.60	-220.66
335.60	-214.67
335.60	-206.67
335.60	-218.00
335.60	-231.34
335.60	-228.66
335.61	-204.00
335.61	-209.34
335.61	-217.33
335.61	-208.00
335.61	-204.67
335.61	-200.00
335.61	-216.00
335.61	-200.00
335.62	-200.00
335.62	-200.00
335.62	-210.00
335.62	-202.00
335.62	-214.67
335.62	-234.67
335.62	-212.67
335.62	-202.67
335.63	-214.67
335.63	-208.66
335.63	-200.00
335.63	-200.00
335.63	-226.67
335.63	-219.34
335.63	-209.34
335.63	-210.66
335.63	-209.34
335.64	-226.00
335.64	-212.67
335.64	-208.66
335.64	-216.00
335.64	-212.67
335.64	-200.00
335.64	-200.00
335.64	-211.34
335.65	-206.67
335.65	-202.00
335.65	-218.66
335.65	-222.00
335.65	-214.67
335.65	-209.34
335.65	-217.33
335.65	-200.00
335.66	-204.00
335.66	-206.67
335.66	-206.67
335.66	-212.67
335.66	-204.00
335.66	-215.33
335.66	-200.00
335.66	-217.33
335.66	-222.67
335.67	-210.66
335.67	-200.00
335.67	-200.00
335.67	-200.00
335.67	-208.00
335.67	-200.00
335.67	-206.67
335.67	-218.66
335.68	-243.33
335.68	-216.67
335.68	-200.00
335.68	-200.00
335.68	-200.00
335.68	-200.00
335.68	-200.00
335.68	-200.00
335.68	-209.34
335.69	-208.00
335.69	-200.00
335.69	-224.67
335.69	-208.00
335.69	-200.00
335.69	-200.00
335.69	-217.33
335.69	-220.66
335.70	-206.00
335.70	-210.00
335.70	-210.00
335.70	-209.34
335.70	-200.00
335.70	-200.00
335.70	-219.34
335.70	-213.33
335.71	-200.00
335.71	-224.00
335.71	-218.66
335.71	-200.00
335.71	-200.00
335.71	-216.00
335.71	-212.67
335.71	-208.00
335.71	-211.34
335.72	-200.00
335.72	-216.67
335.72	-216.67
335.72	-220.66
335.72	-211.34
335.72	-206.67
335.72	-204.00
335.72	-226.00
335.73	-222.00
335.73	-208.66
335.73	-206.00
335.73	-210.66
335.73	-217.33
335.73	-200.00
335.73	-200.00
335.73	-200.00
335.73	-204.67
335.74	-206.67
335.74	-218.66
335.74	-218.66
335.74	-201.34
335.74	-200.00
335.74	-200.00
335.74	-204.67
335.74	-208.66
335.75	-200.00
335.75	-200.00
335.75	-200.00
335.75	-212.00
335.75	-201.34
335.75	-200.00
335.75	-227.33
335.75	-226.00
335.76	-206.00
335.76	-217.33
335.76	-208.66
335.76	-202.00
335.76	-214.67
335.76	-222.00
335.76	-213.33
335.76	-200.00
335.76	-209.34
335.77	-200.00
335.77	-218.66
335.77	-214.00
335.77	-213.33
335.77	-219.34
335.77	-212.67
335.77	-210.66
335.77	-222.67
335.78	-214.00
335.78	-214.67
335.78	-211.34
335.78	-217.33
335.78	-209.34
335.78	-200.00
335.78	-200.00
335.78	-216.67
335.78	-212.00
335.79	-200.00
335.79	-214.00
335.79	-216.67
335.79	-208.00
335.79	-200.00
335.79	-214.00
335.79	-200.00
335.79	-213.33
335.80	-226.00
335.80	-213.33
335.80	-212.67
335.80	-204.67
335.80	-218.00
335.80	-220.66
335.80	-210.00
335.80	-200.00
335.81	-208.66
335.81	-233.33
335.81	-218.00
335.81	-208.66
335.81	-200.00
335.81	-231.34
335.81	-200.00
335.81	-200.00
335.81	-226.00
335.82	-228.00
335.82	-200.00
335.82	-200.00
335.82	-200.00
335.82	-200.00
335.82	-200.00
335.82	-211.34
335.82	-215.33
335.83	-202.67
335.83	-200.00
335.83	-200.00
335.83	-200.00
335.83	-200.00
335.83	-200.00
335.83	-200.00
335.83	-217.33
335.84	-215.33
335.84	-214.67
335.84	-230.00
335.84	-229.34
335.84	-225.33
335.84	-204.67
335.84	-200.00
335.84	-214.00
335.84	-200.00
335.85	-200.00
335.85	-220.00
335.85	-214.00
335.85	-200.00
335.85	-207.33
335.85	-217.33
335.85	-200.00
335.85	-202.67
335.86	-214.67
335.86	-200.00
335.86	-204.00
335.86	-207.33
335.86	-200.00
335.86	-200.00
335.86	-200.00
335.86	-205.33
335.86	-205.33
335.87	-200.00
335.87	-206.00
335.87	-220.66
335.87	-213.33
335.87	-214.67
335.87	-222.67
335.87	-228.00
335.87	-213.33
335.88	-212.00
335.88	-234.00
335.88	-221.34
335.88	-200.00
335.88	-202.00
335.88	-202.00
335.88	-228.66
335.88	-210.66
335.89	-200.00
335.89	-200.00
335.89	-221.34
335.89	-226.00
335.89	-204.67
335.89	-215.33
335.89	-208.00
335.89	-210.00
335.89	-204.00
335.90	-200.00
335.90	-200.00
335.90	-200.00
335.90	-200.00
335.90	-224.67
335.90	-222.67
335.90	-207.33
335.90	-214.00
335.91	-230.00
335.91	-224.67
335.91	-218.66
335.91	-231.34
335.91	-216.67
335.91	-216.00
335.91	-213.33
335.91	-220.00
335.91	-217.33
335.92	-206.00
335.92	-201.34
335.92	-228.66
335.92	-219.34
335.92	-211.34
335.92	-208.66
335.92	-217.33
335.92	-218.00
335.93	-233.33
335.93	-210.66
335.93	-218.00
335.93	-219.34
335.93	-222.67
335.93	-209.34
335.93	-213.33
335.93	-210.00
335.94	-200.00
335.94	-223.33
335.94	-218.66
335.94	-211.34
335.94	-232.67
335.94	-218.00
335.94	-214.00
335.94	-203.33
335.94	-216.00
335.95	-213.33
335.95	-208.66
335.95	-200.00
335.95	-206.00
335.95	-216.67
335.95	-209.34
335.95	-202.67
335.95	-200.00
335.96	-212.67
335.96	-202.67
335.96	-201.34
335.96	-200.00
335.96	-224.00
335.96	-206.67
335.96	-207.33
335.96	-226.00
335.96	-216.67
335.97	-200.00
335.97	-208.66
335.97	-200.00
335.97	-208.00
335.97	-200.00
335.97	-200.00
335.97	-204.67
335.97	-207.33
335.98	-201.34
335.98	-228.00
335.98	-204.67
335.98	-210.66
335.98	-213.33
335.98	-226.67
335.98	-240.00
335.98	-209.34
335.99	-214.00
335.99	-219.34
335.99	-200.00
335.99	-200.00
335.99	-200.00
335.99	-227.33
335.99	-218.66
335.99	-205.33
335.99	-216.67
336.00	-218.00
336.00	-212.00
336.00	-226.67
336.00	-220.00
336.00	-200.00
336.00	-209.34
336.00	-214.67
336.00	-218.00
336.01	-218.66
336.01	-239.34
336.01	-213.33
336.01	-200.00
336.01	-215.33
336.01	-202.00
336.01	-230.00
336.01	-224.67
336.02	-233.33
336.02	-212.00
336.02	-206.00
336.02	-200.00
336.02	-212.67
336.02	-200.00
336.02	-208.66
336.02	-200.00
336.02	-205.33
336.03	-214.00
336.03	-227.33
336.03	-218.66
336.03	-208.66
336.03	-212.00
336.03	-219.34
336.03	-201.34
336.03	-205.33
336.04	-226.67
336.04	-218.00
336.04	-216.67
336.04	-234.00
336.04	-210.00
336.04	-217.33
336.04	-200.00
336.04	-200.00
336.04	-200.00
336.05	-201.34
336.05	-195.33
336.05	-211.34
336.05	-214.00
336.05	-214.67
336.05	-210.00
336.05	-231.34
336.05	-215.33
336.06	-202.67
336.06	-200.00
336.06	-202.67
336.06	-220.66
336.06	-216.67
336.06	-208.66
336.06	-211.34
336.06	-217.33
336.07	-204.67
336.07	-208.00
336.07	-218.00
336.07	-224.67
336.07	-200.00
336.07	-200.00
336.07	-218.00
336.07	-217.33
336.07	-221.34
336.08	-225.33
336.08	-216.67
336.08	-214.00
336.08	-206.67
336.08	-228.00
336.08	-226.00
336.08	-190.00
336.08	-218.66
336.09	-228.00
336.09	-222.67
336.09	-219.34
336.09	-208.00
336.09	-214.67
336.09	-185.33
336.09	-204.67
336.09	-205.33
336.09	-215.33
336.10	-213.33
336.10	-208.00
336.10	-212.00
336.10	-216.67
336.10	-208.66
336.10	-205.33
336.10	-224.67
336.10	-224.00
336.11	-226.00
336.11	-206.00
336.11	-233.33
336.11	-216.67
336.11	-204.67
336.11	-220.00
336.11	-214.00
336.11	-214.67
336.12	-221.34
336.12	-212.00
336.12	-200.00
336.12	-212.67
336.12	-209.34
336.12	-218.00
336.12	-214.67
336.12	-208.66
336.12	-214.00
336.13	-222.00
336.13	-214.67
336.13	-208.00
336.13	-222.67
336.13	-221.34
336.13	-220.00
336.13	-211.34
336.13	-231.34
336.14	-221.34
336.14	-200.00
336.14	-200.66
336.14	-222.67
336.14	-218.00
336.14	-207.33
336.14	-202.67
336.14	-220.00
336.15	-211.34
336.15	-178.66
336.15	-208.66
336.15	-222.67
336.15	-214.67
336.15	-212.00
336.15	-221.34
336.15	-206.00
336.15	-210.00
336.16	-203.33
336.16	-210.00
336.16	-194.67
336.16	-187.33
336.16	-200.00
336.16	-232.00
336.16	-222.67
336.16	-200.00
336.17	-200.00
336.17	-214.00
336.17	-218.66
336.17	-189.34
336.17	-209.34
336.17	-217.33
336.17	-215.33
336.17	-202.00
336.17	-216.00
336.18	-214.67
336.18	-209.34
336.18	-200.66
336.18	-213.33
336.18	-194.00
336.18	-199.34
336.18	-207.33
336.18	-212.00
336.19	-191.34
336.19	-209.34
336.19	-204.67
336.19	-218.00
336.19	-216.00
336.19	-206.00
336.19	-218.66
336.19	-211.34
336.20	-218.00
336.20	-203.33
336.20	-218.66
336.20	-216.00
336.20	-199.34
336.20	-207.33
336.20	-224.67
336.20	-218.66
336.20	-187.33
336.21	-203.33
336.21	-230.66
336.21	-213.33
336.21	-206.67
336.21	-201.34
336.21	-198.66
336.21	-202.67
336.21	-191.34
336.22	-200.00
336.22	-227.33
336.22	-218.66
336.22	-202.00
336.22	-223.33
336.22	-228.66
336.22	-216.67
336.22	-205.33
336.22	-222.00
336.23	-218.66
336.23	-210.00
336.23	-217.33
336.23	-218.00
336.23	-204.00
336.23	-229.34
336.23	-209.34
336.23	-228.00
336.24	-215.33
336.24	-207.33
336.24	-196.67
336.24	-191.34
336.24	-199.34
336.24	-201.34
336.24	-216.67
336.24	-214.67
336.25	-206.67
336.25	-204.67
336.25	-220.00
336.25	-218.00
336.25	-183.33
336.25	-206.00
336.25	-216.67
336.25	-210.00
336.25	-182.00
336.26	-204.67
336.26	-204.67
336.26	-213.33
336.26	-202.00
336.26	-209.34
336.26	-212.67
336.26	-201.34
336.26	-211.34
336.27	-220.00
336.27	-218.00
336.27	-207.33
336.27	-210.66
336.27	-214.00
336.27	-200.66
336.27	-200.00
336.27	-193.33
336.27	-184.67
336.28	-186.00
336.28	-201.34
336.28	-219.34
336.28	-219.34
336.28	-206.67
336.28	-200.00
336.28	-204.67
336.28	-194.67
336.29	-178.00
336.29	-200.66
336.29	-234.00
336.29	-221.34
336.29	-191.34
336.29	-198.66
336.29	-204.00
336.29	-192.67
336.30	-200.66
336.30	-209.34
336.30	-188.66
336.30	-209.34
336.30	-182.00
336.30	-206.67
336.30	-219.34
336.30	-210.00
336.30	-200.00
336.31	-204.67
336.31	-218.66
336.31	-212.67
336.31	-190.66
336.31	-194.67
336.31	-207.33
336.31	-184.67
336.31	-200.00
336.32	-216.00
336.32	-179.34
336.32	-200.66
336.32	-216.67
336.32	-208.66
336.32	-200.66
336.32	-210.66
336.32	-218.00
336.33	-211.34
336.33	-193.33
336.33	-182.00
336.33	-205.33
336.33	-189.34
336.33	-185.33
336.33	-185.33
336.33	-194.00
336.33	-184.00
336.34	-192.00
336.34	-181.34
336.34	-190.00
336.34	-212.67
336.34	-198.66
336.34	-198.00
336.34	-188.66
336.34	-201.34
336.35	-202.67
336.35	-213.33
336.35	-182.00
336.35	-193.33
336.35	-186.00
336.35	-192.00
336.35	-188.66
336.35	-185.33
336.35	-184.67
336.36	-184.00
336.36	-178.00
336.36	-180.00
336.36	-182.67
336.36	-190.66
336.36	-196.00
336.36	-201.34
336.36	-214.67
336.37	-192.00
336.37	-203.33
336.37	-175.33
336.37	-186.67
336.37	-181.34
336.37	-182.00
336.37	-174.67
336.37	-192.00
336.38	-191.34
336.38	-201.34
336.38	-200.00
336.38	-191.34
336.38	-204.67
336.38	-182.67
336.38	-192.00
336.38	-184.00
336.38	-204.67
336.39	-181.34
336.39	-195.33
336.39	-199.34
336.39	-201.34
336.39	-180.66
336.39	-184.00
336.39	-182.00
336.39	-200.00
336.40	-195.33
336.40	-188.66
336.40	-212.67
336.40	-178.00
336.40	-190.66
336.40	-186.00
336.40	-179.34
336.40	-181.34
336.40	-198.00
336.41	-197.33
336.41	-175.33
336.41	-188.66
336.41	-199.34
336.41	-187.33
336.41	-180.00
336.41	-174.67
336.41	-180.66
336.42	-177.33
336.42	-182.67
336.42	-188.66
336.42	-177.33
336.42	-175.33
336.42	-175.33
336.42	-186.67
336.42	-180.00
336.43	-168.66
336.43	-167.33
336.43	-178.66
336.43	-184.00
336.43	-164.00
336.43	-165.33
336.43	-174.00
336.43	-180.66
336.43	-158.66
336.44	-182.67
336.44	-189.34
336.44	-178.00
336.44	-177.33
336.44	-196.00
336.44	-198.66
336.44	-172.00
336.44	-180.00
336.45	-185.33
336.45	-173.33
336.45	-168.66
336.45	-183.33
336.45	-190.00
336.45	-185.33
336.45	-178.66
336.45	-172.00
336.46	-186.00
336.46	-181.34
336.46	-172.00
336.46	-178.00
336.46	-180.66
336.46	-170.00
336.46	-169.34
336.46	-173.33
336.46	-182.00
336.47	-181.34
336.47	-178.00
336.47	-182.67
336.47	-180.00
336.47	-169.34
336.47	-177.33
336.47	-175.33
336.47	-146.67
336.48	-160.00
336.48	-144.67
336.48	-152.67
336.48	-172.00
336.48	-160.66
336.48	-160.00
336.48	-160.00
336.48	-160.00
336.48	-160.00
336.49	-171.34
336.49	-177.33
336.49	-160.00
336.49	-160.00
336.49	-160.00
336.49	-172.67
336.49	-163.33
336.49	-177.33
336.50	-185.33
336.50	-160.00
336.50	-160.00
336.50	-174.00
336.50	-183.33
336.50	-174.67
336.50	-182.67
336.50	-193.33
336.51	-184.00
336.51	-166.00
336.51	-166.00
336.51	-160.00
336.51	-169.34
336.51	-178.66
336.51	-170.00
336.51	-160.00
336.51	-172.00
336.52	-162.00
336.52	-176.00
336.52	-170.00
336.52	-172.00
336.52	-142.67
336.52	-156.00
336.52	-154.00
336.52	-141.34
336.53	-154.67
336.53	-160.00
336.53	-160.00
336.53	-160.00
336.53	-160.00
336.53	-179.34
336.53	-172.00
336.53	-158.66
336.53	-148.66
336.54	-158.00
336.54	-174.67
336.54	-161.34
336.54	-139.34
336.54	-152.00
336.54	-169.34
336.54	-146.67
336.54	-160.00
336.55	-175.33
336.55	-160.00
336.55	-148.00
336.55	-160.00
336.55	-160.00
336.55	-157.33
336.55	-160.00
336.55	-160.00
336.56	-146.00
336.56	-160.00
336.56	-146.67
336.56	-148.00
336.56	-140.66
336.56	-148.66
336.56	-160.00
336.56	-176.67
336.56	-146.00
336.57	-160.00
336.57	-160.00
336.57	-152.00
336.57	-160.00
336.57	-160.00
336.57	-169.34
336.57	-148.66
336.57	-160.00
336.58	-153.33
336.58	-152.67
336.58	-139.34
336.58	-130.00
336.58	-137.33
336.58	-149.34
336.58	-142.00
336.58	-140.66
336.58	-153.33
336.59	-145.33
336.59	-132.67
336.59	-160.00
336.59	-152.67
336.59	-149.34
336.59	-134.67
336.59	-154.67
336.59	-159.34
336.60	-150.66
336.60	-160.00
336.60	-174.00
336.60	-156.67
336.60	-134.00
336.60	-132.67
336.60	-143.33
336.60	-148.00
336.61	-138.00
336.61	-160.00
336.61	-174.00
336.61	-180.66
336.61	-168.00
336.61	-140.00
336.61	-141.34
336.61	-138.66
336.61	-128.00
336.62	-136.67
336.62	-146.67
336.62	-140.00
336.62	-129.34
336.62	-156.00
336.62	-149.34
336.62	-135.33
336.62	-130.66
336.63	-138.66
336.63	-126.67
336.63	-134.67
336.63	-134.67
336.63	-154.00
336.63	-150.00
336.63	-140.00
336.63	-141.34
336.64	-158.00
336.64	-144.67
336.64	-126.00
336.64	-144.67
336.64	-143.33
336.64	-135.33
336.64	-122.00
336.64	-137.33
336.64	-135.33
336.65	-130.00
336.65	-121.34
336.65	-160.00
336.65	-153.33
336.65	-137.33
336.65	-144.67
336.65	-144.67
336.65	-144.00
336.66	-129.34
336.66	-126.00
336.66	-120.00
336.66	-142.00
336.66	-122.00
336.66	-125.33
336.66	-140.66
336.66	-132.67
336.66	-127.33
336.67	-128.00
336.67	-142.67
336.67	-124.00
336.67	-118.66
336.67	-130.00
336.67	-136.00
336.67	-122.67
336.67	-138.66
336.68	-157.33
336.68	-145.33
336.68	-142.67
336.68	-138.66
336.68	-132.00
336.68	-125.33
336.68	-128.00
336.68	-144.67
336.69	-142.67
336.69	-130.00
336.69	-131.34
336.69	-134.67
336.69	-130.66
336.69	-129.34
336.69	-124.00
336.69	-134.67
336.69	-138.00
336.70	-135.33
336.70	-129.34
336.70	-133.33
336.70	-130.66
336.70	-117.33
336.70	-120.00
336.70	-130.66
336.70	-116.00
336.71	-119.34
336.71	-130.00
336.71	-119.34
336.71	-133.33
336.71	-129.34
336.71	-127.33
336.71	-134.00
336.71	-130.00
336.71	-131.34
336.72	-146.67
336.72	-150.00
336.72	-116.67
336.72	-111.34
336.72	-116.00
336.72	-112.00
336.72	-117.33
336.72	-116.67
336.73	-115.33
336.73	-109.34
336.73	-108.66
336.73	-115.33
336.73	-112.67
336.73	-108.00
336.73	-112.00
336.73	-116.00
336.74	-114.67
336.74	-119.34
336.74	-117.33
336.74	-120.00
336.74	-119.34
336.74	-108.66
336.74	-106.67
336.74	-113.33
336.74	-112.00
336.75	-106.00
336.75	-116.67
336.75	-118.00
336.75	-107.33
336.75	-106.67
336.75	-114.67
336.75	-114.00
336.75	-110.66
336.76	-103.33
336.76	-113.33
336.76	-115.33
336.76	-112.67
336.76	-111.34
336.76	-117.33
336.76	-112.67
336.76	-108.00
336.76	-109.34
336.77	-112.00
336.77	-110.66
336.77	-102.67
336.77	-111.34
336.77	-114.67
336.77	-109.34
336.77	-120.00
336.77	-115.33
336.78	-114.00
336.78	-114.67
336.78	-113.33
336.78	-115.33
336.78	-112.00
336.78	-108.00
336.78	-112.00
336.78	-118.00
336.79	-108.66
336.79	-105.33
336.79	-106.00
336.79	-109.34
336.79	-108.00
336.79	-104.00
336.79	-109.34
336.79	-105.33
336.79	-102.00
336.80	-103.33
336.80	-113.33
336.80	-108.66
336.80	-105.33
336.80	-103.33
336.80	-113.33
336.80	-112.00
336.80	-95.33
336.81	-101.34
336.81	-104.67
336.81	-96.00
336.81	-101.34
336.81	-104.00
336.81	-101.34
336.81	-106.67
336.81	-94.67
336.82	-107.33
336.82	-106.67
336.82	-94.67
336.82	-102.00
336.82	-106.67
336.82	-92.00
336.82	-96.67
336.82	-93.33
336.82	-98.66
336.83	-100.66
336.83	-96.00
336.83	-96.00
336.83	-98.66
336.83	-93.33
336.83	-94.67
336.83	-92.67
336.83	-95.33
336.84	-93.33
336.84	-90.00
336.84	-94.00
336.84	-89.34
336.84	-75.33
336.84	-96.00
336.84	-99.34
336.84	-81.34
336.84	-86.00
336.85	-89.34
336.85	-94.67
336.85	-92.67
336.85	-92.00
336.85	-96.00
336.85	-97.33
336.85	-90.66
336.85	-92.67
336.86	-95.33
336.86	-95.33
336.86	-92.67
336.86	-76.67
336.86	-98.66
336.86	-98.66
336.86	-94.00
336.86	-88.66
336.87	-93.33
336.87	-90.00
336.87	-75.33
336.87	-64.67
336.87	-68.66
336.87	-63.33
336.87	-45.33
336.87	-63.33
336.87	-60.66
336.88	-56.67
336.88	-80.66
336.88	-72.00
336.88	-56.00
336.88	-58.66
336.88	-60.66
336.88	-78.00
336.88	-72.00
336.89	-60.00
336.89	-62.67
336.89	-76.67
336.89	-67.33
336.89	-49.34
336.89	-58.66
336.89	-68.00
336.89	-66.00
336.89	-59.34
336.90	-64.00
336.90	-78.00
336.90	-59.34
336.90	-78.66
336.90	-76.00
336.90	-70.66
336.90	-51.34
336.90	-67.33
336.91	-77.33
336.91	-40.66
336.91	-43.33
336.91	-50.66
336.91	-40.00
336.91	-57.33
336.91	-41.34
336.91	-40.00
336.92	-73.33
336.92	-76.67
336.92	-43.33
336.92	-77.33
336.92	-74.00
336.92	-50.00
336.92	-53.33
336.92	-66.00
336.92	-64.00
336.93	-54.67
336.93	-43.33
336.93	-76.00
336.93	-65.33
336.93	-59.34
336.93	-72.00
336.93	-80.00
336.93	-64.00
336.94	-52.00
336.94	-73.33
336.94	-70.00
336.94	-55.33
336.94	-75.33
336.94	-70.00
336.94	-69.34
336.94	-58.66
336.95	-52.00
336.95	-72.00
336.95	-62.67
336.95	-54.00
336.95	-49.34
336.95	-56.00
336.95	-55.33
336.95	-42.00
336.95	-55.33
336.96	-57.33
336.96	-48.00
336.96	-40.00
336.96	-48.66
336.96	-51.34
336.96	-50.00
336.96	-51.34
336.96	-52.00
336.97	-48.00
336.97	-45.33
336.97	-52.67
336.97	-40.00
336.97	-40.00
336.97	-40.00
336.97	-42.67
336.97	-40.00
336.97	-41.34
336.98	-40.00
336.98	-42.00
336.98	-40.00
336.98	-40.66
336.98	-40.00
336.98	-40.00
336.98	-40.66
336.98	-40.00
336.99	-40.00
336.99	-40.00
336.99	-40.00
336.99	-40.00
336.99	-36.00
336.99	0.00
336.99	0.00
336.99	0.00
337.00	0.00
337.00	-23.33
337.00	-40.00
337.00	-40.00
337.00	-36.00
337.00	0.00
337.00	-4.00
337.00	-40.00
337.00	-40.00
337.01	-40.00
337.01	-18.00
337.01	0.00
337.01	0.00
337.01	0.00
337.01	14.00
337.01	0.00
337.01	0.00
337.02	0.00
337.02	0.00
337.02	0.00
337.02	0.00
337.02	6.67
337.02	16.67
337.02	22.00
337.02	7.33
337.02	27.33
337.03	16.67
337.03	14.67
337.03	26.67
337.03	16.00
337.03	3.33
337.03	6.67
337.03	16.67
337.03	15.33
337.04	24.67
337.04	15.33
337.04	27.33
337.04	45.33
337.04	39.33
337.04	21.33
337.04	33.33
337.04	41.33
337.05	26.67
337.05	32.67
337.05	34.00
337.05	27.33
337.05	18.00
337.05	45.33
337.05	54.00
337.05	58.67
337.05	55.33
337.06	51.33
337.06	54.00
337.06	58.00
337.06	48.67
337.06	52.00
337.06	62.67
337.06	48.00
337.06	52.00
337.07	62.67
337.07	62.67
337.07	54.00
337.07	58.67
337.07	60.67
337.07	66.00
337.07	52.67
337.07	58.00
337.07	73.33
337.08	66.67
337.08	67.33
337.08	67.33
337.08	73.33
337.08	71.33
337.08	77.33
337.08	79.33
337.08	80.00
337.09	78.67
337.09	81.33
337.09	85.33
337.09	76.00
337.09	69.33
337.09	75.33
337.09	80.00
337.09	95.33
337.10	83.33
337.10	86.67
337.10	80.00
337.10	82.00
337.10	82.00
337.10	84.67
337.10	80.00
337.10	80.00
337.10	80.00
337.11	98.67
337.11	102.67
337.11	102.67
337.11	107.33
337.11	112.67
337.11	111.33
337.11	105.33
337.11	106.00
337.12	115.33
337.12	98.00
337.12	97.33
337.12	102.00
337.12	112.67
337.12	112.67
337.12	106.00
337.12	118.00
337.13	120.00
337.13	120.00
337.13	117.33
337.13	120.00
337.13	126.00
337.13	120.00
337.13	120.00
337.13	120.00
337.13	120.67
337.14	120.00
337.14	125.33
337.14	120.00
337.14	120.00
337.14	125.33
337.14	140.67
337.14	146.67
337.14	124.67
337.15	131.33
337.15	140.67
337.15	148.67
337.15	123.33
337.15	130.67
337.15	142.00
337.15	134.67
337.15	129.33
337.15	146.67
337.16	155.33
337.16	146.00
337.16	148.00
337.16	160.00
337.16	191.33
337.16	182.00
337.16	186.67
337.16	191.33
337.17	196.00
337.17	184.67
337.17	197.33
337.17	205.33
337.17	189.33
337.17	175.33
337.17	196.00
337.17	196.00
337.18	198.67
337.18	192.67
337.18	194.00
337.18	210.00
337.18	214.67
337.18	214.00
337.18	224.67
337.18	233.33
337.18	214.67
337.19	212.67
337.19	233.33
337.19	238.00
337.19	218.00
337.19	228.00
337.19	226.67
337.19	216.00
337.19	218.00
337.20	229.33
337.20	238.00
337.20	238.00
337.20	240.00
337.20	254.67
337.20	241.33
337.20	252.00
337.20	244.67
337.20	235.33
337.21	251.33
337.21	262.67
337.21	252.00
337.21	262.00
337.21	274.00
337.21	264.00
337.21	259.33
337.21	275.33
337.22	270.67
337.22	262.67
337.22	278.67
337.22	280.00
337.22	280.00
337.22	275.33
337.22	278.00
337.22	280.00
337.23	277.33
337.23	280.00
337.23	280.00
337.23	280.00
337.23	293.33
337.23	294.67
337.23	298.67
337.23	304.67
337.23	282.67
337.24	295.33
337.24	311.33
337.24	310.67
337.24	308.67
337.24	321.33
337.24	329.33
337.24	331.33
337.24	336.00
337.25	346.67
337.25	332.00
337.25	335.33
337.25	360.00
337.25	376.00
337.25	384.00
337.25	372.00
337.25	380.67
337.26	391.33
337.26	388.00
337.26	391.33
337.26	388.00
337.26	390.67
337.26	392.00
337.26	395.33
337.26	393.33
337.26	398.00
337.27	402.67
337.27	403.33
337.27	405.33
337.27	402.67
337.27	400.00
337.27	403.33
337.27	432.00
337.27	438.67
337.28	427.33
337.28	428.67
337.28	440.00
337.28	434.67
337.28	440.00
337.28	440.00
337.28	440.00
337.28	440.00
337.28	441.33
337.29	456.00
337.29	455.33
337.29	460.67
337.29	456.67
337.29	465.33
337.29	476.00
337.29	474.67
337.29	471.33
337.30	498.67
337.30	506.67
337.30	497.33
337.30	520.67
337.30	534.00
337.30	528.00
337.30	518.00
337.30	534.00
337.31	533.33
337.31	532.67
337.31	543.33
337.31	550.00
337.31	560.00
337.31	554.67
337.31	558.00
337.31	558.67
337.31	572.00
337.32	576.00
337.32	579.33
337.32	596.00
337.32	595.33
337.32	600.00
337.32	600.00
337.32	600.00
337.32	606.67
337.33	602.67
337.33	602.67
337.33	614.67
337.33	607.33
337.33	616.00
337.33	644.00
337.33	656.67
337.33	655.33
337.33	654.67
337.34	667.33
337.34	665.33
337.34	652.67
337.34	678.67
337.34	688.67
337.34	692.67
337.34	700.00
337.34	709.33
337.35	704.67
337.35	708.00
337.35	718.67
337.35	736.00
337.35	738.00
337.35	726.00
337.35	730.67
337.35	750.00
337.36	756.67
337.36	754.67
337.36	760.00
337.36	764.00
337.36	774.00
337.36	772.00
337.36	780.00
337.36	799.33
337.36	803.33
337.37	794.67
337.37	819.33
337.37	811.33
337.37	808.67
337.37	820.67
337.37	842.00
337.37	856.00
337.37	850.00
337.38	867.33
337.38	876.67
337.38	878.00
337.38	880.00
337.38	889.33
337.38	896.00
337.38	905.33
337.38	920.00
337.38	920.00
337.39	938.67
337.39	934.67
337.39	933.33
337.39	942.00
337.39	960.00
337.39	945.33
337.39	952.67
337.39	972.00
337.40	997.33
337.40	1007.33
337.40	1019.33
337.40	1035.33
337.40	1034.67
337.40	1040.67
337.40	1052.00
337.40	1048.00
337.41	1059.33
337.41	1055.33
337.41	1076.67
337.41	1080.00
337.41	1084.00
337.41	1100.00
337.41	1119.33
337.41	1136.00
337.41	1138.67
337.42	1142.67
337.42	1153.33
337.42	1167.33
337.42	1165.33
337.42	1180.67
337.42	1199.33
337.42	1206.67
337.42	1218.67
337.43	1234.00
337.43	1240.00
337.43	1240.00
337.43	1243.33
337.43	1262.67
337.43	1267.33
337.43	1274.67
337.43	1280.67
337.44	1314.67
337.44	1314.00
337.44	1322.00
337.44	1332.00
337.44	1352.67
337.44	1370.00
337.44	1373.33
337.44	1383.33
337.44	1400.00
337.45	1411.33
337.45	1415.33
337.45	1447.33
337.45	1464.67
337.45	1455.33
337.45	1472.00
337.45	1490.67
337.45	1513.33
337.46	1514.67
337.46	1520.00
337.46	1547.33
337.46	1554.67
337.46	1560.00
337.46	1569.33
337.46	1592.67
337.46	1612.00
337.46	1612.00
337.47	1636.67
337.47	1664.67
337.47	1673.33
337.47	1685.33
337.47	1710.00
337.47	1720.00
337.47	1727.33
337.47	1735.33
337.48	1758.00
337.48	1775.33
337.48	1790.00
337.48	1815.33
337.48	1828.00
337.48	1841.33
337.48	1853.33
337.48	1878.00
337.49	1880.00
337.49	1904.00
337.49	1911.33
337.49	1938.00
337.49	1972.67
337.49	1982.00
337.49	1992.00
337.49	2034.67
337.49	2040.00
337.50	2050.00
337.50	2075.33
337.50	2088.00
337.50	2117.33
337.50	2136.00
337.50	2156.67
337.50	2166.00
337.50	2187.33
337.51	2198.67
337.51	2218.67
337.51	2258.00
337.51	2278.67
337.51	2296.00
337.51	2320.00
337.51	2352.00
337.51	2360.00
337.51	2360.00
337.52	2394.67
337.52	2426.00
337.52	2445.33
337.52	2472.67
337.52	2480.00
337.52	2512.00
337.52	2520.00
337.52	2524.00
337.53	2572.67
337.53	2606.00
337.53	2626.67
337.53	2660.00
337.53	2680.00
337.53	2704.67
337.53	2733.33
337.53	2762.67
337.54	2796.67
337.54	2800.67
337.54	2822.00
337.54	2864.67
337.54	2894.00
337.54	2910.00
337.54	2957.33
337.54	2984.00
337.54	3008.00
337.55	3024.67
337.55	3084.00
337.55	3120.00
337.55	3144.00
337.55	3166.67
337.55	3196.67
337.55	3231.33
337.55	3265.33
337.56	3288.00
337.56	3318.67
337.56	3360.00
337.56	3372.00
337.56	3406.67
337.56	3452.00
337.56	3480.00
337.56	3508.67
337.56	3560.67
337.57	3592.00
337.57	3622.67
337.57	3648.00
337.57	3694.67
337.57	3752.00
337.57	3781.33
337.57	3804.00
337.57	3864.00
337.58	3885.33
337.58	3919.33
337.58	3960.00
337.58	3996.67
337.58	4055.33
337.58	4081.33
337.58	4120.00
337.58	4154.00
337.59	4207.33
337.59	4244.67
337.59	4280.00
337.59	4327.33
337.59	4396.67
337.59	4417.33
337.59	4459.33
337.59	4534.00
337.59	4553.33
337.60	4604.67
337.60	4676.00
337.60	4714.00
337.60	4753.33
337.60	4808.00
337.60	4855.33
337.60	4907.33
337.60	4954.67
337.61	5011.33
337.61	5074.00
337.61	5095.33
337.61	5148.67
337.61	5216.00
337.61	5246.00
337.61	5307.33
337.61	5352.67
337.62	5400.00
337.62	5458.00
337.62	5518.67
337.62	5571.33
337.62	5646.67
337.62	5688.00
337.62	5749.33
337.62	5814.00
337.62	5865.33
337.63	5928.00
337.63	5979.33
337.63	6045.33
337.63	6138.67
337.63	6174.00
337.63	6227.33
337.63	6314.00
337.63	6357.33
337.64	6431.33
337.64	6502.67
337.64	6550.67
337.64	6659.33
337.64	6703.33
337.64	6771.33
337.64	6837.33
337.64	6909.33
337.64	6980.00
337.65	7057.33
337.65	7114.67
337.65	7193.33
337.65	7257.33
337.65	7328.00
337.65	7443.33
337.65	7486.67
337.65	7563.33
337.66	7640.00
337.66	7722.67
337.66	7805.33
337.66	7891.33
337.66	7948.67
337.66	8060.00
337.66	8112.67
337.66	8189.33
337.67	8302.67
337.67	8362.00
337.67	8428.00
337.67	8520.67
337.67	8590.00
337.67	8696.67
337.67	8770.67
337.67	8852.67
337.67	8966.00
337.68	9030.00
337.68	9108.00
337.68	9220.67
337.68	9253.33
337.68	9356.00
337.68	9444.00
337.68	9512.67
337.68	9620.00
337.69	9684.00
337.69	9760.00
337.69	9894.67
337.69	9968.67
337.69	10053.33
337.69	10168.00
337.69	10228.00
337.69	10334.00
337.69	10417.33
337.70	10503.33
337.70	10608.00
337.70	10671.33
337.70	10752.67
337.70	10854.00
337.70	10922.67
337.70	11014.00
337.70	11110.67
337.71	11162.67
337.71	11286.67
337.71	11346.67
337.71	11431.33
337.71	11541.33
337.71	11608.67
337.71	11681.33
337.71	11794.00
337.72	11864.00
337.72	11956.67
337.72	12044.67
337.72	12111.33
337.72	12213.33
337.72	12272.67
337.72	12347.33
337.72	12438.67
337.72	12519.33
337.73	12597.33
337.73	12685.33
337.73	12749.33
337.73	12852.67
337.73	12908.00
337.73	12970.67
337.73	13065.33
337.73	13121.33
337.74	13194.00
337.74	13277.33
337.74	13341.33
337.74	13409.33
337.74	13464.67
337.74	13520.67
337.74	13603.33
337.74	13635.33
337.75	13673.33
337.75	13729.33
337.75	13789.33
337.75	13828.00
337.75	13880.00
337.75	13905.33
337.75	13970.00
337.75	13997.33
337.75	14040.00
337.76	14071.33
337.76	14110.67
337.76	14129.33
337.76	14160.00
337.76	14198.00
337.76	14224.67
337.76	14248.00
337.76	14278.67
337.77	14302.00
337.77	14300.00
337.77	14304.00
337.77	14333.33
337.77	14356.00
337.77	14332.00
337.77	14331.33
337.77	14344.00
337.77	14311.33
337.78	14306.00
337.78	14310.00
337.78	14296.67
337.78	14280.00
337.78	14261.33
337.78	14224.00
337.78	14199.33
337.78	14165.33
337.79	14154.67
337.79	14162.00
337.79	14113.33
337.79	14056.67
337.79	14025.33
337.79	13984.00
337.79	13960.00
337.79	13888.00
337.80	13824.00
337.80	13802.00
337.80	13703.33
337.80	13654.00
337.80	13607.33
337.80	13513.33
337.80	13480.00
337.80	13406.00
337.80	13302.00
337.81	13238.67
337.81	13170.67
337.81	13068.67
337.81	12992.67
337.81	12894.00
337.81	12826.67
337.81	12734.67
337.81	12624.67
337.82	12550.00
337.82	12437.33
337.82	12322.00
337.82	12262.00
337.82	12146.00
337.82	12028.00
337.82	11954.00
337.82	11830.67
337.82	11730.00
337.83	11611.33
337.83	11470.67
337.83	11409.33
337.83	11261.33
337.83	11124.00
337.83	11047.33
337.83	10879.33
337.83	10766.00
337.84	10646.67
337.84	10493.33
337.84	10364.00
337.84	10226.00
337.84	10072.67
337.84	9971.33
337.84	9792.00
337.84	9648.00
337.85	9542.67
337.85	9364.00
337.85	9240.00
337.85	9104.67
337.85	8931.33
337.85	8826.00
337.85	8645.33
337.85	8469.33
337.85	8374.00
337.86	8167.33
337.86	8006.00
337.86	7875.33
337.86	7678.67
337.86	7545.33
337.86	7360.67
337.86	7168.00
337.86	7069.33
337.87	6875.33
337.87	6698.00
337.87	6583.33
337.87	6370.00
337.87	6221.33
337.87	6068.00
337.87	5850.67
337.87	5736.00
337.87	5546.67
337.88	5350.67
337.88	5221.33
337.88	5010.67
337.88	4841.33
337.88	4690.67
337.88	4465.33
337.88	4314.67
337.88	4128.00
337.89	3910.00
337.89	3794.67
337.89	3582.67
337.89	3397.33
337.89	3278.00
337.89	3058.67
337.89	2894.00
337.89	2752.00
337.90	2528.67
337.90	2390.00
337.90	2189.33
337.90	1982.00
337.90	1872.67
337.90	1643.33
337.90	1462.00
337.90	1324.00
337.90	1106.00
337.91	950.67
337.91	779.33
337.91	580.00
337.91	433.33
337.91	216.00
337.91	30.67
337.91	-112.67
337.91	-340.00
337.92	-526.00
337.92	-690.66
337.92	-932.00
337.92	-1066.67
337.92	-1258.00
337.92	-1456.00
337.92	-1590.66
337.92	-1823.33
337.93	-2002.67
337.93	-2140.66
337.93	-2374.00
337.93	-2510.00
337.93	-2698.00
337.93	-2914.67
337.93	-3041.34
337.93	-3237.33
337.93	-3440.66
337.94	-3574.00
337.94	-3787.33
337.94	-3952.67
337.94	-4104.67
337.94	-4335.33
337.94	-4462.00
337.94	-4658.66
337.94	-4872.67
337.95	-4996.67
337.95	-5210.66
337.95	-5392.67
337.95	-5546.67
337.95	-5756.00
337.95	-5912.67
337.95	-6064.67
337.95	-6256.67
337.95	-6360.66
337.96	-6568.66
337.96	-6752.67
337.96	-6853.33
337.96	-7070.66
337.96	-7231.34
337.96	-7352.00
337.96	-7536.67
337.96	-7660.00
337.97	-7841.34
337.97	-8012.00
337.97	-8124.00
337.97	-8334.00
337.97	-8500.00
337.97	-8618.66
337.97	-8816.00
337.97	-8942.67
337.98	-9092.00
337.98	-9282.67
337.98	-9390.00
337.98	-9575.33
337.98	-9749.34
337.98	-9860.00
337.98	-10038.66
337.98	-10180.00
337.98	-10278.00
337.99	-10454.00
337.99	-10563.33
337.99	-10704.67
337.99	-10867.33
337.99	-10948.00
337.99	-11110.00
337.99	-11249.34
337.99	-11332.67
338.00	-11482.67
338.00	-11592.00
338.00	-11690.66
338.00	-11841.34
338.00	-11930.00
338.00	-12062.00
338.00	-12168.66
338.00	-12240.66
338.00	-12386.67
338.01	-12498.00
338.01	-12578.00
338.01	-12712.67
338.01	-12812.67
338.01	-12920.00
338.01	-13034.00
338.01	-13088.00
338.01	-13195.33
338.02	-13306.00
338.02	-13366.67
338.02	-13470.66
338.02	-13554.00
338.02	-13618.66
338.02	-13714.00
338.02	-13768.00
338.02	-13850.00
338.03	-13924.00
338.03	-13968.00
338.03	-14026.67
338.03	-14096.67
338.03	-14135.33
338.03	-14198.66
338.03	-14242.00
338.03	-14302.67
338.03	-14350.00
338.04	-14364.67
338.04	-14436.00
338.04	-14467.33
338.04	-14489.34
338.04	-14515.33
338.04	-14560.00
338.04	-14584.00
338.04	-14610.00
338.05	-14607.33
338.05	-14644.67
338.05	-14662.67
338.05	-14670.00
338.05	-14680.00
338.05	-14699.34
338.05	-14696.67
338.05	-14694.67
338.05	-14713.33
338.06	-14698.00
338.06	-14689.34
338.06	-14700.00
338.06	-14669.34
338.06	-14656.00
338.06	-14640.00
338.06	-14609.34
338.06	-14605.33
338.07	-14600.00
338.07	-14538.00
338.07	-14540.00
338.07	-14514.67
338.07	-14477.33
338.07	-14452.67
338.07	-14415.33
338.07	-14371.34
338.08	-14337.33
338.08	-14290.00
338.08	-14265.33
338.08	-14208.00
338.08	-14156.67
338.08	-14114.00
338.08	-14069.34
338.08	-14006.00
338.08	-13964.00
338.09	-13882.00
338.09	-13827.33
338.09	-13797.33
338.09	-13702.67
338.09	-13642.67
338.09	-13575.33
338.09	-13499.34
338.09	-13454.67
338.10	-13374.00
338.10	-13307.33
338.10	-13232.00
338.10	-13140.66
338.10	-13090.66
338.10	-13022.00
338.10	-12906.67
338.10	-12852.00
338.11	-12779.34
338.11	-12680.00
338.11	-12618.00
338.11	-12523.33
338.11	-12448.00
338.11	-12367.33
338.11	-12259.34
338.11	-12200.66
338.11	-12131.34
338.12	-12042.00
338.12	-11971.34
338.12	-11875.33
338.12	-11790.66
338.12	-11729.34
338.12	-11612.67
338.12	-11546.67
338.12	-11465.33
338.13	-11350.00
338.13	-11271.34
338.13	-11188.66
338.13	-11076.00
338.13	-10992.00
338.13	-10883.33
338.13	-10794.67
338.13	-10716.67
338.13	-10600.00
338.14	-10538.00
338.14	-10440.00
338.14	-10320.66
338.14	-10258.00
338.14	-10179.34
338.14	-10090.66
338.14	-10030.66
338.14	-9934.67
338.15	-9866.67
338.15	-9798.00
338.15	-9694.67
338.15	-9626.67
338.15	-9529.34
338.15	-9439.34
338.15	-9366.67
338.15	-9267.33
338.16	-9185.33
338.16	-9090.66
338.16	-8994.67
338.16	-8926.00
338.16	-8856.67
338.16	-8746.67
338.16	-8701.34
338.16	-8634.67
338.16	-8523.33
338.17	-8466.67
338.17	-8378.66
338.17	-8309.34
338.17	-8242.67
338.17	-8142.00
338.17	-8106.67
338.17	-8028.66
338.17	-7946.67
338.18	-7892.67
338.18	-7820.66
338.18	-7746.00
338.18	-7694.00
338.18	-7586.00
338.18	-7530.00
338.18	-7463.33
338.18	-7388.66
338.18	-7321.34
338.19	-7262.67
338.19	-7175.33
338.19	-7119.34
338.19	-7035.33
338.19	-6984.67
338.19	-6925.33
338.19	-6834.67
338.19	-6781.34
338.20	-6740.66
338.20	-6658.00
338.20	-6614.00
338.20	-6556.00
338.20	-6490.66
338.20	-6440.00
338.20	-6344.67
338.20	-6310.00
338.21	-6260.66
338.21	-6163.33
338.21	-6125.33
338.21	-6076.67
338.21	-6002.67
338.21	-5960.00
338.21	-5884.67
338.21	-5843.33
338.21	-5800.66
338.22	-5732.00
338.22	-5698.66
338.22	-5648.66
338.22	-5570.00
338.22	-5538.00
338.22	-5490.00
338.22	-5427.33
338.22	-5384.00
338.23	-5309.34
338.23	-5272.00
338.23	-5239.34
338.23	-5182.67
338.23	-5147.33
338.23	-5101.34
338.23	-5046.00
338.23	-5000.00
338.24	-4944.67
338.24	-4919.34
338.24	-4872.67
338.24	-4819.34
338.24	-4769.34
338.24	-4749.34
338.24	-4681.34
338.24	-4658.66
338.24	-4618.00
338.25	-4580.66
338.25	-4542.00
338.25	-4502.67
338.25	-4461.34
338.25	-4421.34
338.25	-4369.34
338.25	-4362.00
338.25	-4313.33
338.26	-4264.67
338.26	-4220.00
338.26	-4194.67
338.26	-4167.33
338.26	-4110.00
338.26	-4058.00
338.26	-4064.67
338.26	-4034.00
338.26	-3977.33
338.27	-3949.34
338.27	-3926.00
338.27	-3893.33
338.27	-3846.00
338.27	-3806.67
338.27	-3789.34
338.27	-3753.33
338.27	-3707.33
338.28	-3693.33
338.28	-3654.67
338.28	-3621.34
338.28	-3583.33
338.28	-3569.34
338.28	-3553.33
338.28	-3499.34
338.28	-3456.00
338.29	-3440.00
338.29	-3416.67
338.29	-3388.66
338.29	-3370.00
338.29	-3340.66
338.29	-3324.67
338.29	-3290.00
338.29	-3251.34
338.29	-3242.00
338.30	-3224.00
338.30	-3172.00
338.30	-3172.00
338.30	-3146.67
338.30	-3085.33
338.30	-3080.00
338.30	-3064.00
338.30	-3028.66
338.31	-3010.66
338.31	-2971.34
338.31	-2947.33
338.31	-2948.00
338.31	-2924.67
338.31	-2909.34
338.31	-2878.00
338.31	-2860.66
338.31	-2825.33
338.32	-2798.66
338.32	-2790.00
338.32	-2776.67
338.32	-2732.67
338.32	-2715.33
338.32	-2707.33
338.32	-2690.00
338.32	-2669.34
338.33	-2660.00
338.33	-2634.67
338.33	-2612.00
338.33	-2604.00
338.33	-2588.00
338.33	-2570.00
338.33	-2529.34
338.33	-2516.67
338.34	-2501.34
338.34	-2462.00
338.34	-2440.00
338.34	-2422.00
338.34	-2429.34
338.34	-2408.66
338.34	-2374.00
338.34	-2360.00
338.34	-2370.66
338.35	-2337.33
338.35	-2329.34
338.35	-2304.00
338.35	-2302.00
338.35	-2280.00
338.35	-2261.34
338.35	-2278.00
338.35	-2230.66
338.36	-2196.67
338.36	-2194.67
338.36	-2188.66
338.36	-2159.34
338.36	-2144.00
338.36	-2136.67
338.36	-2133.33
338.36	-2103.33
338.36	-2084.67
338.37	-2079.34
338.37	-2069.34
338.37	-2056.00
338.37	-2048.00
338.37	-2024.00
338.37	-2007.33
338.37	-1977.33
338.37	-1972.67
338.38	-1978.00
338.38	-1976.67
338.38	-1943.33
338.38	-1941.34
338.38	-1941.34
338.38	-1922.00
338.38	-1882.67
338.38	-1875.33
338.39	-1872.00
338.39	-1857.33
338.39	-1847.33
338.39	-1846.00
338.39	-1824.00
338.39	-1801.34
338.39	-1800.00
338.39	-1798.00
338.39	-1781.34
338.40	-1780.66
338.40	-1752.00
338.40	-1753.33
338.40	-1740.66
338.40	-1728.66
338.40	-1739.34
338.40	-1731.34
338.40	-1698.66
338.41	-1676.67
338.41	-1666.67
338.41	-1665.33
338.41	-1660.00
338.41	-1642.67
338.41	-1654.00
338.41	-1642.67
338.41	-1611.34
338.42	-1583.33
338.42	-1590.66
338.42	-1586.00
338.42	-1568.66
338.42	-1570.66
338.42	-1554.00
338.42	-1549.34
338.42	-1544.67
338.42	-1526.67
338.43	-1521.34
338.43	-1500.00
338.43	-1496.67
338.43	-1501.34
338.43	-1488.66
338.43	-1493.33
338.43	-1464.67
338.43	-1471.34
338.44	-1445.33
338.44	-1427.33
338.44	-1432.67
338.44	-1444.67
338.44	-1424.00
338.44	-1408.66
338.44	-1408.66
338.44	-1425.33
338.44	-1407.33
338.45	-1379.34
338.45	-1376.00
338.45	-1364.67
338.45	-1352.00
338.45	-1349.34
338.45	-1350.00
338.45	-1358.66
338.45	-1346.00
338.46	-1332.00
338.46	-1335.33
338.46	-1324.67
338.46	-1295.33
338.46	-1282.67
338.46	-1279.34
338.46	-1267.33
338.46	-1244.00
338.47	-1244.00
338.47	-1258.00
338.47	-1242.67
338.47	-1236.67
338.47	-1236.67
338.47	-1236.67
338.47	-1235.33
338.47	-1233.33
338.47	-1238.00
338.48	-1222.67
338.48	-1220.00
338.48	-1201.34
338.48	-1199.34
338.48	-1182.00
338.48	-1169.34
338.48	-1174.00
338.48	-1168.66
338.49	-1167.33
338.49	-1162.00
338.49	-1154.67
338.49	-1141.34
338.49	-1134.00
338.49	-1134.67
338.49	-1134.00
338.49	-1128.66
338.49	-1126.00
338.50	-1102.00
338.50	-1119.34
338.50	-1104.00
338.50	-1090.00
338.50	-1084.00
338.50	-1110.00
338.50	-1082.67
338.50	-1068.00
338.51	-1095.33
338.51	-1078.66
338.51	-1061.34
338.51	-1061.34
338.51	-1060.00
338.51	-1054.00
338.51	-1045.33
338.51	-1037.33
338.52	-1032.67
338.52	-1037.33
338.52	-1025.33
338.52	-1019.34
338.52	-1023.33
338.52	-1025.33
338.52	-1015.33
338.52	-1016.00
338.52	-1029.34
338.53	-1021.34
338.53	-1004.67
338.53	-996.67
338.53	-992.67
338.53	-981.34
338.53	-978.00
338.53	-974.67
338.53	-944.00
338.54	-934.00
338.54	-950.66
338.54	-978.00
338.54	-940.00
338.54	-922.67
338.54	-924.00
338.54	-930.00
338.54	-927.33
338.55	-931.34
338.55	-916.67
338.55	-918.00
338.55	-935.33
338.55	-914.67
338.55	-910.00
338.55	-930.66
338.55	-911.34
338.55	-902.67
338.56	-908.66
338.56	-902.67
338.56	-893.33
338.56	-890.66
338.56	-896.67
338.56	-894.00
338.56	-887.33
338.56	-864.67
338.57	-847.33
338.57	-857.33
338.57	-844.67
338.57	-846.00
338.57	-872.67
338.57	-860.00
338.57	-844.67
338.57	-854.00
338.57	-857.33
338.58	-858.00
338.58	-853.33
338.58	-858.00
338.58	-853.33
338.58	-846.00
338.58	-846.67
338.58	-858.00
338.58	-824.00
338.59	-800.00
338.59	-798.00
338.59	-800.00
338.59	-787.33
338.59	-791.34
338.59	-786.00
338.59	-778.66
338.59	-777.33
338.60	-786.67
338.60	-780.66
338.60	-784.00
338.60	-784.67
338.60	-781.34
338.60	-794.67
338.60	-791.34
338.60	-776.00
338.60	-759.34
338.61	-779.34
338.61	-767.33
338.61	-746.67
338.61	-749.34
338.61	-778.00
338.61	-771.34
338.61	-743.33
338.61	-746.00
338.62	-744.00
338.62	-734.00
338.62	-737.33
338.62	-745.33
338.62	-732.67
338.62	-726.00
338.62	-730.66
338.62	-728.66
338.62	-722.67
338.63	-723.33
338.63	-714.00
338.63	-709.34
338.63	-713.33
338.63	-693.33
338.63	-690.00
338.63	-710.00
338.63	-721.34
338.64	-698.00
338.64	-698.00
338.64	-708.66
338.64	-702.00
338.64	-686.00
338.64	-694.67
338.64	-700.66
338.64	-688.66
338.65	-685.33
338.65	-695.33
338.65	-691.34
338.65	-678.66
338.65	-704.67
338.65	-710.66
338.65	-672.67
338.65	-669.34
338.65	-696.00
338.66	-672.00
338.66	-668.00
338.66	-662.00
338.66	-672.67
338.66	-675.33
338.66	-664.00
338.66	-653.33
338.66	-650.66
338.67	-647.33
338.67	-658.00
338.67	-622.67
338.67	-652.67
338.67	-656.67
338.67	-651.34
338.67	-632.67
338.67	-653.33
338.67	-632.00
338.68	-609.34
338.68	-629.34
338.68	-622.00
338.68	-616.67
338.68	-602.67
338.68	-616.67
338.68	-604.67
338.68	-612.00
338.69	-614.00
338.69	-610.00
338.69	-605.33
338.69	-608.66
338.69	-612.00
338.69	-600.00
338.69	-601.34
338.69	-599.34
338.70	-594.67
338.70	-598.00
338.70	-588.66
338.70	-576.67
338.70	-584.67
338.70	-584.00
338.70	-578.00
338.70	-580.00
338.70	-596.67
338.71	-596.00
338.71	-584.00
338.71	-586.00
338.71	-593.33
338.71	-586.67
338.71	-582.67
338.71	-586.67
338.71	-590.00
338.72	-591.34
338.72	-582.00
338.72	-586.67
338.72	-586.00
338.72	-585.33
338.72	-568.66
338.72	-556.67
338.72	-558.66
338.73	-563.33
338.73	-562.67
338.73	-576.67
338.73	-580.66
338.73	-549.34
338.73	-549.34
338.73	-558.66
338.73	-552.00
338.73	-562.00
338.74	-560.66
338.74	-560.66
338.74	-536.00
338.74	-539.34
338.74	-551.34
338.74	-545.33
338.74	-532.67
338.74	-527.33
338.75	-535.33
338.75	-536.67
338.75	-530.66
338.75	-528.00
338.75	-530.00
338.75	-522.67
338.75	-520.66
338.75	-520.66
338.75	-534.67
338.76	-540.00
338.76	-527.33
338.76	-532.00
338.76	-540.66
338.76	-537.33
338.76	-522.67
338.76	-539.34
338.76	-520.00
338.77	-530.00
338.77	-522.00
338.77	-539.34
338.77	-529.34
338.77	-523.33
338.77	-526.00
338.77	-509.34
338.77	-504.67
338.78	-500.66
338.78	-504.67
338.78	-532.67
338.78	-518.66
338.78	-512.67
338.78	-499.34
338.78	-514.00
338.78	-506.00
338.78	-494.67
338.79	-504.67
338.79	-498.66
338.79	-476.67
338.79	-481.34
338.79	-502.00
338.79	-500.00
338.79	-472.67
338.79	-485.33
338.80	-508.00
338.80	-498.00
338.80	-481.34
338.80	-484.67
338.80	-478.66
338.80	-461.34
338.80	-479.34
338.80	-478.00
338.80	-472.67
338.81	-488.00
338.81	-459.34
338.81	-465.33
338.81	-468.66
338.81	-463.33
338.81	-467.33
338.81	-486.67
338.81	-466.00
338.82	-456.00
338.82	-462.00
338.82	-455.33
338.82	-461.34
338.82	-466.67
338.82	-464.00
338.82	-472.00
338.82	-457.33
338.83	-452.67
338.83	-448.00
338.83	-466.67
338.83	-456.00
338.83	-466.67
338.83	-465.33
338.83	-472.00
338.83	-452.67
338.83	-450.66
338.84	-452.00
338.84	-460.66
338.84	-444.00
338.84	-440.66
338.84	-452.67
338.84	-464.00
338.84	-450.00
338.84	-458.66
338.85	-470.66
338.85	-463.33
338.85	-448.66
338.85	-476.67
338.85	-458.66
338.85	-440.00
338.85	-437.33
338.85	-462.00
338.85	-455.33
338.86	-446.00
338.86	-442.67
338.86	-444.00
338.86	-426.00
338.86	-424.67
338.86	-439.34
338.86	-455.33
338.86	-446.00
338.87	-432.00
338.87	-425.33
338.87	-426.67
338.87	-435.33
338.87	-426.67
338.87	-439.34
338.87	-442.67
338.87	-438.00
338.88	-434.67
338.88	-445.33
338.88	-424.67
338.88	-424.67
338.88	-434.00
338.88	-446.67
338.88	-423.33
338.88	-417.33
338.88	-425.33
338.89	-428.00
338.89	-418.00
338.89	-416.67
338.89	-420.66
338.89	-427.33
338.89	-430.00
338.89	-416.67
338.89	-419.34
338.90	-420.66
338.90	-420.00
338.90	-416.00
338.90	-422.67
338.90	-423.33
338.90	-408.66
338.90	-414.00
338.90	-420.00
338.91	-409.34
338.91	-406.67
338.91	-410.66
338.91	-401.34
338.91	-385.33
338.91	-404.00
338.91	-416.67
338.91	-415.33
338.91	-415.33
338.92	-413.33
338.92	-418.00
338.92	-413.33
338.92	-412.00
338.92	-424.00
338.92	-428.00
338.92	-411.34
338.92	-398.00
338.93	-389.34
338.93	-406.67
338.93	-410.00
338.93	-406.67
338.93	-400.66
338.93	-404.00
338.93	-393.33
338.93	-386.00
338.93	-396.00
338.94	-394.00
338.94	-375.33
338.94	-389.34
338.94	-408.66
338.94	-401.34
338.94	-394.00
338.94	-398.00
338.94	-384.67
338.95	-386.67
338.95	-381.34
338.95	-387.33
338.95	-397.33
338.95	-381.34
338.95	-384.67
338.95	-382.00
338.95	-398.66
338.96	-374.67
338.96	-376.67
338.96	-388.66
338.96	-379.34
338.96	-382.67
338.96	-374.67
338.96	-398.00
338.96	-372.00
338.96	-366.00
338.97	-383.33
338.97	-382.67
338.97	-382.67
338.97	-366.67
338.97	-382.67
338.97	-393.33
338.97	-398.00
338.97	-373.33
338.98	-384.00
338.98	-390.66
338.98	-402.00
338.98	-370.00
338.98	-395.33
338.98	-394.67
338.98	-367.33
338.98	-372.00
338.98	-382.67
338.99	-388.66
338.99	-373.33
338.99	-374.00
338.99	-391.34
338.99	-384.67
338.99	-369.34
338.99	-380.66
338.99	-371.34
339.00	-377.33
339.00	-375.33
339.00	-398.66
339.00	-383.33
339.00	-380.66
339.00	-377.33
339.00	-385.33
339.00	-378.66
339.01	-378.66
339.01	-373.33
339.01	-394.00
339.01	-380.00
339.01	-380.66
339.01	-378.00
339.01	-386.00
339.01	-372.67
339.01	-373.33
339.02	-384.00
339.02	-389.34
339.02	-378.66
339.02	-373.33
339.02	-389.34
339.02	-384.00
339.02	-384.00
339.02	-366.00
339.03	-389.34
339.03	-378.00
339.03	-376.67
339.03	-388.00
339.03	-388.66
339.03	-376.00
339.03	-367.33
339.03	-383.33
339.04	-384.00
339.04	-372.00
339.04	-363.33
339.04	-365.33
339.04	-378.66
339.04	-372.67
339.04	-379.34
339.04	-386.67
339.04	-383.33
339.05	-369.34
339.05	-376.00
339.05	-389.34
339.05	-379.34
339.05	-366.67
339.05	-374.00
339.05	-366.67
339.05	-370.66
339.06	-360.00
339.06	-364.00
339.06	-360.66
339.06	-339.34
339.06	-360.00
339.06	-361.34
339.06	-365.33
339.06	-360.00
339.06	-360.00
339.07	-362.67
339.07	-346.67
339.07	-360.66
339.07	-370.00
339.07	-369.34
339.07	-360.66
339.07	-360.00
339.07	-360.00
339.08	-373.33
339.08	-360.00
339.08	-360.00
339.08	-360.00
339.08	-378.00
339.08	-361.34
339.08	-340.66
339.08	-354.00
339.09	-347.33
339.09	-360.00
339.09	-360.66
339.09	-360.00
339.09	-348.00
339.09	-360.00
339.09	-360.66
339.09	-352.67
339.09	-360.00
339.10	-349.34
339.10	-360.00
339.10	-350.00
339.10	-360.66
339.10	-360.00
339.10	-354.00
339.10	-342.67
339.10	-355.33
339.11	-358.00
339.11	-357.33
339.11	-360.00
339.11	-360.00
339.11	-360.00
339.11	-360.00
339.11	-350.00
339.11	-342.00
339.11	-356.00
339.12	-348.00
339.12	-345.33
339.12	-332.67
339.12	-346.00
339.12	-344.00
339.12	-352.67
339.12	-350.66
339.12	-358.00
339.13	-346.67
339.13	-362.00
339.13	-355.33
339.13	-354.00
339.13	-347.33
339.13	-336.00
339.13	-338.66
339.13	-342.00
339.14	-335.33
339.14	-348.66
339.14	-352.67
339.14	-346.67
339.14	-330.00
339.14	-334.67
339.14	-358.66
339.14	-339.34
339.14	-294.00
339.15	-320.00
339.15	-358.66
339.15	-342.67
339.15	-344.67
339.15	-352.00
339.15	-351.34
339.15	-344.00
339.15	-336.00
339.16	-336.00
339.16	-334.00
339.16	-319.34
339.16	-305.33
339.16	-304.00
339.16	-332.67
339.16	-325.33
339.16	-329.34
339.16	-350.00
339.17	-342.00
339.17	-300.66
339.17	-298.00
339.17	-314.00
339.17	-315.33
339.17	-310.00
339.17	-338.66
339.17	-342.67
339.18	-320.66
339.18	-336.00
339.18	-356.00
339.18	-348.00
339.18	-304.00
339.18	-334.67
339.18	-348.66
339.18	-341.34
339.19	-314.67
339.19	-302.67
339.19	-304.67
339.19	-306.67
339.19	-296.67
339.19	-301.34
339.19	-326.67
339.19	-328.00
339.19	-300.66
339.20	-296.67
339.20	-312.67
339.20	-296.00
339.20	-286.67
339.20	-292.00
339.20	-299.34
339.20	-290.66
339.20	-287.33
339.21	-301.34
339.21	-302.67
339.21	-299.34
339.21	-308.66
339.21	-310.66
339.21	-314.67
339.21	-297.33
339.21	-309.34
339.22	-308.66
339.22	-314.00
339.22	-310.00
339.22	-303.33
339.22	-324.00
339.22	-326.00
339.22	-300.66
339.22	-304.67
339.22	-307.33
339.23	-291.34
339.23	-298.00
339.23	-326.67
339.23	-307.33
339.23	-290.66
339.23	-290.66
339.23	-306.00
339.23	-301.34
339.24	-311.34
339.24	-324.00
339.24	-326.00
339.24	-300.66
339.24	-299.34
339.24	-316.00
339.24	-303.33
339.24	-293.33
339.24	-282.00
339.25	-280.66
339.25	-314.67
339.25	-300.66
339.25	-284.67
339.25	-295.33
339.25	-298.66
339.25	-286.00
339.25	-288.66
339.26	-291.34
339.26	-297.33
339.26	-286.00
339.26	-281.34
339.26	-304.67
339.26	-296.00
339.26	-280.66
339.26	-292.00
339.27	-290.00
339.27	-290.66
339.27	-283.33
339.27	-280.00
339.27	-292.67
339.27	-282.67
339.27	-283.33
339.27	-283.33
339.27	-298.00
339.28	-290.66
339.28	-295.33
339.28	-289.34
339.28	-298.00
339.28	-288.66
339.28	-280.66
339.28	-292.00
339.28	-291.34
339.29	-286.00
339.29	-290.66
339.29	-284.67
339.29	-280.66
339.29	-278.00
339.29	-297.33
339.29	-294.67
339.29	-284.67
339.29	-288.66
339.30	-296.67
339.30	-299.34
339.30	-282.67
339.30	-290.66
339.30	-295.33
339.30	-291.34
339.30	-280.66
339.30	-284.00
339.31	-297.33
339.31	-290.66
339.31	-275.33
339.31	-300.00
339.31	-278.66
339.31	-279.34
339.31	-281.34
339.31	-281.34
339.32	-295.33
339.32	-291.34
339.32	-285.33
339.32	-282.67
339.32	-276.67
339.32	-274.67
339.32	-280.00
339.32	-296.00
339.32	-293.33
339.33	-276.67
339.33	-286.00
339.33	-294.67
339.33	-287.33
339.33	-280.66
339.33	-288.66
339.33	-285.33
339.33	-274.00
339.34	-278.00
339.34	-288.00
339.34	-295.33
339.34	-273.33
339.34	-271.34
339.34	-278.66
339.34	-279.34
339.34	-274.67
339.35	-280.00
339.35	-280.00
339.35	-280.00
339.35	-276.00
339.35	-290.00
339.35	-279.34
339.35	-280.00
339.35	-269.34
339.35	-278.66
339.36	-284.00
339.36	-280.00
339.36	-277.33
339.36	-280.00
339.36	-280.00
339.36	-280.00
339.36	-282.67
339.36	-286.00
339.37	-280.66
339.37	-276.00
339.37	-280.00
339.37	-290.00
339.37	-291.34
339.37	-284.00
339.37	-291.34
339.37	-286.67
339.37	-286.00
339.38	-292.67
339.38	-298.66
339.38	-280.00
339.38	-287.33
339.38	-290.00
339.38	-280.00
339.38	-296.67
339.38	-292.67
339.39	-272.67
339.39	-275.33
339.39	-275.33
339.39	-278.66
339.39	-284.00
339.39	-276.00
339.39	-276.67
339.39	-279.34
339.40	-280.66
339.40	-274.00
339.40	-274.67
339.40	-279.34
339.40	-280.00
339.40	-276.67
339.40	-276.00
339.40	-278.00
339.40	-279.34
339.41	-276.00
339.41	-283.33
339.41	-278.00
339.41	-286.00
339.41	-277.33
339.41	-272.67
339.41	-277.33
339.41	-274.00
339.42	-276.67
339.42	-275.33
339.42	-276.67
339.42	-273.33
339.42	-273.33
339.42	-277.33
339.42	-285.33
339.42	-288.00
339.42	-279.34
339.43	-280.00
339.43	-280.00
339.43	-273.33
339.43	-264.67
339.43	-267.33
339.43	-264.67
339.43	-264.67
339.43	-266.67
339.44	-279.34
339.44	-278.00
339.44	-268.00
339.44	-277.33
339.44	-277.33
339.44	-271.34
339.44	-264.67
339.44	-269.34
339.45	-274.00
339.45	-270.66
339.45	-272.00
339.45	-274.67
339.45	-290.00
339.45	-274.67
339.45	-270.66
339.45	-292.67
339.45	-274.67
339.46	-272.67
339.46	-275.33
339.46	-277.33
339.46	-276.67
339.46	-272.00
339.46	-274.67
339.46	-276.00
339.46	-271.34
339.47	-278.00
339.47	-278.66
339.47	-275.33
339.47	-286.00
339.47	-272.67
339.47	-272.67
339.47	-272.67
339.47	-269.34
339.47	-279.34
339.48	-280.66
339.48	-283.33
339.48	-273.33
339.48	-268.00
339.48	-274.67
339.48	-272.00
339.48	-264.67
339.48	-264.67
339.49	-269.34
339.49	-270.00
339.49	-270.00
339.49	-277.33
339.49	-276.67
339.49	-270.66
339.49	-272.67
339.49	-274.67
339.50	-275.33
339.50	-269.34
339.50	-266.67
339.50	-270.00
339.50	-272.00
339.50	-275.33
339.50	-278.00
339.50	-276.00
339.50	-270.66
339.51	-267.33
339.51	-275.33
339.51	-270.00
339.51	-269.34
339.51	-267.33
339.51	-278.00
339.51	-278.66
339.51	-279.34
339.52	-265.33
339.52	-268.66
339.52	-268.00
339.52	-266.00
339.52	-258.00
339.52	-272.00
339.52	-272.67
339.52	-271.34
339.53	-270.66
339.53	-272.00
339.53	-270.00
339.53	-266.67
339.53	-265.33
339.53	-261.34
339.53	-261.34
339.53	-267.33
339.53	-268.00
339.54	-272.00
339.54	-271.34
339.54	-264.67
339.54	-269.34
339.54	-272.67
339.54	-266.00
339.54	-268.00
339.54	-273.33
339.55	-270.66
339.55	-266.67
339.55	-275.33
339.55	-276.00
339.55	-271.34
339.55	-268.00
339.55	-273.33
339.55	-270.66
339.55	-272.00
339.56	-276.67
339.56	-272.67
339.56	-265.33
339.56	-264.67
339.56	-260.00
339.56	-270.66
339.56	-259.34
339.56	-259.34
339.57	-263.33
339.57	-270.66
339.57	-268.66
339.57	-262.67
339.57	-264.67
339.57	-268.00
339.57	-263.33
339.57	-254.00
339.58	-263.33
339.58	-275.33
339.58	-272.67
339.58	-270.00
339.58	-276.67
339.58	-300.00
339.58	-271.34
339.58	-272.00
339.58	-269.34
339.59	-264.00
339.59	-264.67
339.59	-268.00
339.59	-267.33
339.59	-272.00
339.59	-266.67
339.59	-270.00
339.59	-266.67
339.60	-281.34
339.60	-273.33
339.60	-269.34
339.60	-271.34
339.60	-258.66
339.60	-262.67
339.60	-270.00
339.60	-266.67
339.60	-256.00
339.61	-260.66
339.61	-272.00
339.61	-278.00
339.61	-268.00
339.61	-268.00
339.61	-262.67
339.61	-256.00
339.61	-259.34
339.62	-260.00
339.62	-257.33
339.62	-257.33
339.62	-266.00
339.62	-267.33
339.62	-274.00
339.62	-273.33
339.62	-260.00
339.63	-267.33
339.63	-266.00
339.63	-264.67
339.63	-267.33
339.63	-272.00
339.63	-262.67
339.63	-252.00
339.63	-264.67
339.63	-270.66
339.64	-267.33
339.64	-260.66
339.64	-270.00
339.64	-266.67
339.64	-261.34
339.64	-255.33
339.64	-257.33
339.64	-244.00
339.65	-264.67
339.65	-262.00
339.65	-264.00
339.65	-254.00
339.65	-251.34
339.65	-260.00
339.65	-270.66
339.65	-267.33
339.65	-252.00
339.66	-261.34
339.66	-270.66
339.66	-264.00
339.66	-255.33
339.66	-257.33
339.66	-266.67
339.66	-264.67
339.66	-260.00
339.67	-267.33
339.67	-260.66
339.67	-254.00
339.67	-252.00
339.67	-262.00
339.67	-268.66
339.67	-260.66
339.67	-262.00
339.68	-256.00
339.68	-260.00
339.68	-265.33
339.68	-265.33
339.68	-263.33
339.68	-251.34
339.68	-261.34
339.68	-262.00
339.68	-269.34
339.69	-248.00
339.69	-250.66
339.69	-270.66
339.69	-266.67
339.69	-265.33
339.69	-256.67
339.69	-261.34
339.69	-251.34
339.70	-246.00
339.70	-260.66
339.70	-260.00
339.70	-252.00
339.70	-260.66
339.70	-268.66
339.70	-263.33
339.70	-258.00
339.71	-253.33
339.71	-264.67
339.71	-265.33
339.71	-264.00
339.71	-257.33
339.71	-262.00
339.71	-268.00
339.71	-261.34
339.71	-254.00
339.72	-255.33
339.72	-246.67
339.72	-248.66
339.72	-260.00
339.72	-269.34
339.72	-262.67
339.72	-234.00
339.72	-253.33
339.73	-256.67
339.73	-260.00
339.73	-250.00
339.73	-252.00
339.73	-258.66
339.73	-263.33
339.73	-258.66
339.73	-260.66
339.73	-261.34
339.74	-262.67
339.74	-264.00
339.74	-267.33
339.74	-262.67
339.74	-264.00
339.74	-268.66
339.74	-270.66
339.74	-261.34
339.75	-257.33
339.75	-258.66
339.75	-261.34
339.75	-262.00
339.75	-256.00
339.75	-259.34
339.75	-252.67
339.75	-257.33
339.76	-260.66
339.76	-261.34
339.76	-251.34
339.76	-248.66
339.76	-260.00
339.76	-267.33
339.76	-264.67
339.76	-250.66
339.76	-247.33
339.77	-254.67
339.77	-259.34
339.77	-256.00
339.77	-254.67
339.77	-258.66
339.77	-259.34
339.77	-259.34
339.77	-264.67
339.78	-256.67
339.78	-240.66
339.78	-252.00
339.78	-260.00
339.78	-266.00
339.78	-260.66
339.78	-268.00
339.78	-266.00
339.78	-249.34
339.79	-259.34
339.79	-268.00
339.79	-261.34
339.79	-248.66
339.79	-248.00
339.79	-258.00
339.79	-253.33
339.79	-263.33
339.80	-254.67
339.80	-254.00
339.80	-250.66
339.80	-246.67
339.80	-248.00
339.80	-260.00
339.80	-261.34
339.80	-254.67
339.81	-260.00
339.81	-256.67
339.81	-254.00
339.81	-251.34
339.81	-255.33
339.81	-256.67
339.81	-251.34
339.81	-249.34
339.81	-256.00
339.82	-257.33
339.82	-262.67
339.82	-260.66
339.82	-262.00
339.82	-259.34
339.82	-253.33
339.82	-260.00
339.82	-258.00
339.83	-268.66
339.83	-260.00
339.83	-264.67
339.83	-259.34
339.83	-256.00
339.83	-252.67
339.83	-267.33
339.83	-269.34
339.84	-251.34
339.84	-254.00
339.84	-265.33
339.84	-256.00
339.84	-240.00
339.84	-250.00
339.84	-255.33
339.84	-252.67
339.84	-246.67
339.85	-237.33
339.85	-246.00
339.85	-246.67
339.85	-258.66
339.85	-264.00
339.85	-272.67
339.85	-264.00
339.85	-252.00
339.86	-257.33
339.86	-251.34
339.86	-254.67
339.86	-244.00
339.86	-257.33
339.86	-259.34
339.86	-256.67
339.86	-257.33
339.86	-260.66
339.87	-252.67
339.87	-252.00
339.87	-260.66
339.87	-267.33
339.87	-252.67
339.87	-258.00
339.87	-264.00
339.87	-261.34
339.88	-254.00
339.88	-252.67
339.88	-253.33
339.88	-254.00
339.88	-260.66
339.88	-261.34
339.88	-266.67
339.88	-259.34
339.89	-253.33
339.89	-253.33
339.89	-260.00
339.89	-264.67
339.89	-253.33
339.89	-261.34
339.89	-259.34
339.89	-244.67
339.89	-251.34
339.90	-260.66
339.90	-256.67
339.90	-242.00
339.90	-243.33
339.90	-252.00
339.90	-249.34
339.90	-259.34
339.90	-253.33
339.91	-256.67
339.91	-246.67
339.91	-230.00
339.91	-254.67
339.91	-250.00
339.91	-248.66
339.91	-259.34
339.91	-251.34
339.91	-253.33
339.92	-244.00
339.92	-248.00
339.92	-258.66
339.92	-260.66
339.92	-250.66
339.92	-252.67
339.92	-256.00
339.92	-250.00
339.93	-259.34
339.93	-253.33
339.93	-254.00
339.93	-250.00
339.93	-252.67
339.93	-260.00
339.93	-254.00
339.93	-247.33
339.94	-248.00
339.94	-248.00
339.94	-254.00
339.94	-248.66
339.94	-250.00
339.94	-263.33
339.94	-252.67
339.94	-248.66
339.94	-258.00
339.95	-260.00
339.95	-262.67
339.95	-252.00
339.95	-254.00
339.95	-256.67
339.95	-251.34
339.95	-243.33
339.95	-258.66
339.96	-255.33
339.96	-251.34
339.96	-251.34
339.96	-256.00
339.96	-242.67
339.96	-226.00
339.96	-242.67
339.96	-242.00
339.96	-232.00
339.97	-246.00
339.97	-245.33
339.97	-250.00
339.97	-252.00
339.97	-240.00
339.97	-249.34
339.97	-249.34
339.97	-236.67
339.98	-229.34
339.98	-244.67
339.98	-249.34
339.98	-248.66
339.98	-234.00
339.98	-252.67
339.98	-251.34
339.98	-249.34
339.99	-248.00
339.99	-253.33
339.99	-246.67
339.99	-249.34
339.99	-254.00
339.99	-260.00
339.99	-260.66
339.99	-255.33
339.99	-248.66
340.00	-243.33
340.00	-238.66
340.00	-245.33
340.00	-257.33
340.00	-254.00
340.00	-246.00
340.00	-252.67
340.00	-258.00
340.01	-259.34
340.01	-248.00
340.01	-251.34
340.01	-251.34
340.01	-228.00
340.01	-239.34
340.01	-245.33
340.01	-246.00
340.02	-249.34
340.02	-250.00
340.02	-258.00
340.02	-262.00
340.02	-254.67
340.02	-251.34
340.02	-246.00
340.02	-248.66
340.02	-247.33
340.03	-246.67
340.03	-248.00
340.03	-244.00
340.03	-238.66
340.03	-241.34
340.03	-245.33
340.03	-248.66
340.03	-242.00
340.04	-227.33
340.04	-242.67
340.04	-238.00
340.04	-243.33
340.04	-242.00
340.04	-239.34
340.04	-246.00
340.04	-255.33
340.04	-253.33
340.05	-236.00
340.05	-237.33
340.05	-257.33
340.05	-261.34
340.05	-252.67
340.05	-224.00
340.05	-238.66
340.05	-256.00
340.06	-254.00
340.06	-240.66
340.06	-236.00
340.06	-244.00
340.06	-254.00
340.06	-250.00
340.06	-252.00
340.06	-241.34
340.07	-234.67
340.07	-252.00
340.07	-260.00
340.07	-252.67
340.07	-242.67
340.07	-257.33
340.07	-257.33
340.07	-238.66
340.07	-258.66
340.08	-262.00
340.08	-259.34
340.08	-231.34
340.08	-215.33
340.08	-245.33
340.08	-244.67
340.08	-240.00
340.08	-226.00
340.09	-247.33
340.09	-246.67
340.09	-243.33
340.09	-240.00
340.09	-250.66
340.09	-250.66
340.09	-254.67
340.09	-250.66
340.09	-261.34
340.10	-261.34
340.10	-235.33
340.10	-250.00
340.10	-234.67
340.10	-235.33
340.10	-255.33
340.10	-258.66
340.10	-250.66
340.11	-258.66
340.11	-257.33
340.11	-259.34
340.11	-252.67
340.11	-238.66
340.11	-249.34
340.11	-258.00
340.11	-250.00
340.12	-235.33
340.12	-252.00
340.12	-261.34
340.12	-262.67
340.12	-248.00
340.12	-256.00
340.12	-262.00
340.12	-242.00
340.12	-247.33
340.13	-252.67
340.13	-238.66
340.13	-246.67
340.13	-248.66
340.13	-248.66
340.13	-238.00
340.13	-228.00
340.13	-252.00
340.14	-258.00
340.14	-258.66
340.14	-249.34
340.14	-237.33
340.14	-236.00
340.14	-226.00
340.14	-234.00
340.14	-241.34
340.14	-244.00
340.15	-247.33
340.15	-251.34
340.15	-262.00
340.15	-262.67
340.15	-256.00
340.15	-260.00
340.15	-261.34
340.15	-256.67
340.16	-250.00
340.16	-252.00
340.16	-248.00
340.16	-232.67
340.16	-247.33
340.16	-258.00
340.16	-254.67
340.16	-250.00
340.17	-246.00
340.17	-254.00
340.17	-250.66
340.17	-245.33
340.17	-232.67
340.17	-250.00
340.17	-240.00
340.17	-252.67
340.17	-248.66
340.18	-256.67
340.18	-250.66
340.18	-218.66
340.18	-231.34
340.18	-240.66
340.18	-229.34
340.18	-245.33
340.18	-259.34
340.19	-256.67
340.19	-249.34
340.19	-241.34
340.19	-252.67
340.19	-250.66
340.19	-246.67
340.19	-249.34
340.19	-238.66
340.20	-240.00
340.20	-252.00
340.20	-254.67
340.20	-243.33
340.20	-228.66
340.20	-242.00
340.20	-260.00
340.20	-262.67
340.20	-256.00
340.21	-232.00
340.21	-238.00
340.21	-239.34
340.21	-254.00
340.21	-257.33
340.21	-254.00
340.21	-252.00
340.21	-240.66
340.22	-249.34
340.22	-262.00
340.22	-259.34
340.22	-248.66
340.22	-234.00
340.22	-242.00
340.22	-245.33
340.22	-252.00
340.22	-244.00
340.23	-249.34
340.23	-249.34
340.23	-236.67
340.23	-235.33
340.23	-240.66
340.23	-223.33
340.23	-216.67
340.23	-246.67
340.24	-253.33
340.24	-241.34
340.24	-232.67
340.24	-242.67
340.24	-231.34
340.24	-248.00
340.24	-260.66
340.24	-260.66
340.25	-240.00
340.25	-252.67
340.25	-256.00
340.25	-253.33
340.25	-242.00
340.25	-232.00
340.25	-250.00
340.25	-246.00
340.25	-242.00
340.26	-242.67
340.26	-256.00
340.26	-247.33
340.26	-248.00
340.26	-251.34
340.26	-262.00
340.26	-258.66
340.26	-235.33
340.27	-242.67
340.27	-237.33
340.27	-229.34
340.27	-257.33
340.27	-264.00
340.27	-252.67
340.27	-238.00
340.27	-231.34
340.27	-254.67
340.28	-242.00
340.28	-233.33
340.28	-238.00
340.28	-247.33
340.28	-253.33
340.28	-252.67
340.28	-246.00
340.28	-248.66
340.29	-234.00
340.29	-229.34
340.29	-242.00
340.29	-240.00
340.29	-253.33
340.29	-250.00
340.29	-250.00
340.29	-236.67
340.30	-240.66
340.30	-256.67
340.30	-253.33
340.30	-235.33
340.30	-220.00
340.30	-225.33
340.30	-243.33
340.30	-251.34
340.30	-251.34
340.31	-252.67
340.31	-250.66
340.31	-250.00
340.31	-252.67
340.31	-240.00
340.31	-242.67
340.31	-242.67
340.31	-228.00
340.32	-237.33
340.32	-248.00
340.32	-221.34
340.32	-231.34
340.32	-244.67
340.32	-224.00
340.32	-214.00
340.32	-241.34
340.33	-249.34
340.33	-247.33
340.33	-247.33
340.33	-252.67
340.33	-251.34
340.33	-245.33
340.33	-242.00
340.33	-252.67
340.33	-245.33
340.34	-244.67
340.34	-251.34
340.34	-254.00
340.34	-234.00
340.34	-240.66
340.34	-240.00
340.34	-229.34
340.34	-226.00
340.35	-236.67
340.35	-252.00
340.35	-252.67
340.35	-248.00
340.35	-218.66
340.35	-234.67
340.35	-245.33
340.35	-240.00
340.35	-231.34
340.36	-252.00
340.36	-246.67
340.36	-238.66
340.36	-252.00
340.36	-247.33
