335.48	-238.66
335.48	-264.00
335.48	-267.33
335.48	-252.00
335.48	-245.33
335.48	-258.66
335.49	-250.00
335.49	-239.34
335.49	-240.66
335.49	-267.33
335.49	-264.67
335.49	-257.33
335.49	-246.00
335.49	-261.34
335.50	-236.67
335.50	-237.33
335.50	-253.33
335.50	-259.34
335.50	-239.34
335.50	-228.66
335.50	-256.00
335.50	-254.00
335.50	-246.67
335.51	-240.66
335.51	-254.00
335.51	-248.66
335.51	-240.66
335.51	-240.00
335.51	-263.33
335.51	-251.34
335.51	-226.67
335.52	-246.67
335.52	-265.33
335.52	-258.00
335.52	-244.00
335.52	-261.34
335.52	-260.66
335.52	-237.33
335.52	-225.33
335.53	-264.67
335.53	-260.66
335.53	-250.66
335.53	-256.67
335.53	-270.00
335.53	-265.33
335.53	-258.00
335.53	-262.00
335.53	-268.00
335.54	-250.66
335.54	-230.00
335.54	-249.34
335.54	-264.00
335.54	-254.00
335.54	-231.34
335.54	-254.00
335.54	-250.66
335.55	-230.66
335.55	-219.34
335.55	-254.67
335.55	-248.00
335.55	-230.00
335.55	-256.00
335.55	-272.67
335.55	-254.67
335.55	-248.00
335.56	-248.00
335.56	-263.33
335.56	-244.00
335.56	-246.00
335.56	-255.33
335.56	-264.67
335.56	-255.33
335.56	-243.33
335.57	-256.00
335.57	-256.00
335.57	-247.33
335.57	-230.66
335.57	-256.67
335.57	-250.66
335.57	-228.00
335.57	-240.00
335.58	-258.00
335.58	-245.33
335.58	-242.67
335.58	-264.00
335.58	-267.33
335.58	-247.33
335.58	-230.66
335.58	-252.67
335.58	-259.34
335.59	-243.33
335.59	-226.67
335.59	-251.34
335.59	-246.67
335.59	-245.33
335.59	-247.33
335.59	-262.67
335.59	-245.33
335.60	-225.33
335.60	-241.34
335.60	-260.66
335.60	-246.67
335.60	-238.66
335.60	-258.00
335.60	-262.00
335.60	-249.34
335.60	-248.00
335.61	-260.66
335.61	-255.33
335.61	-241.34
335.61	-230.00
335.61	-252.00
335.61	-252.00
335.61	-244.67
335.61	-235.33
335.62	-261.34
335.62	-253.33
335.62	-262.67
335.62	-254.67
335.62	-262.00
335.62	-242.00
335.62	-226.67
335.62	-251.34
335.63	-261.34
335.63	-244.67
335.63	-232.00
335.63	-257.33
335.63	-255.33
335.63	-233.33
335.63	-222.67
335.63	-248.00
335.63	-241.34
335.64	-228.00
335.64	-242.00
335.64	-258.00
335.64	-239.34
335.64	-228.00
335.64	-242.00
335.64	-252.67
335.64	-245.33
335.65	-240.00
335.65	-263.33
335.65	-254.00
335.65	-235.33
335.65	-242.00
335.65	-268.00
335.65	-260.66
335.65	-260.66
335.66	-261.34
335.66	-262.67
335.66	-246.67
335.66	-230.66
335.66	-234.67
335.66	-257.33
335.66	-250.66
335.66	-250.00
335.66	-256.00
335.67	-258.66
335.67	-244.67
335.67	-246.67
335.67	-250.00
335.67	-240.00
335.67	-226.67
335.67	-232.67
335.67	-252.00
335.68	-244.67
335.68	-235.33
335.68	-232.00
335.68	-263.33
335.68	-242.00
335.68	-220.00
335.68	-234.00
335.68	-253.33
335.68	-241.34
335.69	-237.33
335.69	-246.00
335.69	-248.66
335.69	-226.00
335.69	-212.00
335.69	-244.00
335.69	-244.67
335.69	-240.00
335.70	-240.00
335.70	-268.00
335.70	-264.00
335.70	-258.66
335.70	-258.66
335.70	-270.66
335.70	-251.34
335.70	-245.33
335.71	-245.33
335.71	-250.66
335.71	-240.66
335.71	-232.00
335.71	-244.00
335.71	-258.00
335.71	-252.67
335.71	-230.00
335.71	-256.00
335.72	-246.67
335.72	-230.00
335.72	-234.00
335.72	-252.00
335.72	-239.34
335.72	-234.00
335.72	-240.66
335.72	-246.67
335.73	-228.00
335.73	-226.00
335.73	-249.34
335.73	-253.33
335.73	-236.00
335.73	-233.33
335.73	-252.00
335.73	-253.33
335.73	-234.67
335.74	-228.66
335.74	-252.67
335.74	-244.67
335.74	-226.67
335.74	-246.00
335.74	-261.34
335.74	-245.33
335.74	-228.00
335.75	-245.33
335.75	-258.00
335.75	-240.66
335.75	-224.67
335.75	-254.00
335.75	-250.66
335.75	-239.34
335.75	-240.66
335.76	-262.67
335.76	-252.67
335.76	-234.67
335.76	-231.34
335.76	-254.00
335.76	-235.33
335.76	-228.00
335.76	-241.34
335.76	-258.66
335.77	-250.00
335.77	-238.66
335.77	-248.00
335.77	-253.33
335.77	-239.34
335.77	-234.00
335.77	-256.00
335.77	-252.00
335.78	-239.34
335.78	-237.33
335.78	-265.33
335.78	-246.00
335.78	-234.00
335.78	-235.33
335.78	-250.00
335.78	-238.00
335.78	-240.00
335.79	-249.34
335.79	-254.00
335.79	-239.34
335.79	-238.00
335.79	-243.33
335.79	-249.34
335.79	-231.34
335.79	-227.33
335.80	-248.00
335.80	-247.33
335.80	-235.33
335.80	-240.00
335.80	-254.67
335.80	-242.67
335.80	-220.66
335.80	-222.67
335.81	-261.34
335.81	-239.34
335.81	-222.00
335.81	-246.00
335.81	-252.00
335.81	-240.66
335.81	-224.67
335.81	-245.33
335.81	-246.00
335.82	-230.00
335.82	-230.00
335.82	-248.66
335.82	-244.67
335.82	-224.00
335.82	-221.34
335.82	-242.67
335.82	-238.00
335.83	-226.67
335.83	-239.34
335.83	-256.67
335.83	-245.33
335.83	-228.66
335.83	-240.00
335.83	-246.67
335.83	-232.67
335.84	-228.00
335.84	-254.67
335.84	-246.67
335.84	-222.67
335.84	-231.34
335.84	-247.33
335.84	-232.00
335.84	-217.33
335.84	-227.33
335.85	-235.33
335.85	-235.33
335.85	-224.00
335.85	-230.00
335.85	-247.33
335.85	-239.34
335.85	-227.33
335.85	-250.00
335.86	-251.34
335.86	-233.33
335.86	-234.00
335.86	-254.00
335.86	-244.00
335.86	-229.34
335.86	-222.67
335.86	-251.34
335.86	-238.66
335.87	-235.33
335.87	-233.33
335.87	-252.00
335.87	-236.00
335.87	-217.33
335.87	-228.00
335.87	-237.33
335.87	-221.34
335.88	-220.66
335.88	-241.34
335.88	-239.34
335.88	-218.00
335.88	-222.00
335.88	-239.34
335.88	-240.00
335.88	-226.67
335.89	-228.00
335.89	-240.66
335.89	-232.67
335.89	-222.67
335.89	-235.33
335.89	-251.34
335.89	-236.67
335.89	-227.33
335.89	-244.00
335.90	-241.34
335.90	-226.00
335.90	-224.00
335.90	-252.67
335.90	-236.67
335.90	-224.67
335.90	-232.00
335.90	-245.33
335.91	-242.00
335.91	-224.67
335.91	-233.33
335.91	-251.34
335.91	-236.67
335.91	-224.67
335.91	-232.00
335.91	-232.67
335.91	-226.67
335.92	-216.67
335.92	-232.00
335.92	-244.67
335.92	-224.00
335.92	-220.00
335.92	-246.00
335.92	-236.67
335.92	-220.66
335.93	-226.00
335.93	-251.34
335.93	-237.33
335.93	-220.00
335.93	-245.33
335.93	-246.67
335.93	-233.33
335.93	-230.66
335.94	-234.67
335.94	-226.00
335.94	-224.00
335.94	-218.00
335.94	-229.34
335.94	-238.00
335.94	-219.34
335.94	-218.00
335.94	-244.00
335.95	-234.00
335.95	-224.00
335.95	-230.66
335.95	-252.00
335.95	-228.00
335.95	-220.66
335.95	-240.00
335.95	-258.00
335.96	-244.00
335.96	-224.00
335.96	-244.67
335.96	-239.34
335.96	-224.00
335.96	-226.00
335.96	-237.33
335.96	-240.66
335.96	-219.34
335.97	-221.34
335.97	-250.00
335.97	-241.34
335.97	-235.33
335.97	-237.33
335.97	-249.34
335.97	-232.00
335.97	-217.33
335.98	-235.33
335.98	-242.67
335.98	-222.67
335.98	-216.00
335.98	-238.00
335.98	-240.00
335.98	-224.00
335.98	-218.00
335.99	-241.34
335.99	-236.00
335.99	-213.33
335.99	-222.00
335.99	-235.33
335.99	-230.66
335.99	-219.34
335.99	-235.33
335.99	-239.34
336.00	-230.00
336.00	-220.00
336.00	-230.00
336.00	-240.00
336.00	-220.66
336.00	-218.00
336.00	-233.33
336.00	-232.00
336.01	-218.66
336.01	-207.33
336.01	-222.00
336.01	-216.00
336.01	-201.34
336.01	-224.67
336.01	-232.00
336.01	-234.00
336.02	-216.67
336.02	-234.67
336.02	-239.34
336.02	-227.33
336.02	-220.66
336.02	-233.33
336.02	-236.00
336.02	-220.00
336.02	-216.67
336.03	-237.33
336.03	-232.67
336.03	-215.33
336.03	-226.00
336.03	-239.34
336.03	-238.00
336.03	-220.66
336.03	-229.34
336.04	-250.66
336.04	-232.00
336.04	-219.34
336.04	-231.34
336.04	-242.00
336.04	-223.33
336.04	-216.67
336.04	-228.66
336.04	-240.00
336.05	-222.00
336.05	-227.33
336.05	-242.00
336.05	-231.34
336.05	-220.00
336.05	-236.00
336.05	-232.00
336.05	-232.00
336.06	-216.00
336.06	-230.00
336.06	-233.33
336.06	-226.67
336.06	-211.34
336.06	-226.00
336.06	-237.33
336.06	-220.00
336.07	-188.66
336.07	-222.67
336.07	-241.34
336.07	-216.00
336.07	-224.67
336.07	-246.00
336.07	-231.34
336.07	-216.00
336.07	-228.00
336.08	-236.67
336.08	-228.66
336.08	-206.00
336.08	-216.00
336.08	-220.00
336.08	-221.34
336.08	-207.33
336.08	-230.00
336.09	-234.67
336.09	-219.34
336.09	-213.33
336.09	-232.00
336.09	-232.67
336.09	-213.33
336.09	-205.33
336.09	-234.00
336.09	-232.00
336.10	-214.00
336.10	-221.34
336.10	-236.67
336.10	-226.67
336.10	-219.34
336.10	-227.33
336.10	-225.33
336.10	-208.66
336.11	-214.67
336.11	-237.33
336.11	-236.00
336.11	-220.00
336.11	-218.00
336.11	-233.33
336.11	-232.00
336.11	-214.67
336.12	-223.33
336.12	-235.33
336.12	-226.00
336.12	-207.33
336.12	-224.67
336.12	-239.34
336.12	-224.67
336.12	-198.66
336.12	-212.67
336.13	-208.00
336.13	-217.33
336.13	-210.00
336.13	-236.67
336.13	-226.00
336.13	-215.33
336.13	-218.66
336.13	-232.00
336.14	-229.34
336.14	-213.33
336.14	-234.67
336.14	-232.00
336.14	-226.67
336.14	-213.33
336.14	-231.34
336.14	-226.67
336.15	-222.67
336.15	-207.33
336.15	-217.33
336.15	-234.00
336.15	-215.33
336.15	-206.67
336.15	-227.33
336.15	-227.33
336.15	-202.67
336.16	-218.00
336.16	-234.00
336.16	-226.67
336.16	-212.00
336.16	-220.00
336.16	-228.00
336.16	-221.34
336.16	-212.67
336.17	-226.00
336.17	-226.00
336.17	-212.67
336.17	-211.34
336.17	-222.67
336.17	-215.33
336.17	-214.67
336.17	-201.34
336.17	-220.66
336.18	-220.66
336.18	-210.00
336.18	-210.00
336.18	-212.67
336.18	-210.66
336.18	-207.33
336.18	-213.33
336.18	-222.67
336.19	-206.67
336.19	-195.33
336.19	-218.66
336.19	-223.33
336.19	-207.33
336.19	-210.00
336.19	-223.33
336.19	-226.00
336.20	-192.00
336.20	-200.00
336.20	-210.66
336.20	-209.34
336.20	-192.67
336.20	-202.00
336.20	-204.00
336.20	-212.00
336.20	-185.33
336.21	-200.66
336.21	-208.66
336.21	-186.67
336.21	-182.00
336.21	-204.67
336.21	-200.66
336.21	-205.33
336.21	-213.33
336.22	-228.66
336.22	-206.00
336.22	-194.00
336.22	-201.34
336.22	-213.33
336.22	-211.34
336.22	-205.33
336.22	-209.34
336.22	-207.33
336.23	-198.66
336.23	-195.33
336.23	-208.66
336.23	-200.66
336.23	-195.33
336.23	-186.00
336.23	-204.00
336.23	-199.34
336.24	-208.00
336.24	-210.66
336.24	-216.67
336.24	-208.00
336.24	-192.67
336.24	-200.00
336.24	-201.34
336.24	-213.33
336.25	-186.67
336.25	-209.34
336.25	-204.00
336.25	-191.34
336.25	-196.67
336.25	-212.00
336.25	-219.34
336.25	-200.00
336.25	-206.67
336.26	-218.66
336.26	-214.00
336.26	-200.00
336.26	-206.67
336.26	-222.00
336.26	-212.00
336.26	-198.66
336.26	-212.00
336.27	-214.00
336.27	-196.00
336.27	-192.67
336.27	-219.34
336.27	-205.33
336.27	-200.00
336.27	-184.67
336.27	-206.00
336.27	-189.34
336.28	-194.00
336.28	-192.67
336.28	-207.33
336.28	-215.33
336.28	-186.00
336.28	-197.33
336.28	-204.00
336.28	-194.67
336.29	-174.00
336.29	-182.00
336.29	-199.34
336.29	-170.00
336.29	-180.00
336.29	-192.00
336.29	-197.33
336.29	-194.00
336.30	-188.66
336.30	-204.00
336.30	-199.34
336.30	-180.66
336.30	-189.34
336.30	-208.00
336.30	-196.00
336.30	-179.34
336.30	-199.34
336.31	-202.00
336.31	-204.00
336.31	-185.33
336.31	-203.33
336.31	-205.33
336.31	-198.00
336.31	-184.67
336.31	-206.67
336.32	-208.66
336.32	-199.34
336.32	-195.33
336.32	-204.00
336.32	-194.67
336.32	-179.34
336.32	-188.66
336.32	-215.33
336.33	-197.33
336.33	-182.67
336.33	-206.00
336.33	-209.34
336.33	-194.00
336.33	-189.34
336.33	-202.67
336.33	-188.66
336.33	-186.00
336.34	-188.00
336.34	-208.00
336.34	-194.00
336.34	-182.00
336.34	-201.34
336.34	-211.34
336.34	-198.66
336.34	-192.00
336.35	-202.00
336.35	-212.67
336.35	-186.67
336.35	-190.66
336.35	-198.00
336.35	-199.34
336.35	-190.66
336.35	-175.33
336.35	-186.00
336.36	-194.67
336.36	-156.67
336.36	-160.00
336.36	-187.33
336.36	-180.00
336.36	-162.67
336.36	-177.33
336.36	-202.00
336.37	-192.00
336.37	-173.33
336.37	-190.00
336.37	-187.33
336.37	-176.00
336.37	-168.66
336.37	-186.00
336.37	-188.00
336.38	-167.33
336.38	-164.67
336.38	-189.34
336.38	-194.67
336.38	-178.66
336.38	-173.33
336.38	-198.00
336.38	-174.67
336.38	-176.00
336.39	-180.00
336.39	-201.34
336.39	-190.66
336.39	-156.00
336.39	-183.33
336.39	-202.00
336.39	-187.33
336.39	-171.34
336.40	-200.66
336.40	-194.67
336.40	-158.66
336.40	-176.67
336.40	-198.66
336.40	-176.67
336.40	-165.33
336.40	-167.33
336.40	-176.67
336.41	-168.00
336.41	-160.66
336.41	-201.34
336.41	-193.33
336.41	-192.67
336.41	-158.00
336.41	-189.34
336.41	-191.34
336.42	-161.34
336.42	-149.34
336.42	-188.00
336.42	-173.33
336.42	-158.66
336.42	-172.00
336.42	-191.34
336.42	-187.33
336.43	-160.00
336.43	-165.33
336.43	-167.33
336.43	-150.66
336.43	-150.66
336.43	-174.67
336.43	-173.33
336.43	-163.33
336.43	-159.34
336.44	-198.00
336.44	-184.00
336.44	-152.00
336.44	-140.66
336.44	-171.34
336.44	-160.66
336.44	-146.00
336.44	-164.00
336.45	-185.33
336.45	-165.33
336.45	-146.67
336.45	-179.34
336.45	-182.00
336.45	-155.33
336.45	-158.66
336.45	-190.66
336.46	-178.66
336.46	-151.34
336.46	-149.34
336.46	-152.67
336.46	-151.34
336.46	-150.00
336.46	-157.33
336.46	-176.00
336.46	-164.67
336.47	-155.33
336.47	-169.34
336.47	-176.00
336.47	-164.67
336.47	-160.00
336.47	-171.34
336.47	-186.00
336.47	-163.33
336.48	-142.67
336.48	-164.00
336.48	-162.67
336.48	-148.66
336.48	-139.34
336.48	-166.67
336.48	-159.34
336.48	-126.00
336.48	-139.34
336.49	-164.67
336.49	-154.67
336.49	-159.34
336.49	-160.66
336.49	-158.00
336.49	-151.34
336.49	-138.00
336.49	-152.00
336.50	-158.00
336.50	-134.67
336.50	-133.33
336.50	-149.34
336.50	-134.67
336.50	-128.66
336.50	-128.00
336.50	-140.66
336.51	-132.67
336.51	-120.00
336.51	-130.00
336.51	-155.33
336.51	-130.00
336.51	-114.00
336.51	-132.67
336.51	-142.67
336.51	-121.34
336.52	-124.67
336.52	-137.33
336.52	-142.67
336.52	-140.00
336.52	-139.34
336.52	-165.33
336.52	-149.34
336.52	-125.33
336.53	-131.34
336.53	-154.00
336.53	-135.33
336.53	-116.67
336.53	-134.67
336.53	-138.00
336.53	-125.33
336.53	-119.34
336.53	-136.00
336.54	-140.00
336.54	-130.66
336.54	-123.33
336.54	-147.33
336.54	-137.33
336.54	-131.34
336.54	-126.67
336.54	-129.34
336.55	-123.33
336.55	-122.67
336.55	-121.34
336.55	-129.34
336.55	-130.66
336.55	-121.34
336.55	-135.33
336.55	-134.00
336.56	-120.66
336.56	-111.34
336.56	-128.00
336.56	-135.33
336.56	-110.66
336.56	-101.34
336.56	-133.33
336.56	-126.67
336.56	-115.33
336.57	-120.66
336.57	-132.00
336.57	-120.00
336.57	-108.66
336.57	-116.00
336.57	-118.00
336.57	-117.33
336.57	-108.00
336.58	-123.33
336.58	-134.67
336.58	-120.00
336.58	-110.00
336.58	-126.00
336.58	-128.00
336.58	-116.00
336.58	-116.00
336.58	-134.67
336.59	-130.66
336.59	-114.00
336.59	-127.33
336.59	-134.00
336.59	-124.00
336.59	-110.66
336.59	-120.66
336.59	-120.66
336.60	-114.00
336.60	-103.33
336.60	-118.66
336.60	-124.67
336.60	-107.33
336.60	-89.34
336.60	-112.67
336.60	-114.67
336.61	-97.33
336.61	-99.34
336.61	-110.66
336.61	-118.66
336.61	-94.67
336.61	-93.33
336.61	-112.00
336.61	-102.00
336.61	-93.33
336.62	-106.67
336.62	-104.00
336.62	-86.67
336.62	-88.66
336.62	-106.67
336.62	-104.00
336.62	-110.00
336.62	-102.00
336.63	-126.00
336.63	-106.00
336.63	-101.34
336.63	-101.34
336.63	-102.67
336.63	-95.33
336.63	-92.00
336.63	-91.34
336.64	-102.00
336.64	-84.67
336.64	-86.00
336.64	-100.66
336.64	-106.67
336.64	-85.33
336.64	-88.00
336.64	-102.00
336.64	-96.67
336.65	-97.33
336.65	-95.33
336.65	-111.34
336.65	-85.33
336.65	-74.00
336.65	-88.00
336.65	-99.34
336.65	-82.67
336.66	-71.34
336.66	-94.67
336.66	-101.34
336.66	-96.67
336.66	-72.00
336.66	-96.67
336.66	-97.33
336.66	-74.00
336.66	-68.66
336.67	-90.00
336.67	-91.34
336.67	-82.00
336.67	-85.33
336.67	-103.33
336.67	-89.34
336.67	-81.34
336.67	-81.34
336.68	-95.33
336.68	-92.67
336.68	-77.33
336.68	-88.66
336.68	-88.66
336.68	-67.33
336.68	-66.67
336.68	-82.00
336.69	-82.00
336.69	-63.33
336.69	-67.33
336.69	-80.66
336.69	-82.67
336.69	-74.67
336.69	-79.34
336.69	-92.67
336.69	-76.00
336.70	-60.66
336.70	-72.00
336.70	-94.00
336.70	-76.67
336.70	-61.34
336.70	-70.00
336.70	-80.00
336.70	-55.33
336.71	-45.33
336.71	-67.33
336.71	-71.34
336.71	-60.00
336.71	-61.34
336.71	-72.67
336.71	-70.66
336.71	-50.66
336.71	-56.00
336.72	-56.00
336.72	-64.00
336.72	-49.34
336.72	-64.00
336.72	-67.33
336.72	-62.67
336.72	-49.34
336.72	-65.33
336.73	-76.00
336.73	-58.66
336.73	-48.66
336.73	-67.33
336.73	-68.00
336.73	-54.67
336.73	-53.33
336.73	-64.00
336.74	-66.67
336.74	-48.66
336.74	-48.00
336.74	-64.00
336.74	-56.00
336.74	-52.00
336.74	-52.00
336.74	-51.34
336.74	-57.33
336.75	-41.34
336.75	-54.00
336.75	-60.00
336.75	-52.00
336.75	-42.67
336.75	-51.34
336.75	-57.33
336.75	-49.34
336.76	-47.33
336.76	-57.33
336.76	-54.00
336.76	-46.00
336.76	-49.34
336.76	-54.00
336.76	-58.00
336.76	-30.00
336.76	-59.34
336.77	-56.00
336.77	-20.67
336.77	-26.00
336.77	-54.00
336.77	-33.33
336.77	-24.67
336.77	-18.67
336.77	-32.00
336.78	-31.33
336.78	-18.67
336.78	-41.34
336.78	-43.33
336.78	-28.00
336.78	-21.33
336.78	-16.67
336.78	-19.33
336.79	4.00
336.79	-1.33
336.79	-20.67
336.79	-19.33
336.79	-4.00
336.79	-6.00
336.79	-20.67
336.79	-6.00
336.79	0.67
336.80	-8.67
336.80	-20.00
336.80	10.00
336.80	8.67
336.80	-18.00
336.80	3.33
336.80	7.33
336.80	2.67
336.81	-24.00
336.81	-18.00
336.81	1.33
336.81	12.67
336.81	8.00
336.81	-6.67
336.81	21.33
336.81	33.33
336.82	14.00
336.82	17.33
336.82	28.67
336.82	30.00
336.82	14.67
336.82	21.33
336.82	24.00
336.82	28.00
336.82	18.67
336.83	37.33
336.83	43.33
336.83	28.67
336.83	25.33
336.83	40.67
336.83	40.00
336.83	19.33
336.83	20.00
336.84	30.00
336.84	29.33
336.84	19.33
336.84	24.00
336.84	43.33
336.84	42.67
336.84	26.67
336.84	32.00
336.84	57.33
336.85	40.67
336.85	36.67
336.85	47.33
336.85	66.67
336.85	49.33
336.85	53.33
336.85	66.00
336.85	64.67
336.86	40.67
336.86	49.33
336.86	60.00
336.86	50.67
336.86	47.33
336.86	56.00
336.86	74.67
336.86	63.33
336.87	55.33
336.87	54.67
336.87	74.67
336.87	61.33
336.87	60.67
336.87	70.67
336.87	84.00
336.87	67.33
336.87	75.33
336.88	88.00
336.88	81.33
336.88	61.33
336.88	77.33
336.88	83.33
336.88	77.33
336.88	61.33
336.88	83.33
336.89	92.00
336.89	78.00
336.89	77.33
336.89	87.33
336.89	105.33
336.89	91.33
336.89	89.33
336.89	98.67
336.89	106.67
336.90	98.67
336.90	94.00
336.90	108.00
336.90	100.00
336.90	93.33
336.90	101.33
336.90	114.00
336.90	103.33
336.91	97.33
336.91	108.67
336.91	128.00
336.91	106.67
336.91	104.00
336.91	116.67
336.91	130.00
336.91	110.00
336.92	118.67
336.92	118.67
336.92	123.33
336.92	122.00
336.92	120.67
336.92	125.33
336.92	130.00
336.92	111.33
336.92	124.67
336.93	138.00
336.93	124.00
336.93	115.33
336.93	130.67
336.93	152.67
336.93	142.67
336.93	143.33
336.93	168.00
336.94	175.33
336.94	146.67
336.94	148.67
336.94	162.00
336.94	160.67
336.94	148.67
336.94	154.00
336.94	174.67
336.95	167.33
336.95	153.33
336.95	164.67
336.95	164.67
336.95	154.00
336.95	151.33
336.95	173.33
336.95	173.33
336.95	164.67
336.96	168.00
336.96	178.67
336.96	189.33
336.96	161.33
336.96	167.33
336.96	206.00
336.96	200.00
336.96	163.33
336.97	182.67
336.97	208.67
336.97	188.67
336.97	180.00
336.97	210.00
336.97	220.67
336.97	199.33
336.97	210.00
336.97	213.33
336.98	224.67
336.98	220.00
336.98	222.67
336.98	222.67
336.98	230.67
336.98	217.33
336.98	220.00
336.98	244.67
336.99	235.33
336.99	220.67
336.99	232.67
336.99	250.00
336.99	248.67
336.99	236.00
336.99	252.67
336.99	252.67
337.00	246.67
337.00	250.00
337.00	265.33
337.00	268.00
337.00	248.00
337.00	250.67
337.00	265.33
337.00	264.00
337.00	266.00
337.01	263.33
337.01	272.67
337.01	271.33
337.01	266.00
337.01	264.00
337.01	277.33
337.01	267.33
337.01	256.67
337.02	270.00
337.02	297.33
337.02	278.67
337.02	290.67
337.02	315.33
337.02	311.33
337.02	294.00
337.02	295.33
337.02	298.67
337.03	308.67
337.03	298.00
337.03	318.67
337.03	338.00
337.03	310.00
337.03	307.33
337.03	325.33
337.03	342.00
337.04	318.00
337.04	318.67
337.04	340.00
337.04	350.67
337.04	324.67
337.04	339.33
337.04	367.33
337.04	366.00
337.05	340.00
337.05	346.00
337.05	380.00
337.05	372.00
337.05	357.33
337.05	374.67
337.05	384.67
337.05	370.00
337.05	371.33
337.06	390.00
337.06	393.33
337.06	385.33
337.06	395.33
337.06	414.00
337.06	423.33
337.06	401.33
337.06	408.67
337.07	422.00
337.07	415.33
337.07	409.33
337.07	405.33
337.07	411.33
337.07	418.00
337.07	411.33
337.07	418.67
337.07	430.00
337.08	416.67
337.08	422.67
337.08	442.67
337.08	462.00
337.08	446.00
337.08	444.67
337.08	462.67
337.08	474.67
337.09	459.33
337.09	470.67
337.09	489.33
337.09	480.00
337.09	475.33
337.09	480.67
337.09	496.67
337.09	486.00
337.10	471.33
337.10	493.33
337.10	517.33
337.10	508.67
337.10	512.00
337.10	525.33
337.10	538.67
337.10	518.00
337.10	514.00
337.11	532.67
337.11	532.67
337.11	524.00
337.11	536.00
337.11	559.33
337.11	550.67
337.11	544.00
337.11	562.00
337.12	581.33
337.12	562.00
337.12	564.67
337.12	581.33
337.12	587.33
337.12	576.00
337.12	583.33
337.12	594.00
337.13	606.00
337.13	595.33
337.13	600.00
337.13	624.67
337.13	629.33
337.13	614.67
337.13	632.67
337.13	650.67
337.13	639.33
337.14	631.33
337.14	646.67
337.14	672.00
337.14	655.33
337.14	642.00
337.14	662.67
337.14	676.00
337.14	660.67
337.15	663.33
337.15	681.33
337.15	698.67
337.15	692.00
337.15	706.67
337.15	716.00
337.15	704.67
337.15	695.33
337.15	724.67
337.16	734.00
337.16	723.33
337.16	724.00
337.16	732.67
337.16	748.67
337.16	738.00
337.16	741.33
337.16	760.00
337.17	780.67
337.17	760.00
337.17	774.00
337.17	798.67
337.17	792.00
337.17	776.67
337.17	800.00
337.17	814.00
337.18	814.00
337.18	814.00
337.18	838.00
337.18	858.67
337.18	850.67
337.18	852.00
337.18	876.00
337.18	882.67
337.18	870.00
337.19	879.33
337.19	898.00
337.19	908.67
337.19	884.67
337.19	894.00
337.19	912.67
337.19	917.33
337.19	921.33
337.20	928.00
337.20	924.00
337.20	923.33
337.20	932.67
337.20	950.00
337.20	973.33
337.20	958.00
337.20	969.33
337.20	993.33
337.21	1023.33
337.21	1016.00
337.21	1019.33
337.21	1038.00
337.21	1047.33
337.21	1033.33
337.21	1054.00
337.21	1069.33
337.22	1063.33
337.22	1060.00
337.22	1066.67
337.22	1078.00
337.22	1074.00
337.22	1075.33
337.22	1095.33
337.22	1112.00
337.23	1098.00
337.23	1110.00
337.23	1134.00
337.23	1160.00
337.23	1152.67
337.23	1160.67
337.23	1176.00
337.23	1190.67
337.23	1188.00
337.24	1208.67
337.24	1227.33
337.24	1222.67
337.24	1226.67
337.24	1238.67
337.24	1255.33
337.24	1262.00
337.24	1258.00
337.25	1282.00
337.25	1302.67
337.25	1294.00
337.25	1300.67
337.25	1330.67
337.25	1344.00
337.25	1332.67
337.25	1342.00
337.26	1358.67
337.26	1372.67
337.26	1360.00
337.26	1380.67
337.26	1413.33
337.26	1401.33
337.26	1408.00
337.26	1438.67
337.26	1456.67
337.27	1456.00
337.27	1464.00
337.27	1482.00
337.27	1504.00
337.27	1496.67
337.27	1512.00
337.27	1535.33
337.27	1544.67
337.28	1543.33
337.28	1542.00
337.28	1575.33
337.28	1590.00
337.28	1584.67
337.28	1614.67
337.28	1648.67
337.28	1642.67
337.28	1646.67
337.29	1684.00
337.29	1690.67
337.29	1679.33
337.29	1690.00
337.29	1708.67
337.29	1722.67
337.29	1722.67
337.29	1746.67
337.30	1777.33
337.30	1799.33
337.30	1808.00
337.30	1807.33
337.30	1830.00
337.30	1852.00
337.30	1860.00
337.30	1866.00
337.31	1897.33
337.31	1894.67
337.31	1906.00
337.31	1943.33
337.31	1958.67
337.31	1969.33
337.31	1992.00
337.31	2022.00
337.31	2033.33
337.32	2028.00
337.32	2052.67
337.32	2078.00
337.32	2082.00
337.32	2088.00
337.32	2126.00
337.32	2144.00
337.32	2152.00
337.33	2160.00
337.33	2184.00
337.33	2214.67
337.33	2197.33
337.33	2218.67
337.33	2253.33
337.33	2292.00
337.33	2298.00
337.33	2314.00
337.34	2346.00
337.34	2373.33
337.34	2376.00
337.34	2408.00
337.34	2454.67
337.34	2454.67
337.34	2462.67
337.34	2494.67
337.35	2511.33
337.35	2519.33
337.35	2529.33
337.35	2544.67
337.35	2586.00
337.35	2591.33
337.35	2622.00
337.35	2668.67
337.36	2690.67
337.36	2702.67
337.36	2730.00
337.36	2761.33
337.36	2779.33
337.36	2782.67
337.36	2805.33
337.36	2843.33
337.36	2861.33
337.37	2884.67
337.37	2938.67
337.37	2959.33
337.37	2967.33
337.37	2993.33
337.37	3032.67
337.37	3077.33
337.37	3073.33
337.38	3099.33
337.38	3146.00
337.38	3154.00
337.38	3181.33
337.38	3223.33
337.38	3248.67
337.38	3276.00
337.38	3290.67
337.38	3310.67
337.39	3368.00
337.39	3376.67
337.39	3400.00
337.39	3450.67
337.39	3476.00
337.39	3506.00
337.39	3530.67
337.39	3579.33
337.40	3619.33
337.40	3633.33
337.40	3656.00
337.40	3726.00
337.40	3750.00
337.40	3768.00
337.40	3808.67
337.40	3847.33
337.41	3884.67
337.41	3895.33
337.41	3930.00
337.41	3988.67
337.41	4011.33
337.41	4053.33
337.41	4108.67
337.41	4153.33
337.41	4182.00
337.42	4220.00
337.42	4252.67
337.42	4298.00
337.42	4323.33
337.42	4364.67
337.42	4425.33
337.42	4463.33
337.42	4486.00
337.43	4542.67
337.43	4584.00
337.43	4620.00
337.43	4652.00
337.43	4710.67
337.43	4770.67
337.43	4794.67
337.43	4839.33
337.44	4905.33
337.44	4940.00
337.44	4974.00
337.44	5041.33
337.44	5087.33
337.44	5157.33
337.44	5182.67
337.44	5227.33
337.44	5304.00
337.45	5328.67
337.45	5364.00
337.45	5412.00
337.45	5458.00
337.45	5510.67
337.45	5548.67
337.45	5618.00
337.45	5704.00
337.46	5720.67
337.46	5771.33
337.46	5858.67
337.46	5889.33
337.46	5942.67
337.46	6011.33
337.46	6040.00
337.46	6129.33
337.46	6166.67
337.47	6222.67
337.47	6328.67
337.47	6365.33
337.47	6411.33
337.47	6496.00
337.47	6544.00
337.47	6606.67
337.47	6669.33
337.48	6736.00
337.48	6822.00
337.48	6858.67
337.48	6935.33
337.48	7028.00
337.48	7084.00
337.48	7144.00
337.48	7222.00
337.49	7289.33
337.49	7377.33
337.49	7428.67
337.49	7487.33
337.49	7598.00
337.49	7630.00
337.49	7688.67
337.49	7791.33
337.49	7863.33
337.50	7938.00
337.50	8025.33
337.50	8094.00
337.50	8198.00
337.50	8257.33
337.50	8321.33
337.50	8427.33
337.50	8492.67
337.51	8555.33
337.51	8646.00
337.51	8718.67
337.51	8801.33
337.51	8856.67
337.51	8926.67
337.51	9059.33
337.51	9121.33
337.51	9192.67
337.52	9305.33
337.52	9376.00
337.52	9461.33
337.52	9540.67
337.52	9615.33
337.52	9716.67
337.52	9760.00
337.52	9848.67
337.53	9972.67
337.53	10036.67
337.53	10112.00
337.53	10226.67
337.53	10296.67
337.53	10401.33
337.53	10484.67
337.53	10574.67
337.54	10701.33
337.54	10764.00
337.54	10848.00
337.54	10979.33
337.54	11052.67
337.54	11129.33
337.54	11222.67
337.54	11305.33
337.54	11402.00
337.55	11454.67
337.55	11540.00
337.55	11660.67
337.55	11734.00
337.55	11820.00
337.55	11936.67
337.55	12018.00
337.55	12117.33
337.56	12217.33
337.56	12284.67
337.56	12415.33
337.56	12461.33
337.56	12548.00
337.56	12658.00
337.56	12724.00
337.56	12800.00
337.56	12894.67
337.57	12971.33
337.57	13068.00
337.57	13122.00
337.57	13208.67
337.57	13323.33
337.57	13377.33
337.57	13456.67
337.57	13549.33
337.58	13634.00
337.58	13718.67
337.58	13800.67
337.58	13869.33
337.58	13982.00
337.58	14022.67
337.58	14090.00
337.58	14171.33
337.59	14222.00
337.59	14286.67
337.59	14345.33
337.59	14411.33
337.59	14484.67
337.59	14520.67
337.59	14592.00
337.59	14680.67
337.59	14723.33
337.60	14780.00
337.60	14834.67
337.60	14896.67
337.60	14948.00
337.60	14987.33
337.60	15056.00
337.60	15126.67
337.60	15136.00
337.61	15172.67
337.61	15231.33
337.61	15283.33
337.61	15306.67
337.61	15346.67
337.61	15376.67
337.61	15421.33
337.61	15426.67
337.62	15459.33
337.62	15496.00
337.62	15508.00
337.62	15525.33
337.62	15558.67
337.62	15578.67
337.62	15584.67
337.62	15595.33
337.62	15619.33
337.63	15648.67
337.63	15635.33
337.63	15642.00
337.63	15672.67
337.63	15654.00
337.63	15633.33
337.63	15652.00
337.63	15656.00
337.64	15646.00
337.64	15630.67
337.64	15648.67
337.64	15632.00
337.64	15624.67
337.64	15606.67
337.64	15594.67
337.64	15580.67
337.64	15556.67
337.65	15546.00
337.65	15524.67
337.65	15494.67
337.65	15463.33
337.65	15434.00
337.65	15418.00
337.65	15404.67
337.65	15349.33
337.66	15305.33
337.66	15299.33
337.66	15236.00
337.66	15178.00
337.66	15158.00
337.66	15130.67
337.66	15080.00
337.66	15027.33
337.67	14978.67
337.67	14981.33
337.67	14912.00
337.67	14846.67
337.67	14814.67
337.67	14760.00
337.67	14698.00
337.67	14654.67
337.67	14588.00
337.68	14526.67
337.68	14455.33
337.68	14378.67
337.68	14350.00
337.68	14293.33
337.68	14214.00
337.68	14188.67
337.68	14130.00
337.69	14045.33
337.69	13990.00
337.69	13912.00
337.69	13862.67
337.69	13785.33
337.69	13700.00
337.69	13675.33
337.69	13564.00
337.69	13493.33
337.70	13442.00
337.70	13361.33
337.70	13303.33
337.70	13204.00
337.70	13120.00
337.70	13067.33
337.70	12968.00
337.70	12889.33
337.71	12848.00
337.71	12749.33
337.71	12674.67
337.71	12602.67
337.71	12522.00
337.71	12486.00
337.71	12385.33
337.71	12300.00
337.72	12257.33
337.72	12157.33
337.72	12068.00
337.72	12016.67
337.72	11926.00
337.72	11860.67
337.72	11753.33
337.72	11654.67
337.72	11625.33
337.73	11495.33
337.73	11406.67
337.73	11348.00
337.73	11255.33
337.73	11150.00
337.73	11078.00
337.73	10980.67
337.73	10929.33
337.74	10824.00
337.74	10721.33
337.74	10680.00
337.74	10596.67
337.74	10512.67
337.74	10447.33
337.74	10337.33
337.74	10273.33
337.75	10189.33
337.75	10078.00
337.75	10021.33
337.75	9891.33
337.75	9791.33
337.75	9756.00
337.75	9664.67
337.75	9573.33
337.75	9496.67
337.76	9396.00
337.76	9334.00
337.76	9241.33
337.76	9142.67
337.76	9095.33
337.76	9002.67
337.76	8911.33
337.76	8841.33
337.77	8739.33
337.77	8658.00
337.77	8566.00
337.77	8474.00
337.77	8429.33
337.77	8326.00
337.77	8249.33
337.77	8194.67
337.77	8104.67
337.78	7998.67
337.78	7935.33
337.78	7830.00
337.78	7758.67
337.78	7653.33
337.78	7562.67
337.78	7516.67
337.78	7400.00
337.79	7314.00
337.79	7248.00
337.79	7152.00
337.79	7095.33
337.79	7022.67
337.79	6918.67
337.79	6876.67
337.79	6778.00
337.80	6696.00
337.80	6640.00
337.80	6524.00
337.80	6449.33
337.80	6380.00
337.80	6288.00
337.80	6200.67
337.80	6136.67
337.80	6040.67
337.81	5982.67
337.81	5880.00
337.81	5796.67
337.81	5748.67
337.81	5652.67
337.81	5574.67
337.81	5516.00
337.81	5433.33
337.82	5388.00
337.82	5270.67
337.82	5191.33
337.82	5130.67
337.82	5034.00
337.82	4926.67
337.82	4882.00
337.82	4798.67
337.82	4726.67
337.83	4624.00
337.83	4530.00
337.83	4479.33
337.83	4370.67
337.83	4276.67
337.83	4234.67
337.83	4149.33
337.83	4064.00
337.84	3992.00
337.84	3924.00
337.84	3879.33
337.84	3780.67
337.84	3711.33
337.84	3682.67
337.84	3578.67
337.84	3487.33
337.85	3437.33
337.85	3344.67
337.85	3277.33
337.85	3188.67
337.85	3108.00
337.85	3060.00
337.85	2959.33
337.85	2860.00
337.85	2802.67
337.86	2742.00
337.86	2644.67
337.86	2576.00
337.86	2495.33
337.86	2445.33
337.86	2356.67
337.86	2273.33
337.86	2246.67
337.87	2136.00
337.87	2046.67
337.87	1982.67
337.87	1910.00
337.87	1840.67
337.87	1750.67
337.87	1685.33
337.87	1642.00
337.87	1533.33
337.88	1447.33
337.88	1399.33
337.88	1311.33
337.88	1232.67
337.88	1166.00
337.88	1084.00
337.88	1033.33
337.88	933.33
337.89	838.67
337.89	806.00
337.89	712.67
337.89	618.67
337.89	584.67
337.89	499.33
337.89	426.00
337.89	351.33
337.90	283.33
337.90	235.33
337.90	131.33
337.90	67.33
337.90	24.00
337.90	-80.66
337.90	-154.67
337.90	-216.00
337.90	-301.34
337.91	-368.66
337.91	-430.00
337.91	-507.33
337.91	-551.34
337.91	-647.33
337.91	-729.34
337.91	-788.00
337.91	-884.00
337.92	-933.33
337.92	-1020.66
337.92	-1109.34
337.92	-1156.00
337.92	-1268.00
337.92	-1333.33
337.92	-1373.33
337.92	-1447.33
337.93	-1554.67
337.93	-1614.00
337.93	-1702.67
337.93	-1746.67
337.93	-1830.66
337.93	-1898.00
337.93	-1942.67
337.93	-2038.66
337.93	-2120.00
337.94	-2170.00
337.94	-2249.34
337.94	-2314.00
337.94	-2387.33
337.94	-2472.67
337.94	-2530.00
337.94	-2624.00
337.94	-2712.67
337.95	-2758.66
337.95	-2857.33
337.95	-2948.00
337.95	-3012.67
337.95	-3093.33
337.95	-3128.00
337.95	-3216.00
337.95	-3302.67
337.95	-3328.66
337.96	-3440.66
337.96	-3536.67
337.96	-3569.34
337.96	-3650.00
337.96	-3728.66
337.96	-3803.33
337.96	-3884.67
337.96	-3947.33
337.97	-4044.00
337.97	-4131.34
337.97	-4168.00
337.97	-4261.34
337.97	-4355.33
337.97	-4408.66
337.97	-4496.67
337.97	-4534.67
337.98	-4635.33
337.98	-4720.00
337.98	-4760.00
337.98	-4874.00
337.98	-4935.33
337.98	-4978.00
337.98	-5100.00
337.98	-5169.34
337.98	-5234.67
337.99	-5328.66
337.99	-5386.67
337.99	-5502.67
337.99	-5569.34
337.99	-5593.33
337.99	-5698.66
337.99	-5776.67
337.99	-5837.33
338.00	-5932.00
338.00	-5978.00
338.00	-6058.66
338.00	-6150.00
338.00	-6189.34
338.00	-6306.67
338.00	-6376.00
338.00	-6405.33
338.00	-6501.34
338.01	-6574.67
338.01	-6648.66
338.01	-6728.00
338.01	-6777.33
338.01	-6882.67
338.01	-6970.66
338.01	-7022.00
338.01	-7121.34
338.02	-7214.67
338.02	-7266.67
338.02	-7342.00
338.02	-7418.00
338.02	-7498.00
338.02	-7604.00
338.02	-7650.00
338.02	-7756.00
338.03	-7850.00
338.03	-7884.00
338.03	-7980.66
338.03	-8053.33
338.03	-8112.67
338.03	-8190.00
338.03	-8246.00
338.03	-8344.67
338.03	-8432.00
338.04	-8469.34
338.04	-8579.34
338.04	-8674.67
338.04	-8728.00
338.04	-8812.00
338.04	-8878.00
338.04	-8962.67
338.04	-9060.00
338.05	-9096.00
338.05	-9208.00
338.05	-9304.00
338.05	-9350.00
338.05	-9444.67
338.05	-9541.34
338.05	-9590.00
338.05	-9683.33
338.05	-9734.00
338.06	-9842.67
338.06	-9928.66
338.06	-9975.33
338.06	-10079.34
338.06	-10167.33
338.06	-10204.00
338.06	-10294.67
338.06	-10390.66
338.07	-10463.33
338.07	-10556.67
338.07	-10602.67
338.07	-10680.00
338.07	-10767.33
338.07	-10796.67
338.07	-10886.00
338.07	-10981.34
338.08	-11036.00
338.08	-11108.00
338.08	-11170.66
338.08	-11264.00
338.08	-11350.66
338.08	-11408.66
338.08	-11514.67
338.08	-11592.67
338.08	-11659.34
338.09	-11760.66
338.09	-11854.00
338.09	-11914.00
338.09	-11996.00
338.09	-12047.33
338.09	-12146.67
338.09	-12230.66
338.09	-12258.66
338.10	-12355.33
338.10	-12430.00
338.10	-12484.00
338.10	-12578.00
338.10	-12651.34
338.10	-12723.33
338.10	-12800.66
338.10	-12846.67
338.11	-12932.67
338.11	-13013.33
338.11	-13045.33
338.11	-13140.66
338.11	-13222.67
338.11	-13276.00
338.11	-13354.67
338.11	-13407.33
338.11	-13498.00
338.12	-13570.00
338.12	-13589.34
338.12	-13680.66
338.12	-13753.33
338.12	-13784.00
338.12	-13884.00
338.12	-13940.00
338.12	-13998.66
338.13	-14065.33
338.13	-14099.34
338.13	-14176.00
338.13	-14258.00
338.13	-14300.00
338.13	-14339.34
338.13	-14418.00
338.13	-14447.33
338.13	-14503.33
338.14	-14532.00
338.14	-14613.33
338.14	-14665.33
338.14	-14686.00
338.14	-14759.34
338.14	-14819.34
338.14	-14837.33
338.14	-14891.34
338.15	-14938.66
338.15	-14978.00
338.15	-15024.00
338.15	-15068.00
338.15	-15113.33
338.15	-15140.66
338.15	-15177.33
338.15	-15240.66
338.16	-15282.67
338.16	-15302.00
338.16	-15334.67
338.16	-15373.33
338.16	-15420.66
338.16	-15446.00
338.16	-15446.67
338.16	-15480.66
338.16	-15530.66
338.17	-15524.00
338.17	-15562.00
338.17	-15594.67
338.17	-15611.34
338.17	-15612.67
338.17	-15618.66
338.17	-15656.00
338.17	-15677.33
338.18	-15668.00
338.18	-15673.33
338.18	-15710.00
338.18	-15706.67
338.18	-15716.00
338.18	-15726.67
338.18	-15734.00
338.18	-15742.00
338.18	-15723.33
338.19	-15728.66
338.19	-15738.66
338.19	-15726.00
338.19	-15702.67
338.19	-15719.34
338.19	-15718.66
338.19	-15676.00
338.19	-15662.67
338.20	-15677.33
338.20	-15639.34
338.20	-15602.67
338.20	-15580.00
338.20	-15576.00
338.20	-15547.33
338.20	-15512.00
338.20	-15494.67
338.21	-15472.00
338.21	-15430.66
338.21	-15398.66
338.21	-15376.00
338.21	-15352.00
338.21	-15307.33
338.21	-15254.00
338.21	-15227.33
338.21	-15197.33
338.22	-15125.33
338.22	-15090.00
338.22	-15056.67
338.22	-14994.67
338.22	-14937.33
338.22	-14884.67
338.22	-14855.33
338.22	-14809.34
338.23	-14730.66
338.23	-14700.00
338.23	-14658.00
338.23	-14586.00
338.23	-14534.00
338.23	-14478.66
338.23	-14420.66
338.23	-14350.66
338.24	-14270.00
338.24	-14235.33
338.24	-14168.66
338.24	-14071.34
338.24	-14022.67
338.24	-13959.34
338.24	-13884.00
338.24	-13811.34
338.24	-13708.66
338.25	-13660.00
338.25	-13590.66
338.25	-13475.33
338.25	-13423.33
338.25	-13344.00
338.25	-13234.67
338.25	-13179.34
338.25	-13110.66
338.26	-13040.00
338.26	-12968.66
338.26	-12861.34
338.26	-12800.00
338.26	-12714.00
338.26	-12594.67
338.26	-12525.33
338.26	-12453.33
338.26	-12360.66
338.27	-12286.67
338.27	-12186.00
338.27	-12122.67
338.27	-12054.00
338.27	-11924.00
338.27	-11874.00
338.27	-11804.67
338.27	-11696.67
338.28	-11609.34
338.28	-11547.33
338.28	-11456.67
338.28	-11384.67
338.28	-11284.00
338.28	-11231.34
338.28	-11153.33
338.28	-11027.33
338.29	-10962.00
338.29	-10884.00
338.29	-10772.67
338.29	-10690.00
338.29	-10599.34
338.29	-10518.00
338.29	-10434.67
338.29	-10322.00
338.29	-10288.66
338.30	-10219.34
338.30	-10107.33
338.30	-10028.66
338.30	-9955.33
338.30	-9860.66
338.30	-9800.66
338.30	-9704.00
338.30	-9645.33
338.31	-9559.34
338.31	-9443.33
338.31	-9396.67
338.31	-9328.66
338.31	-9228.00
338.31	-9156.67
338.31	-9080.00
338.31	-9016.00
338.31	-8938.66
338.32	-8836.67
338.32	-8786.67
338.32	-8716.00
338.32	-8604.67
338.32	-8557.33
338.32	-8504.67
338.32	-8432.67
338.32	-8372.67
338.33	-8274.67
338.33	-8232.67
338.33	-8159.34
338.33	-8067.33
338.33	-8026.67
338.33	-7949.34
338.33	-7863.33
338.33	-7790.00
338.34	-7717.33
338.34	-7653.33
338.34	-7589.34
338.34	-7518.00
338.34	-7479.34
338.34	-7416.67
338.34	-7326.00
338.34	-7268.66
338.34	-7210.66
338.35	-7121.34
338.35	-7068.00
338.35	-7002.00
338.35	-6956.00
338.35	-6878.00
338.35	-6801.34
338.35	-6776.00
338.35	-6724.67
338.36	-6634.67
338.36	-6591.34
338.36	-6548.66
338.36	-6493.33
338.36	-6460.66
338.36	-6380.66
338.36	-6353.33
338.36	-6301.34
338.36	-6223.33
338.37	-6186.67
338.37	-6156.67
338.37	-6078.00
338.37	-6018.66
338.37	-5959.34
338.37	-5930.00
338.37	-5890.00
338.37	-5810.00
338.38	-5778.66
338.38	-5724.67
338.38	-5654.67
338.38	-5605.33
338.38	-5583.33
338.38	-5534.67
338.38	-5493.33
338.38	-5418.66
338.39	-5400.00
338.39	-5361.34
338.39	-5300.00
338.39	-5275.33
338.39	-5250.66
338.39	-5190.66
338.39	-5147.33
338.39	-5098.00
338.39	-5062.67
338.40	-5012.67
338.40	-4940.00
338.40	-4924.00
338.40	-4895.33
338.40	-4852.67
338.40	-4808.00
338.40	-4790.66
338.40	-4750.66
338.41	-4704.00
338.41	-4645.33
338.41	-4625.33
338.41	-4589.34
338.41	-4526.00
338.41	-4500.66
338.41	-4482.00
338.41	-4436.67
338.42	-4391.34
338.42	-4366.00
338.42	-4344.67
338.42	-4300.66
338.42	-4256.67
338.42	-4248.66
338.42	-4217.33
338.42	-4174.67
338.42	-4141.34
338.43	-4120.66
338.43	-4083.33
338.43	-4059.34
338.43	-4012.67
338.43	-4011.34
338.43	-3972.67
338.43	-3918.66
338.43	-3899.34
338.44	-3884.00
338.44	-3836.00
338.44	-3809.34
338.44	-3789.34
338.44	-3770.66
338.44	-3739.34
338.44	-3687.33
338.44	-3688.00
338.44	-3656.00
338.45	-3609.34
338.45	-3586.00
338.45	-3578.66
338.45	-3562.00
338.45	-3539.34
338.45	-3508.66
338.45	-3494.67
338.45	-3478.66
338.46	-3426.00
338.46	-3416.67
338.46	-3380.00
338.46	-3344.67
338.46	-3326.67
338.46	-3310.66
338.46	-3294.67
338.46	-3261.34
338.47	-3220.66
338.47	-3226.67
338.47	-3210.00
338.47	-3166.67
338.47	-3149.34
338.47	-3140.66
338.47	-3110.66
338.47	-3091.34
338.47	-3067.33
338.48	-3060.00
338.48	-3016.67
338.48	-2981.34
338.48	-2990.66
338.48	-2970.66
338.48	-2941.34
338.48	-2926.67
338.48	-2916.67
338.49	-2891.34
338.49	-2870.66
338.49	-2847.33
338.49	-2849.34
338.49	-2828.00
338.49	-2783.33
338.49	-2766.67
338.49	-2764.00
338.49	-2748.66
338.50	-2716.67
338.50	-2699.34
338.50	-2704.67
338.50	-2690.00
338.50	-2643.33
338.50	-2648.00
338.50	-2640.00
338.50	-2616.67
338.51	-2593.33
338.51	-2588.00
338.51	-2559.34
338.51	-2526.67
338.51	-2510.00
338.51	-2505.33
338.51	-2492.67
338.51	-2462.00
338.52	-2455.33
338.52	-2460.66
338.52	-2434.00
338.52	-2402.67
338.52	-2390.00
338.52	-2384.67
338.52	-2367.33
338.52	-2338.00
338.52	-2332.00
338.53	-2329.34
338.53	-2307.33
338.53	-2294.67
338.53	-2306.00
338.53	-2298.00
338.53	-2264.67
338.53	-2261.34
338.53	-2264.00
338.54	-2232.67
338.54	-2206.67
338.54	-2212.67
338.54	-2206.67
338.54	-2192.00
338.54	-2158.66
338.54	-2154.67
338.54	-2157.33
338.55	-2142.67
338.55	-2104.67
338.55	-2114.00
338.55	-2106.00
338.55	-2080.00
338.55	-2066.67
338.55	-2062.00
338.55	-2048.66
338.55	-2044.00
338.56	-2028.00
338.56	-2038.00
338.56	-2012.67
338.56	-1984.67
338.56	-1984.00
338.56	-1988.66
338.56	-1977.33
338.56	-1942.67
338.57	-1938.66
338.57	-1934.67
338.57	-1921.34
338.57	-1901.34
338.57	-1904.00
338.57	-1892.67
338.57	-1883.33
338.57	-1861.34
338.57	-1870.00
338.58	-1854.67
338.58	-1840.00
338.58	-1823.33
338.58	-1827.33
338.58	-1818.00
338.58	-1796.67
338.58	-1790.00
338.58	-1806.00
338.59	-1772.67
338.59	-1756.67
338.59	-1771.34
338.59	-1763.33
338.59	-1735.33
338.59	-1718.00
338.59	-1730.00
338.59	-1724.67
338.60	-1692.67
338.60	-1691.34
338.60	-1698.66
338.60	-1679.34
338.60	-1652.67
338.60	-1642.67
338.60	-1649.34
338.60	-1630.00
338.60	-1625.33
338.61	-1640.66
338.61	-1652.00
338.61	-1604.67
338.61	-1591.34
338.61	-1600.66
338.61	-1602.00
338.61	-1581.34
338.61	-1564.67
338.62	-1578.00
338.62	-1570.66
338.62	-1549.34
338.62	-1548.00
338.62	-1552.67
338.62	-1522.00
338.62	-1512.00
338.62	-1521.34
338.62	-1534.00
338.63	-1513.33
338.63	-1492.00
338.63	-1493.33
338.63	-1487.33
338.63	-1479.34
338.63	-1464.67
338.63	-1478.00
338.63	-1462.00
338.64	-1434.00
338.64	-1424.67
338.64	-1438.66
338.64	-1426.00
338.64	-1408.66
338.64	-1410.00
338.64	-1424.00
338.64	-1413.33
338.65	-1387.33
338.65	-1388.00
338.65	-1399.34
338.65	-1388.00
338.65	-1368.00
338.65	-1377.33
338.65	-1361.34
338.65	-1350.00
338.65	-1348.66
338.66	-1348.66
338.66	-1340.00
338.66	-1335.33
338.66	-1311.34
338.66	-1342.00
338.66	-1331.34
338.66	-1317.33
338.66	-1307.33
338.67	-1318.66
338.67	-1302.67
338.67	-1284.67
338.67	-1292.00
338.67	-1294.00
338.67	-1269.34
338.67	-1252.00
338.67	-1262.67
338.67	-1271.34
338.68	-1243.33
338.68	-1243.33
338.68	-1256.67
338.68	-1244.00
338.68	-1218.66
338.68	-1232.67
338.68	-1250.66
338.68	-1224.67
338.69	-1212.67
338.69	-1206.67
338.69	-1204.67
338.69	-1195.33
338.69	-1190.00
338.69	-1196.00
338.69	-1200.66
338.69	-1184.67
338.70	-1168.00
338.70	-1174.67
338.70	-1162.00
338.70	-1160.00
338.70	-1126.67
338.70	-1164.67
338.70	-1156.00
338.70	-1145.33
338.70	-1151.34
338.71	-1158.66
338.71	-1145.33
338.71	-1126.67
338.71	-1134.67
338.71	-1126.67
338.71	-1119.34
338.71	-1104.00
338.71	-1120.00
338.72	-1122.00
338.72	-1112.67
338.72	-1103.33
338.72	-1116.00
338.72	-1112.00
338.72	-1094.67
338.72	-1084.00
338.72	-1092.00
338.73	-1079.34
338.73	-1038.00
338.73	-1047.33
338.73	-1071.34
338.73	-1056.67
338.73	-1032.67
338.73	-1046.67
338.73	-1062.00
338.73	-1047.33
338.74	-1042.67
338.74	-1058.66
338.74	-1066.00
338.74	-1044.00
338.74	-1026.67
338.74	-1036.67
338.74	-1024.67
338.74	-1012.67
338.75	-1011.34
338.75	-1028.00
338.75	-1030.00
338.75	-1016.67
338.75	-1007.33
338.75	-1009.34
338.75	-1017.33
338.75	-996.67
338.75	-1000.66
338.76	-1001.34
338.76	-976.67
338.76	-956.00
338.76	-996.00
338.76	-994.00
338.76	-958.66
338.76	-964.00
338.76	-992.67
338.77	-970.00
338.77	-945.33
338.77	-958.00
338.77	-967.33
338.77	-960.66
338.77	-938.66
338.77	-954.67
338.77	-958.66
338.78	-930.00
338.78	-922.00
338.78	-928.66
338.78	-924.67
338.78	-919.34
338.78	-902.00
338.78	-926.00
338.78	-923.33
338.78	-891.34
338.79	-874.00
338.79	-920.00
338.79	-917.33
338.79	-894.67
338.79	-901.34
338.79	-912.00
338.79	-910.00
338.79	-881.34
338.80	-899.34
338.80	-900.66
338.80	-876.00
338.80	-867.33
338.80	-876.67
338.80	-876.67
338.80	-865.33
338.80	-862.00
338.80	-873.33
338.81	-879.34
338.81	-866.00
338.81	-859.34
338.81	-877.33
338.81	-870.00
338.81	-840.66
338.81	-841.34
338.81	-859.34
338.82	-847.33
338.82	-825.33
338.82	-842.67
338.82	-851.34
338.82	-838.00
338.82	-827.33
338.82	-853.33
338.82	-843.33
338.83	-824.67
338.83	-836.67
338.83	-844.67
338.83	-826.67
338.83	-805.33
338.83	-817.33
338.83	-820.00
338.83	-796.67
338.83	-780.00
338.84	-792.67
338.84	-814.00
338.84	-814.00
338.84	-786.67
338.84	-801.34
338.84	-808.00
338.84	-795.33
338.84	-781.34
338.85	-802.67
338.85	-798.00
338.85	-775.33
338.85	-760.66
338.85	-786.00
338.85	-786.00
338.85	-767.33
338.85	-764.00
338.85	-782.00
338.86	-766.67
338.86	-753.33
338.86	-756.00
338.86	-759.34
338.86	-752.00
338.86	-756.67
338.86	-760.00
338.86	-770.66
338.87	-753.33
338.87	-733.33
338.87	-770.66
338.87	-764.67
338.87	-746.00
338.87	-738.66
338.87	-764.00
338.87	-744.00
338.88	-725.33
338.88	-739.34
338.88	-752.67
338.88	-722.67
338.88	-710.66
338.88	-740.00
338.88	-738.00
338.88	-724.67
338.88	-713.33
338.89	-736.00
338.89	-728.00
338.89	-702.00
338.89	-703.33
338.89	-726.00
338.89	-732.67
338.89	-720.00
338.89	-706.00
338.90	-713.33
338.90	-710.00
338.90	-706.00
338.90	-701.34
338.90	-710.00
338.90	-709.34
338.90	-694.67
338.90	-708.00
338.91	-720.00
338.91	-694.67
338.91	-677.33
338.91	-695.33
338.91	-699.34
338.91	-679.34
338.91	-674.67
338.91	-704.67
338.91	-694.67
338.92	-689.34
338.92	-690.66
338.92	-697.33
338.92	-683.33
338.92	-672.00
338.92	-680.66
338.92	-686.67
338.92	-683.33
338.93	-672.00
338.93	-683.33
338.93	-680.00
338.93	-672.00
338.93	-656.00
338.93	-677.33
338.93	-672.00
338.93	-656.00
338.93	-654.67
338.94	-690.66
338.94	-667.33
338.94	-654.00
338.94	-668.00
338.94	-669.34
338.94	-648.00
338.94	-627.33
338.94	-640.66
338.95	-644.00
338.95	-633.33
338.95	-635.33
338.95	-666.00
338.95	-648.00
338.95	-641.34
338.95	-632.00
338.95	-640.00
338.96	-643.33
338.96	-623.33
338.96	-620.00
338.96	-640.66
338.96	-635.33
338.96	-620.00
338.96	-624.00
338.96	-653.33
338.96	-634.00
338.97	-606.00
338.97	-632.00
338.97	-624.67
338.97	-608.00
338.97	-600.66
338.97	-630.66
338.97	-618.00
338.97	-610.66
338.98	-621.34
338.98	-627.33
338.98	-616.00
338.98	-601.34
338.98	-606.67
338.98	-615.33
338.98	-604.00
338.98	-587.33
338.98	-589.34
338.99	-600.66
338.99	-605.33
338.99	-585.33
338.99	-603.33
338.99	-612.67
338.99	-593.33
338.99	-581.34
338.99	-600.00
339.00	-598.66
339.00	-580.66
339.00	-578.00
339.00	-596.67
339.00	-580.66
339.00	-593.33
339.00	-595.33
339.00	-615.33
339.01	-598.00
339.01	-590.00
339.01	-600.00
339.01	-590.66
339.01	-584.67
339.01	-556.67
339.01	-582.00
339.01	-580.00
339.01	-566.67
339.02	-558.66
339.02	-588.66
339.02	-586.00
339.02	-576.00
339.02	-588.00
339.02	-599.34
339.02	-578.00
339.02	-548.00
339.03	-572.00
339.03	-580.66
339.03	-558.66
339.03	-558.66
339.03	-564.00
339.03	-562.00
339.03	-550.66
339.03	-564.00
339.04	-574.00
339.04	-574.00
339.04	-551.34
339.04	-549.34
339.04	-565.33
339.04	-564.67
339.04	-550.00
339.04	-548.66
339.04	-572.67
339.05	-565.33
339.05	-540.66
339.05	-546.67
339.05	-562.67
339.05	-544.67
339.05	-530.00
339.05	-544.67
339.05	-564.67
339.06	-549.34
339.06	-540.00
339.06	-562.67
339.06	-554.67
339.06	-525.33
339.06	-541.34
339.06	-552.67
339.06	-555.33
339.06	-536.67
339.07	-538.00
339.07	-548.66
339.07	-551.34
339.07	-530.00
339.07	-525.33
339.07	-533.33
339.07	-536.67
339.07	-518.66
339.08	-542.00
339.08	-533.33
339.08	-539.34
339.08	-533.33
339.08	-550.00
339.08	-543.33
339.08	-516.67
339.08	-520.66
339.09	-541.34
339.09	-528.66
339.09	-510.00
339.09	-520.00
339.09	-530.00
339.09	-518.00
339.09	-521.34
339.09	-530.66
339.09	-534.00
339.10	-530.00
339.10	-508.66
339.10	-527.33
339.10	-528.66
339.10	-512.00
339.10	-502.00
339.10	-529.34
339.10	-527.33
339.11	-508.00
339.11	-514.67
339.11	-531.34
339.11	-519.34
339.11	-499.34
339.11	-524.00
339.11	-526.00
339.11	-514.67
339.11	-496.00
339.12	-520.00
339.12	-521.34
339.12	-504.00
339.12	-505.33
339.12	-531.34
339.12	-520.00
339.12	-506.67
339.12	-511.34
339.13	-523.33
339.13	-509.34
339.13	-504.67
339.13	-501.34
339.13	-526.00
339.13	-512.00
339.13	-478.00
339.13	-511.34
339.14	-522.67
339.14	-502.67
339.14	-481.34
339.14	-519.34
339.14	-505.33
339.14	-479.34
339.14	-478.00
339.14	-503.33
339.14	-498.66
339.15	-476.67
339.15	-486.00
339.15	-500.00
339.15	-494.00
339.15	-494.00
339.15	-495.33
339.15	-500.66
339.15	-476.00
339.16	-476.00
339.16	-494.67
339.16	-491.34
339.16	-476.67
339.16	-470.66
339.16	-484.00
339.16	-509.34
339.16	-471.34
339.16	-470.66
339.17	-490.00
339.17	-495.33
339.17	-471.34
339.17	-476.00
339.17	-497.33
339.17	-490.66
339.17	-459.34
339.17	-478.00
339.18	-476.67
339.18	-481.34
339.18	-463.33
339.18	-467.33
339.18	-477.33
339.18	-471.34
339.18	-460.66
339.18	-484.67
339.19	-494.00
339.19	-459.34
339.19	-448.00
339.19	-475.33
339.19	-476.00
339.19	-457.33
339.19	-476.67
339.19	-493.33
339.19	-474.00
339.20	-446.00
339.20	-462.00
339.20	-469.34
339.20	-454.00
339.20	-442.67
339.20	-458.66
339.20	-467.33
339.20	-452.67
339.21	-444.67
339.21	-456.67
339.21	-450.66
339.21	-456.00
339.21	-461.34
339.21	-468.66
339.21	-470.66
339.21	-444.67
339.22	-446.00
339.22	-474.00
339.22	-460.00
339.22	-453.33
339.22	-469.34
339.22	-476.00
339.22	-453.33
339.22	-440.66
339.22	-460.00
339.23	-456.67
339.23	-454.00
339.23	-442.67
339.23	-465.33
339.23	-452.67
339.23	-438.66
339.23	-444.67
339.23	-452.67
339.24	-442.00
339.24	-434.00
339.24	-454.67
339.24	-457.33
339.24	-452.00
339.24	-448.00
339.24	-459.34
339.24	-458.00
339.24	-444.00
339.25	-430.00
339.25	-449.34
339.25	-452.67
339.25	-444.00
339.25	-442.00
339.25	-454.00
339.25	-451.34
339.25	-447.33
339.26	-445.33
339.26	-453.33
339.26	-433.33
339.26	-409.34
339.26	-437.33
339.26	-454.00
339.26	-448.00
339.26	-434.00
339.27	-446.00
339.27	-450.66
339.27	-439.34
339.27	-426.67
339.27	-444.00
339.27	-440.66
339.27	-436.67
339.27	-424.00
339.27	-447.33
339.28	-432.67
339.28	-420.66
339.28	-432.00
339.28	-453.33
339.28	-436.00
339.28	-412.00
339.28	-444.00
339.28	-444.00
339.29	-416.00
339.29	-407.33
339.29	-429.34
339.29	-424.67
339.29	-410.00
339.29	-430.00
339.29	-439.34
339.29	-431.34
339.29	-413.33
339.30	-432.67
339.30	-440.66
339.30	-442.67
339.30	-429.34
339.30	-434.67
339.30	-443.33
339.30	-433.33
339.30	-415.33
339.31	-428.00
339.31	-420.66
339.31	-406.67
339.31	-398.66
339.31	-428.00
339.31	-439.34
339.31	-414.00
339.31	-427.33
339.32	-444.00
339.32	-432.00
339.32	-404.00
339.32	-420.00
339.32	-433.33
339.32	-425.33
339.32	-404.00
339.32	-436.00
339.32	-438.66
339.33	-431.34
339.33	-412.67
339.33	-445.33
339.33	-427.33
339.33	-429.34
339.33	-416.00
339.33	-445.33
339.33	-446.67
339.34	-424.67
339.34	-418.00
339.34	-439.34
339.34	-424.67
339.34	-402.00
339.34	-430.66
339.34	-441.34
339.34	-427.33
339.35	-424.67
339.35	-444.00
339.35	-440.66
339.35	-406.67
339.35	-398.00
339.35	-414.67
339.35	-426.67
339.35	-405.33
339.35	-415.33
339.36	-438.00
339.36	-437.33
339.36	-419.34
339.36	-422.00
339.36	-428.66
339.36	-406.00
339.36	-395.33
339.36	-419.34
339.37	-420.00
339.37	-400.00
339.37	-384.67
339.37	-402.67
339.37	-418.00
339.37	-405.33
339.37	-388.66
339.37	-431.34
339.37	-406.67
339.38	-387.33
339.38	-400.00
339.38	-417.33
339.38	-417.33
339.38	-404.00
339.38	-406.67
339.38	-421.34
339.38	-424.67
339.39	-398.66
339.39	-394.00
339.39	-404.67
339.39	-392.67
339.39	-380.00
339.39	-393.33
339.39	-412.00
339.39	-396.67
339.40	-391.34
339.40	-411.34
339.40	-395.33
339.40	-378.66
339.40	-387.33
339.40	-412.00
339.40	-410.00
339.40	-382.00
339.40	-396.67
339.41	-405.33
339.41	-394.00
339.41	-390.66
339.41	-409.34
339.41	-396.67
339.41	-384.67
339.41	-392.67
339.41	-404.67
339.42	-416.67
339.42	-400.00
339.42	-400.00
339.42	-402.00
339.42	-408.66
339.42	-382.00
339.42	-384.00
339.42	-399.34
339.42	-397.33
339.43	-388.66
339.43	-394.67
339.43	-414.00
339.43	-397.33
339.43	-384.67
339.43	-394.00
339.43	-375.33
339.43	-380.00
339.44	-374.67
339.44	-398.00
339.44	-401.34
339.44	-391.34
339.44	-386.00
339.44	-407.33
339.44	-404.67
339.44	-378.00
339.45	-382.00
339.45	-397.33
339.45	-399.34
339.45	-379.34
339.45	-397.33
339.45	-426.67
339.45	-389.34
339.45	-375.33
339.45	-388.00
339.46	-397.33
339.46	-380.00
339.46	-367.33
339.46	-390.66
339.46	-390.66
339.46	-375.33
339.46	-380.00
339.46	-398.00
339.47	-386.67
339.47	-378.00
339.47	-388.00
339.47	-398.66
339.47	-390.66
339.47	-376.00
339.47	-388.00
339.47	-392.67
339.47	-384.67
339.48	-370.66
339.48	-389.34
339.48	-398.66
339.48	-380.00
339.48	-372.00
339.48	-385.33
339.48	-388.00
339.48	-368.66
339.49	-372.67
339.49	-394.00
339.49	-386.00
339.49	-370.66
339.49	-385.33
339.49	-396.00
339.49	-385.33
339.49	-369.34
339.50	-386.67
339.50	-392.67
339.50	-386.00
339.50	-386.00
339.50	-388.66
339.50	-384.67
339.50	-377.33
339.50	-380.66
339.50	-389.34
339.51	-412.00
339.51	-377.33
339.51	-383.33
339.51	-399.34
339.51	-387.33
339.51	-368.66
339.51	-389.34
339.51	-394.00
339.52	-384.00
339.52	-374.67
339.52	-384.00
339.52	-384.00
339.52	-376.67
339.52	-375.33
339.52	-387.33
339.52	-380.00
339.53	-373.33
339.53	-376.67
339.53	-384.67
339.53	-385.33
339.53	-369.34
339.53	-378.66
339.53	-382.67
339.53	-383.33
339.53	-372.00
339.54	-383.33
339.54	-387.33
339.54	-380.00
339.54	-364.67
339.54	-379.34
339.54	-386.67
339.54	-376.00
339.54	-376.00
339.55	-390.00
339.55	-382.67
339.55	-372.67
339.55	-372.00
339.55	-382.00
339.55	-378.00
339.55	-365.33
339.55	-372.00
339.55	-378.66
339.56	-377.33
339.56	-366.00
339.56	-378.00
339.56	-377.33
339.56	-377.33
339.56	-372.00
339.56	-378.66
339.56	-392.00
339.57	-374.00
339.57	-358.66
339.57	-377.33
339.57	-380.00
339.57	-368.66
339.57	-373.33
339.57	-382.67
339.57	-371.34
339.58	-366.00
339.58	-378.00
339.58	-375.33
339.58	-362.00
339.58	-347.33
339.58	-378.00
339.58	-381.34
339.58	-377.33
339.58	-361.34
339.59	-377.33
339.59	-379.34
339.59	-364.67
339.59	-358.66
339.59	-371.34
339.59	-370.66
339.59	-369.34
339.59	-376.67
339.60	-378.00
339.60	-369.34
339.60	-364.67
339.60	-368.66
339.60	-372.67
339.60	-376.67
339.60	-363.33
339.60	-371.34
339.60	-360.00
339.61	-349.34
339.61	-359.34
339.61	-372.67
339.61	-366.00
339.61	-369.34
339.61	-364.67
339.61	-374.00
339.61	-379.34
339.62	-358.66
339.62	-356.00
339.62	-364.00
339.62	-359.34
339.62	-354.67
339.62	-378.66
339.62	-367.33
339.62	-374.67
339.63	-366.67
339.63	-384.00
339.63	-382.00
339.63	-362.00
339.63	-364.00
339.63	-368.66
339.63	-362.00
339.63	-356.00
339.63	-353.33
339.64	-372.67
339.64	-366.00
339.64	-340.66
339.64	-373.33
339.64	-366.67
339.64	-361.34
339.64	-353.33
339.64	-377.33
339.65	-365.33
339.65	-358.00
339.65	-351.34
339.65	-368.00
339.65	-355.33
339.65	-368.66
339.65	-378.00
339.65	-374.67
339.65	-380.00
339.66	-359.34
339.66	-362.00
339.66	-372.00
339.66	-343.33
339.66	-317.33
339.66	-362.67
339.66	-360.66
339.66	-350.66
339.67	-346.00
339.67	-372.00
339.67	-370.66
339.67	-348.00
339.67	-368.00
339.67	-376.00
339.67	-376.00
339.67	-364.67
339.68	-364.00
339.68	-370.00
339.68	-354.67
339.68	-358.66
339.68	-369.34
339.68	-369.34
339.68	-367.33
339.68	-348.00
339.68	-380.66
339.69	-369.34
339.69	-358.66
339.69	-341.34
339.69	-372.67
339.69	-357.33
339.69	-353.33
339.69	-372.00
339.69	-374.00
339.70	-364.67
339.70	-348.00
339.70	-366.67
339.70	-368.66
339.70	-357.33
339.70	-351.34
339.70	-363.33
339.70	-364.00
339.71	-337.33
339.71	-358.66
339.71	-362.00
339.71	-341.34
339.71	-331.34
339.71	-339.34
339.71	-368.00
339.71	-364.67
339.71	-342.00
339.72	-340.66
339.72	-368.00
339.72	-365.33
339.72	-346.00
339.72	-363.33
339.72	-369.34
339.72	-351.34
339.72	-341.34
339.73	-373.33
339.73	-359.34
339.73	-346.67
339.73	-358.00
339.73	-362.67
339.73	-334.00
339.73	-320.00
339.73	-324.67
339.73	-358.00
339.74	-358.00
339.74	-338.00
339.74	-344.00
339.74	-361.34
339.74	-350.00
339.74	-336.00
339.74	-348.00
339.74	-356.67
339.75	-340.66
339.75	-328.66
339.75	-361.34
339.75	-357.33
339.75	-331.34
339.75	-332.67
339.75	-363.33
339.75	-344.67
339.76	-316.67
339.76	-353.33
339.76	-366.67
339.76	-340.00
339.76	-317.33
339.76	-338.66
339.76	-363.33
339.76	-347.33
339.76	-357.33
339.77	-366.00
339.77	-362.00
339.77	-351.34
339.77	-352.67
339.77	-371.34
339.77	-363.33
339.77	-350.00
339.77	-336.67
339.78	-356.00
339.78	-353.33
339.78	-345.33
339.78	-358.66
339.78	-375.33
339.78	-365.33
339.78	-323.33
339.78	-347.33
339.78	-358.66
339.79	-334.67
339.79	-322.00
339.79	-364.00
339.79	-351.34
339.79	-330.00
339.79	-316.67
339.79	-332.67
339.79	-340.66
339.80	-322.67
339.80	-323.33
339.80	-368.66
339.80	-369.34
339.80	-344.00
339.80	-344.00
339.80	-362.00
339.80	-350.00
339.81	-328.66
339.81	-362.67
339.81	-369.34
339.81	-359.34
339.81	-344.00
339.81	-376.00
339.81	-372.67
339.81	-354.67
339.81	-342.00
339.82	-362.67
339.82	-342.00
339.82	-326.00
339.82	-324.00
339.82	-344.67
339.82	-330.66
339.82	-338.00
339.82	-352.00
339.83	-356.67
339.83	-344.67
339.83	-330.66
339.83	-348.66
339.83	-352.67
339.83	-328.66
339.83	-330.66
339.83	-348.66
339.84	-342.00
339.84	-320.00
339.84	-314.67
339.84	-361.34
339.84	-344.00
339.84	-327.33
339.84	-338.00
339.84	-358.66
339.84	-324.00
339.85	-335.33
339.85	-342.67
339.85	-343.33
339.85	-324.67
339.85	-322.67
339.85	-349.34
339.85	-350.66
339.85	-352.67
339.86	-320.66
339.86	-362.67
339.86	-360.66
339.86	-354.67
339.86	-340.66
339.86	-368.00
339.86	-345.33
339.86	-318.00
339.86	-352.67
339.87	-352.00
339.87	-320.66
339.87	-310.66
339.87	-344.67
339.87	-330.66
339.87	-316.67
339.87	-318.00
339.87	-353.33
339.88	-352.00
339.88	-332.67
339.88	-318.00
339.88	-338.00
339.88	-332.00
339.88	-326.00
339.88	-324.00
339.88	-346.67
339.89	-347.33
339.89	-310.00
339.89	-321.34
339.89	-357.33
339.89	-329.34
339.89	-306.00
339.89	-340.66
339.89	-348.00
339.89	-334.67
339.90	-316.00
339.90	-336.00
339.90	-318.00
339.90	-303.33
339.90	-320.66
339.90	-348.00
339.90	-335.33
339.90	-330.66
339.91	-336.00
339.91	-349.34
339.91	-337.33
339.91	-320.00
339.91	-339.34
339.91	-360.66
339.91	-334.00
339.91	-308.00
339.91	-325.33
339.92	-337.33
339.92	-312.00
339.92	-312.00
339.92	-357.33
339.92	-353.33
339.92	-334.67
339.92	-351.34
339.92	-357.33
339.93	-324.67
339.93	-308.00
339.93	-336.00
339.93	-340.00
339.93	-319.34
339.93	-319.34
339.93	-346.67
339.93	-331.34
339.94	-310.66
339.94	-318.66
339.94	-340.00
339.94	-334.67
339.94	-329.34
339.94	-318.00
339.94	-349.34
339.94	-346.67
339.94	-329.34
339.95	-346.00
339.95	-360.00
339.95	-328.66
339.95	-320.00
339.95	-333.33
339.95	-352.00
339.95	-317.33
339.95	-302.00
339.96	-346.67
339.96	-352.67
339.96	-314.00
339.96	-320.00
339.96	-342.67
339.96	-337.33
339.96	-315.33
339.96	-340.66
339.96	-364.67
339.97	-344.00
339.97	-319.34
339.97	-325.33
339.97	-341.34
339.97	-322.67
339.97	-308.00
339.97	-328.66
339.97	-344.00
339.98	-326.00
339.98	-315.33
339.98	-338.66
339.98	-348.66
339.98	-320.00
339.98	-321.34
339.98	-340.66
339.98	-326.00
339.99	-310.66
339.99	-324.00
339.99	-342.67
339.99	-312.67
339.99	-296.67
339.99	-318.00
339.99	-333.33
339.99	-315.33
339.99	-311.34
340.00	-330.66
340.00	-332.67
340.00	-315.33
340.00	-306.67
340.00	-330.66
340.00	-338.00
340.00	-316.00
340.00	-312.67
340.01	-352.00
340.01	-333.33
340.01	-308.00
340.01	-315.33
340.01	-342.00
340.01	-326.67
340.01	-302.67
340.01	-323.33
340.02	-335.33
340.02	-318.66
340.02	-310.66
340.02	-342.67
340.02	-336.00
340.02	-316.00
340.02	-327.33
340.02	-344.00
340.02	-341.34
340.03	-328.66
340.03	-314.00
340.03	-335.33
340.03	-319.34
340.03	-304.00
340.03	-318.66
340.03	-347.33
340.03	-329.34
340.04	-309.34
340.04	-340.00
340.04	-350.66
340.04	-312.67
340.04	-315.33
340.04	-344.00
340.04	-337.33
340.04	-314.00
340.04	-313.33
340.05	-322.00
340.05	-330.00
340.05	-318.66
340.05	-330.00
340.05	-342.67
340.05	-326.00
340.05	-321.34
340.05	-317.33
340.06	-322.67
340.06	-313.33
340.06	-310.00
340.06	-328.66
340.06	-347.33
340.06	-309.34
340.06	-298.66
340.06	-330.00
340.07	-328.00
340.07	-305.33
340.07	-302.00
340.07	-338.66
340.07	-328.00
340.07	-292.00
340.07	-304.67
340.07	-328.66
340.07	-318.66
340.08	-298.66
340.08	-321.34
340.08	-336.00
340.08	-331.34
340.08	-312.00
340.08	-328.66
340.08	-325.33
340.08	-310.66
340.09	-307.33
340.09	-331.34
340.09	-332.00
340.09	-321.34
340.09	-323.33
340.09	-327.33
340.09	-310.66
340.09	-285.33
340.09	-312.00
340.10	-346.67
340.10	-320.00
340.10	-300.66
340.10	-340.66
340.10	-344.00
340.10	-320.00
340.10	-312.00
340.10	-322.67
340.11	-324.00
340.11	-301.34
340.11	-319.34
340.11	-353.33
340.11	-328.00
340.11	-304.67
340.11	-302.00
340.11	-316.00
340.12	-318.66
340.12	-302.00
340.12	-317.33
340.12	-326.00
340.12	-310.00
340.12	-296.67
340.12	-332.00
340.12	-332.67
340.12	-311.34
340.13	-300.00
340.13	-329.34
340.13	-312.67
340.13	-294.00
340.13	-304.67
340.13	-332.00
340.13	-326.00
340.13	-306.00
340.14	-314.67
340.14	-330.00
340.14	-323.33
340.14	-315.33
340.14	-318.66
340.14	-322.67
340.14	-311.34
340.14	-310.66
340.14	-324.67
340.15	-332.67
340.15	-299.34
340.15	-296.00
340.15	-318.00
340.15	-320.66
340.15	-298.00
340.15	-310.66
340.15	-352.67
340.16	-322.00
340.16	-289.34
340.16	-305.33
340.16	-330.00
340.16	-318.66
340.16	-301.34
340.16	-327.33
340.16	-326.00
340.17	-307.33
340.17	-296.67
340.17	-328.00
340.17	-332.67
340.17	-308.00
340.17	-313.33
340.17	-320.00
340.17	-327.33
340.17	-310.66
340.18	-318.00
340.18	-334.00
340.18	-316.00
340.18	-304.00
340.18	-314.00
340.18	-322.00
340.18	-308.66
340.18	-302.67
340.19	-329.34
340.19	-338.66
340.19	-307.33
340.19	-313.33
340.19	-324.67
340.19	-319.34
340.19	-308.00
340.19	-311.34
340.20	-328.66
340.20	-327.33
340.20	-300.00
340.20	-299.34
340.20	-332.00
340.20	-316.00
340.20	-297.33
340.20	-321.34
340.20	-326.67
340.21	-312.67
340.21	-288.00
340.21	-315.33
340.21	-310.00
340.21	-289.34
340.21	-288.66
340.21	-315.33
340.21	-301.34
340.22	-295.33
340.22	-301.34
340.22	-321.34
340.22	-317.33
340.22	-293.33
340.22	-320.66
340.22	-331.34
340.22	-317.33
340.22	-311.34
340.23	-319.34
340.23	-329.34
340.23	-323.33
340.23	-311.34
340.23	-322.00
340.23	-318.00
340.23	-297.33
340.23	-302.00
340.24	-322.00
340.24	-327.33
340.24	-299.34
340.24	-294.00
340.24	-305.33
340.24	-312.00
340.24	-298.00
340.24	-321.34
340.25	-334.67
340.25	-311.34
340.25	-302.67
340.25	-332.00
340.25	-331.34
340.25	-310.00
340.25	-298.00
340.25	-310.00
340.25	-325.33
340.26	-301.34
340.26	-301.34
340.26	-320.66
340.26	-323.33
340.26	-298.00
340.26	-320.00
340.26	-333.33
340.26	-320.00
340.27	-299.34
340.27	-312.00
340.27	-327.33
340.27	-306.00
340.27	-283.33
340.27	-320.00
340.27	-327.33
340.27	-304.67
340.27	-306.67
340.28	-327.33
340.28	-328.66
340.28	-297.33
340.28	-297.33
340.28	-316.00
340.28	-293.33
340.28	-286.67
340.28	-309.34
340.29	-324.67
340.29	-318.00
340.29	-310.00
340.29	-329.34
340.29	-331.34
340.29	-314.00
340.29	-292.00
340.29	-324.67
340.30	-318.00
340.30	-302.67
340.30	-306.67
340.30	-330.66
340.30	-329.34
340.30	-306.00
340.30	-315.33
340.30	-320.00
340.30	-309.34
340.31	-286.67
340.31	-304.00
340.31	-312.00
340.31	-313.33
340.31	-305.33
340.31	-323.33
340.31	-334.67
340.31	-313.33
340.32	-314.00
340.32	-333.33
340.32	-338.66
340.32	-316.00
340.32	-296.67
340.32	-318.00
340.32	-323.33
340.32	-298.00
340.33	-302.00
340.33	-318.66
340.33	-310.66
340.33	-295.33
340.33	-319.34
340.33	-323.33
340.33	-308.66
340.33	-302.67
340.33	-317.33
340.34	-319.34
340.34	-302.67
340.34	-298.00
340.34	-323.33
340.34	-300.66
340.34	-295.33
340.34	-293.33
340.34	-313.33
340.35	-302.00
340.35	-283.33
340.35	-304.00
340.35	-324.00
340.35	-317.33
340.35	-299.34
340.35	-314.00
340.35	-309.34
340.35	-295.33
340.36	-285.33
340.36	-312.00
340.36	-329.34
340.36	-298.00
340.36	-307.33
