3.000000000000000000e+00 1.729248000000000070e-03
8.000000000000000000e+00 1.713378999999999900e-03
1.200000000000000000e+01 1.702636999999999901e-03
1.700000000000000000e+01 1.697022000000000070e-03
2.300000000000000000e+01 1.743652999999999956e-03
2.900000000000000000e+01 1.695312999999999942e-03
3.400000000000000000e+01 1.725341999999999935e-03
4.000000000000000000e+01 1.756348000000000024e-03
4.600000000000000000e+01 1.702636999999999901e-03
5.200000000000000000e+01 1.729492999999999916e-03
5.800000000000000000e+01 1.725586000000000090e-03
6.300000000000000000e+01 1.689697999999999894e-03
6.900000000000000000e+01 1.739745999999999914e-03
7.500000000000000000e+01 1.758301000000000091e-03
8.100000000000000000e+01 1.698487000000000044e-03
8.700000000000000000e+01 1.793457000000000037e-03
9.200000000000000000e+01 1.692139000000000056e-03
9.800000000000000000e+01 1.661376999999999906e-03
1.040000000000000000e+02 1.684570000000000034e-03
1.100000000000000000e+02 1.671387000000000090e-03
1.160000000000000000e+02 1.678711000000000049e-03
1.220000000000000000e+02 1.704346000000000029e-03
1.270000000000000000e+02 1.679932000000000083e-03
1.330000000000000000e+02 1.691161999999999960e-03
1.390000000000000000e+02 1.703613999999999996e-03
1.450000000000000000e+02 1.686767999999999948e-03
1.510000000000000000e+02 1.739258000000000037e-03
1.560000000000000000e+02 1.740966999999999949e-03
1.620000000000000000e+02 1.706786999999999974e-03
1.680000000000000000e+02 1.735351999999999902e-03
1.740000000000000000e+02 1.664551000000000008e-03
1.800000000000000000e+02 1.691894999999999901e-03
1.850000000000000000e+02 1.707275999999999976e-03
1.910000000000000000e+02 1.684570000000000034e-03
1.970000000000000000e+02 1.663818999999999975e-03
2.030000000000000000e+02 1.676270000000000104e-03
2.090000000000000000e+02 1.646728999999999988e-03
2.150000000000000000e+02 1.685302999999999975e-03
2.200000000000000000e+02 1.667237000000000016e-03
2.260000000000000000e+02 1.686524000000000009e-03
2.320000000000000000e+02 1.659179999999999900e-03
2.380000000000000000e+02 1.646728999999999988e-03
2.440000000000000000e+02 1.703857999999999935e-03
2.490000000000000000e+02 1.759766000000000065e-03
2.550000000000000000e+02 1.709472999999999982e-03
2.610000000000000000e+02 1.772949999999999917e-03
2.670000000000000000e+02 1.715331999999999968e-03
2.730000000000000000e+02 1.682618000000000091e-03
2.780000000000000000e+02 1.729492999999999916e-03
2.840000000000000000e+02 1.700684000000000050e-03
2.900000000000000000e+02 1.689942000000000050e-03
2.960000000000000000e+02 1.707275999999999976e-03
3.020000000000000000e+02 1.690918000000000022e-03
3.080000000000000000e+02 1.749756000000000098e-03
3.130000000000000000e+02 1.870605999999999918e-03
3.190000000000000000e+02 1.822021999999999965e-03
3.250000000000000000e+02 1.957763999999999859e-03
3.310000000000000000e+02 1.843018000000000087e-03
3.370000000000000000e+02 1.808106000000000079e-03
3.420000000000000000e+02 1.901855999999999946e-03
3.480000000000000000e+02 1.806153000000000012e-03
3.540000000000000000e+02 1.827148999999999917e-03
3.600000000000000000e+02 1.810790999999999963e-03
3.660000000000000000e+02 1.807617000000000078e-03
3.720000000000000000e+02 1.804199000000000037e-03
3.770000000000000000e+02 1.754883000000000050e-03
3.830000000000000000e+02 1.727784000000000004e-03
3.890000000000000000e+02 1.756104000000000085e-03
3.950000000000000000e+02 1.757080999999999964e-03
4.010000000000000000e+02 1.731202000000000045e-03
4.060000000000000000e+02 1.811279000000000057e-03
4.120000000000000000e+02 1.713623000000000056e-03
4.180000000000000000e+02 1.670410999999999901e-03
4.240000000000000000e+02 1.684327000000000003e-03
4.300000000000000000e+02 1.652100000000000096e-03
4.350000000000000000e+02 1.679200000000000050e-03
4.410000000000000000e+02 1.693360000000000091e-03
4.470000000000000000e+02 1.685791000000000069e-03
4.530000000000000000e+02 1.719239000000000010e-03
4.590000000000000000e+02 1.666259999999999920e-03
4.650000000000000000e+02 1.673096000000000002e-03
4.700000000000000000e+02 1.690429999999999927e-03
4.760000000000000000e+02 1.658203999999999928e-03
4.820000000000000000e+02 1.656249999999999953e-03
4.880000000000000000e+02 1.677979000000000016e-03
4.940000000000000000e+02 1.662842000000000096e-03
4.990000000000000000e+02 1.683349999999999907e-03
5.050000000000000000e+02 1.657227000000000049e-03
5.110000000000000000e+02 1.655762000000000076e-03
5.170000000000000000e+02 1.682860999999999906e-03
5.230000000000000000e+02 1.680419999999999961e-03
5.280000000000000000e+02 1.672120000000000030e-03
5.340000000000000000e+02 1.752197999999999950e-03
5.400000000000000000e+02 1.677490999999999921e-03
5.460000000000000000e+02 1.690918000000000022e-03
5.520000000000000000e+02 1.731445999999999983e-03
5.580000000000000000e+02 1.651123000000000000e-03
5.630000000000000000e+02 1.683349999999999907e-03
5.690000000000000000e+02 1.689942000000000050e-03
5.750000000000000000e+02 1.708985000000000105e-03
5.810000000000000000e+02 1.746093999999999901e-03
5.870000000000000000e+02 1.776122999999999895e-03
5.920000000000000000e+02 1.687499999999999981e-03
5.980000000000000000e+02 1.771973000000000038e-03
6.040000000000000000e+02 1.697754000000000103e-03
6.100000000000000000e+02 1.694336000000000063e-03
6.160000000000000000e+02 1.643555000000000103e-03
6.210000000000000000e+02 1.672607999999999907e-03
6.270000000000000000e+02 1.755615000000000083e-03
6.330000000000000000e+02 1.707275999999999976e-03
6.390000000000000000e+02 1.708985000000000105e-03
6.450000000000000000e+02 1.789306999999999963e-03
6.510000000000000000e+02 1.791747999999999908e-03
6.560000000000000000e+02 1.692626999999999934e-03
6.620000000000000000e+02 1.755372000000000052e-03
6.680000000000000000e+02 1.758056999999999936e-03
6.740000000000000000e+02 1.697266000000000009e-03
6.800000000000000000e+02 1.701171999999999927e-03
6.850000000000000000e+02 1.686524000000000009e-03
6.910000000000000000e+02 1.755859999999999930e-03
6.970000000000000000e+02 1.698974999999999921e-03
7.030000000000000000e+02 1.692626999999999934e-03
7.090000000000000000e+02 1.866454999999999937e-03
7.150000000000000000e+02 1.906249999999999958e-03
7.200000000000000000e+02 1.977295000000000007e-03
7.260000000000000000e+02 2.156738999999999965e-03
7.320000000000000000e+02 2.067382999999999894e-03
7.380000000000000000e+02 2.128417999999999977e-03
7.440000000000000000e+02 2.160399999999999820e-03
7.490000000000000000e+02 2.189453999999999966e-03
7.550000000000000000e+02 2.273438000000000021e-03
7.610000000000000000e+02 2.354736999999999976e-03
7.670000000000000000e+02 2.387451000000000070e-03
7.730000000000000000e+02 2.470948000000000155e-03
7.780000000000000000e+02 2.483154999999999911e-03
7.840000000000000000e+02 2.561279999999999980e-03
7.900000000000000000e+02 2.716309000000000085e-03
7.960000000000000000e+02 2.677246999999999787e-03
8.020000000000000000e+02 2.788329999999999888e-03
8.080000000000000000e+02 2.873291000000000039e-03
8.130000000000000000e+02 2.807128999999999788e-03
8.190000000000000000e+02 2.894042999999999789e-03
8.250000000000000000e+02 2.974122000000000050e-03
8.310000000000000000e+02 2.981446000000000009e-03
8.370000000000000000e+02 3.012452000000000098e-03
8.420000000000000000e+02 3.117921000000000060e-03
8.480000000000000000e+02 3.272950000000000165e-03
8.540000000000000000e+02 3.363281999999999990e-03
8.600000000000000000e+02 3.169677999999999992e-03
8.660000000000000000e+02 3.234864000000000055e-03
8.710000000000000000e+02 3.280030000000000185e-03
8.770000000000000000e+02 3.151367999999999878e-03
8.830000000000000000e+02 3.292236999999999941e-03
8.890000000000000000e+02 3.229004000000000162e-03
8.950000000000000000e+02 3.217530000000000130e-03
9.010000000000000000e+02 3.306153000000000043e-03
9.060000000000000000e+02 3.226806999999999939e-03
9.120000000000000000e+02 3.177491000000000169e-03
9.180000000000000000e+02 3.326660999999999854e-03
9.240000000000000000e+02 3.167969000000000080e-03
9.300000000000000000e+02 3.151123999999999939e-03
9.350000000000000000e+02 3.268310999999999873e-03
9.410000000000000000e+02 3.167236999999999830e-03
9.470000000000000000e+02 3.151611999999999816e-03
9.530000000000000000e+02 3.175781999999999824e-03
9.590000000000000000e+02 3.094238999999999930e-03
9.640000000000000000e+02 3.114258999999999864e-03
9.700000000000000000e+02 2.999023999999999874e-03
9.760000000000000000e+02 2.968994999999999881e-03
9.820000000000000000e+02 2.939454000000000199e-03
9.880000000000000000e+02 2.760742999999999964e-03
9.940000000000000000e+02 2.664795000000000184e-03
9.990000000000000000e+02 2.661620999999999865e-03
1.005000000000000000e+03 2.495362000000000101e-03
1.011000000000000000e+03 2.494385000000000005e-03
1.017000000000000000e+03 2.447509999999999963e-03
1.023000000000000000e+03 2.405518000000000153e-03
1.028000000000000000e+03 2.391114000000000173e-03
1.034000000000000000e+03 2.373534999999999968e-03
1.040000000000000000e+03 2.318604000000000151e-03
1.046000000000000000e+03 2.416503999999999874e-03
1.052000000000000000e+03 2.279784999999999884e-03
1.057000000000000000e+03 2.286864999999999905e-03
1.063000000000000000e+03 2.308105999999999873e-03
1.069000000000000000e+03 2.332275999999999880e-03
1.075000000000000000e+03 2.391358000000000112e-03
1.081000000000000000e+03 2.522461000000000148e-03
1.087000000000000000e+03 2.527587999999999883e-03
1.092000000000000000e+03 2.783935999999999876e-03
1.098000000000000000e+03 2.768066999999999923e-03
1.104000000000000000e+03 2.792236999999999931e-03
1.110000000000000000e+03 2.955323000000000151e-03
1.116000000000000000e+03 2.806884999999999849e-03
1.121000000000000000e+03 2.867675999999999992e-03
1.127000000000000000e+03 2.880859999999999844e-03
1.133000000000000000e+03 2.854980999999999925e-03
1.139000000000000000e+03 2.953125000000000021e-03
1.145000000000000000e+03 3.002198000000000193e-03
1.151000000000000000e+03 2.944336000000000089e-03
1.156000000000000000e+03 3.026368000000000200e-03
1.162000000000000000e+03 3.030273999999999902e-03
1.168000000000000000e+03 3.045411000000000038e-03
1.174000000000000000e+03 3.298829000000000084e-03
1.180000000000000000e+03 3.189453999999999987e-03
1.185000000000000000e+03 3.152832999999999851e-03
1.191000000000000000e+03 3.218995000000000103e-03
1.197000000000000000e+03 3.221680000000000203e-03
1.203000000000000000e+03 3.229736999999999886e-03
1.209000000000000000e+03 3.333496999999999936e-03
1.214000000000000000e+03 3.325684000000000192e-03
1.220000000000000000e+03 3.451173000000000088e-03
1.226000000000000000e+03 3.445557000000000133e-03
1.232000000000000000e+03 3.491211000000000141e-03
1.238000000000000000e+03 3.653809000000000050e-03
1.244000000000000000e+03 3.582520000000000062e-03
1.249000000000000000e+03 3.667481000000000213e-03
1.255000000000000000e+03 3.831544000000000096e-03
1.261000000000000000e+03 3.936036000000000395e-03
1.267000000000000000e+03 4.077393000000000337e-03
1.273000000000000000e+03 4.249023999999999683e-03
1.278000000000000000e+03 4.266357999999999609e-03
1.284000000000000000e+03 4.469970999999999667e-03
1.290000000000000000e+03 4.603516999999999679e-03
1.296000000000000000e+03 4.655763000000000262e-03
1.302000000000000000e+03 4.843018999999999623e-03
1.307000000000000000e+03 4.704835000000000093e-03
1.313000000000000000e+03 4.706787999999999944e-03
1.319000000000000000e+03 4.918946000000000429e-03
1.325000000000000000e+03 4.882568999999999798e-03
1.331000000000000000e+03 4.980224999999999583e-03
1.337000000000000000e+03 4.969483000000000233e-03
1.342000000000000000e+03 5.054687999999999889e-03
1.348000000000000000e+03 5.109131000000000263e-03
1.354000000000000000e+03 5.096924000000000073e-03
1.360000000000000000e+03 5.086427000000000136e-03
1.366000000000000000e+03 5.234863999999999663e-03
1.371000000000000000e+03 5.041748999999999883e-03
1.377000000000000000e+03 4.978515999999999671e-03
1.383000000000000000e+03 5.026611999999999747e-03
1.389000000000000000e+03 4.897461999999999996e-03
1.395000000000000000e+03 4.953125000000000062e-03
1.400000000000000000e+03 5.072754999999999972e-03
1.406000000000000000e+03 4.989747000000000106e-03
1.412000000000000000e+03 5.139404999999999668e-03
1.418000000000000000e+03 5.074219999999999946e-03
1.424000000000000000e+03 5.230226000000000146e-03
1.430000000000000000e+03 5.468994999999999933e-03
1.435000000000000000e+03 5.477296000000000421e-03
1.441000000000000000e+03 5.631592000000000368e-03
1.447000000000000000e+03 5.894044000000000193e-03
1.453000000000000000e+03 6.079590999999999641e-03
1.459000000000000000e+03 6.299805999999999809e-03
1.464000000000000000e+03 6.491455999999999615e-03
1.470000000000000000e+03 6.636231000000000248e-03
1.476000000000000000e+03 6.878419000000000200e-03
1.482000000000000000e+03 7.185791999999999874e-03
1.488000000000000000e+03 7.328859000000000068e-03
1.494000000000000000e+03 7.644289000000000292e-03
1.499000000000000000e+03 7.615479999999999992e-03
1.505000000000000000e+03 7.807862999999999956e-03
1.511000000000000000e+03 7.913332000000000352e-03
1.517000000000000000e+03 8.182619000000000350e-03
1.523000000000000000e+03 8.345705000000000137e-03
1.528000000000000000e+03 8.468751999999999530e-03
1.534000000000000000e+03 8.460451000000000776e-03
1.540000000000000000e+03 8.642092000000000523e-03
1.546000000000000000e+03 8.746827999999999895e-03
1.552000000000000000e+03 8.771729000000000678e-03
1.557000000000000000e+03 9.052980000000000402e-03
1.563000000000000000e+03 8.986816999999999375e-03
1.569000000000000000e+03 9.114016000000000825e-03
1.575000000000000000e+03 9.212158999999999279e-03
1.581000000000000000e+03 9.208984999999999393e-03
1.587000000000000000e+03 9.317871999999999613e-03
1.592000000000000000e+03 9.515137999999999374e-03
1.598000000000000000e+03 9.452149999999999441e-03
1.604000000000000000e+03 9.697267000000000733e-03
1.610000000000000000e+03 9.769776000000000848e-03
1.616000000000000000e+03 9.920899999999999858e-03
1.621000000000000000e+03 1.015722999999999973e-02
1.627000000000000000e+03 1.005493000000000012e-02
1.633000000000000000e+03 1.011768000000000042e-02
1.639000000000000000e+03 1.021386999999999989e-02
1.645000000000000000e+03 1.024976000000000012e-02
1.650000000000000000e+03 1.035889000000000081e-02
1.656000000000000000e+03 1.052832000000000073e-02
1.662000000000000000e+03 1.059229000000000073e-02
1.668000000000000000e+03 1.073266999999999971e-02
1.674000000000000000e+03 1.077026000000000025e-02
1.680000000000000000e+03 1.070751999999999989e-02
1.685000000000000000e+03 1.090454000000000076e-02
1.691000000000000000e+03 1.089306999999999949e-02
1.697000000000000000e+03 1.095995999999999949e-02
1.703000000000000000e+03 1.117822000000000086e-02
1.709000000000000000e+03 1.116187000000000082e-02
1.714000000000000000e+03 1.128369000000000073e-02
1.720000000000000000e+03 1.132152999999999979e-02
1.726000000000000000e+03 1.133838000000000033e-02
1.732000000000000000e+03 1.149853999999999980e-02
1.738000000000000000e+03 1.169409000000000073e-02
1.743000000000000000e+03 1.176757999999999971e-02
1.749000000000000000e+03 1.188232999999999998e-02
1.755000000000000000e+03 1.187597999999999952e-02
1.761000000000000000e+03 1.192236999999999984e-02
1.767000000000000000e+03 1.197411999999999956e-02
1.773000000000000000e+03 1.212329000000000011e-02
1.778000000000000000e+03 1.225781999999999913e-02
1.784000000000000000e+03 1.244019000000000028e-02
1.790000000000000000e+03 1.244701999999999961e-02
1.796000000000000000e+03 1.253051999999999985e-02
1.802000000000000000e+03 1.262305000000000024e-02
1.807000000000000000e+03 1.267602999999999959e-02
1.813000000000000000e+03 1.278369000000000033e-02
1.819000000000000000e+03 1.285694000000000073e-02
1.825000000000000000e+03 1.290137000000000055e-02
1.831000000000000000e+03 1.314673000000000057e-02
1.837000000000000000e+03 1.323657999999999953e-02
1.842000000000000000e+03 1.330224999999999984e-02
1.848000000000000000e+03 1.340917999999999971e-02
1.854000000000000000e+03 1.335082999999999930e-02
1.860000000000000000e+03 1.342163000000000037e-02
1.866000000000000000e+03 1.363257000000000010e-02
1.871000000000000000e+03 1.367846999999999986e-02
1.877000000000000000e+03 1.380274000000000084e-02
1.883000000000000000e+03 1.370581000000000056e-02
1.889000000000000000e+03 1.373535000000000034e-02
1.895000000000000000e+03 1.393700999999999968e-02
1.900000000000000000e+03 1.405957000000000040e-02
1.906000000000000000e+03 1.419214000000000066e-02
1.912000000000000000e+03 1.422461000000000038e-02
1.918000000000000000e+03 1.433301000000000019e-02
1.924000000000000000e+03 1.452368000000000062e-02
1.930000000000000000e+03 1.468726000000000059e-02
1.935000000000000000e+03 1.474536000000000076e-02
1.941000000000000000e+03 1.487402999999999989e-02
1.947000000000000000e+03 1.486303999999999924e-02
1.953000000000000000e+03 1.500781999999999984e-02
1.959000000000000000e+03 1.501416000000000035e-02
1.964000000000000000e+03 1.504712000000000063e-02
1.970000000000000000e+03 1.515283000000000081e-02
1.976000000000000000e+03 1.533910999999999955e-02
1.982000000000000000e+03 1.534814999999999964e-02
1.988000000000000000e+03 1.560889000000000026e-02
1.993000000000000000e+03 1.556689999999999983e-02
1.999000000000000000e+03 1.578759999999999886e-02
2.005000000000000000e+03 1.604859000000000147e-02
2.011000000000000000e+03 1.594483000000000011e-02
2.017000000000000000e+03 1.597290000000000168e-02
2.023000000000000000e+03 1.615259000000000139e-02
2.028000000000000000e+03 1.612525000000000069e-02
2.034000000000000000e+03 1.632592999999999892e-02
2.040000000000000000e+03 1.650586000000000067e-02
2.046000000000000000e+03 1.651709000000000163e-02
2.052000000000000000e+03 1.671581999999999929e-02
2.057000000000000000e+03 1.683520999999999976e-02
2.063000000000000000e+03 1.681786999999999865e-02
2.069000000000000000e+03 1.712574000000000041e-02
2.075000000000000000e+03 1.717992999999999951e-02
2.081000000000000000e+03 1.730664000000000161e-02
2.086000000000000000e+03 1.747680999999999887e-02
2.092000000000000000e+03 1.760400999999999980e-02
2.098000000000000000e+03 1.768530999999999923e-02
2.104000000000000000e+03 1.783569000000000127e-02
2.110000000000000000e+03 1.785474000000000089e-02
2.116000000000000000e+03 1.808422999999999975e-02
2.121000000000000000e+03 1.820899000000000129e-02
2.127000000000000000e+03 1.837182999999999872e-02
2.133000000000000000e+03 1.848144999999999996e-02
2.139000000000000000e+03 1.864013999999999949e-02
2.145000000000000000e+03 1.883985000000000173e-02
2.150000000000000000e+03 1.908692000000000027e-02
2.156000000000000000e+03 1.903979999999999909e-02
2.162000000000000000e+03 1.919531999999999836e-02
2.168000000000000000e+03 1.937670999999999838e-02
2.174000000000000000e+03 1.943140000000000145e-02
2.179000000000000000e+03 1.962037000000000156e-02
2.185000000000000000e+03 1.977906000000000108e-02
2.191000000000000000e+03 2.002367999999999856e-02
2.197000000000000000e+03 2.019214000000000078e-02
2.203000000000000000e+03 2.020117999999999914e-02
2.209000000000000000e+03 2.040528000000000133e-02
2.214000000000000000e+03 2.056811999999999876e-02
2.220000000000000000e+03 2.066772999999999874e-02
2.226000000000000000e+03 2.079125999999999891e-02
2.232000000000000000e+03 2.099927000000000044e-02
2.238000000000000000e+03 2.112866999999999870e-02
2.243000000000000000e+03 2.132935000000000039e-02
2.249000000000000000e+03 2.155688999999999869e-02
2.255000000000000000e+03 2.166625999999999969e-02
2.261000000000000000e+03 2.183080999999999910e-02
2.267000000000000000e+03 2.191308999999999965e-02
2.273000000000000000e+03 2.207958999999999963e-02
2.278000000000000000e+03 2.221704000000000040e-02
2.284000000000000000e+03 2.227685999999999902e-02
2.290000000000000000e+03 2.247071000000000138e-02
2.296000000000000000e+03 2.256201000000000040e-02
2.302000000000000000e+03 2.261548000000000030e-02
2.307000000000000000e+03 2.293163999999999966e-02
2.313000000000000000e+03 2.311817000000000039e-02
2.319000000000000000e+03 2.330640000000000142e-02
2.325000000000000000e+03 2.357129999999999989e-02
2.331000000000000000e+03 2.356397000000000005e-02
2.336000000000000000e+03 2.359669000000000003e-02
2.342000000000000000e+03 2.388915999999999956e-02
2.348000000000000000e+03 2.408350000000000074e-02
2.354000000000000000e+03 2.420655000000000029e-02
2.360000000000000000e+03 2.439161000000000107e-02
2.366000000000000000e+03 2.447144000000000055e-02
2.371000000000000000e+03 2.462183000000000080e-02
2.377000000000000000e+03 2.485547000000000104e-02
2.383000000000000000e+03 2.510010000000000019e-02
2.389000000000000000e+03 2.512377999999999834e-02
2.395000000000000000e+03 2.520118000000000011e-02
2.400000000000000000e+03 2.536230999999999902e-02
2.406000000000000000e+03 2.556641000000000122e-02
2.412000000000000000e+03 2.564550999999999983e-02
2.418000000000000000e+03 2.577076000000000019e-02
2.424000000000000000e+03 2.600024999999999906e-02
2.429000000000000000e+03 2.604907999999999876e-02
2.435000000000000000e+03 2.614721999999999880e-02
2.441000000000000000e+03 2.620899000000000145e-02
2.447000000000000000e+03 2.629516999999999965e-02
2.453000000000000000e+03 2.661865999999999885e-02
2.459000000000000000e+03 2.657324999999999965e-02
2.464000000000000000e+03 2.669287999999999869e-02
2.470000000000000000e+03 2.677540000000000128e-02
2.476000000000000000e+03 2.679760999999999949e-02
2.482000000000000000e+03 2.693018000000000148e-02
2.488000000000000000e+03 2.706909999999999872e-02
2.493000000000000000e+03 2.697412999999999894e-02
2.499000000000000000e+03 2.706617000000000051e-02
2.505000000000000000e+03 2.713720999999999842e-02
2.511000000000000000e+03 2.709351000000000120e-02
2.517000000000000000e+03 2.712109999999999868e-02
2.522000000000000000e+03 2.692115000000000133e-02
2.528000000000000000e+03 2.697193000000000160e-02
2.534000000000000000e+03 2.709057999999999952e-02
2.540000000000000000e+03 2.686817000000000025e-02
2.546000000000000000e+03 2.673048000000000091e-02
2.552000000000000000e+03 2.661768000000000120e-02
2.557000000000000000e+03 2.648584999999999828e-02
2.563000000000000000e+03 2.639574999999999907e-02
2.569000000000000000e+03 2.636524000000000159e-02
2.575000000000000000e+03 2.599854000000000054e-02
2.581000000000000000e+03 2.590722999999999984e-02
2.586000000000000000e+03 2.557935000000000070e-02
2.592000000000000000e+03 2.531958999999999946e-02
2.598000000000000000e+03 2.511108999999999911e-02
2.604000000000000000e+03 2.462817999999999952e-02
2.610000000000000000e+03 2.443702000000000027e-02
2.616000000000000000e+03 2.418676999999999980e-02
2.621000000000000000e+03 2.386744000000000018e-02
2.627000000000000000e+03 2.355151999999999940e-02
2.633000000000000000e+03 2.302734999999999851e-02
2.639000000000000000e+03 2.262402999999999983e-02
2.645000000000000000e+03 2.244702000000000155e-02
2.650000000000000000e+03 2.244824000000000125e-02
2.656000000000000000e+03 2.260987000000000066e-02
2.662000000000000000e+03 2.282715000000000091e-02
2.668000000000000000e+03 2.302123999999999837e-02
2.674000000000000000e+03 2.317773999999999876e-02
2.679000000000000000e+03 2.341309000000000098e-02
2.685000000000000000e+03 2.351001999999999953e-02
2.691000000000000000e+03 2.375123000000000165e-02
2.697000000000000000e+03 2.383373999999999909e-02
2.703000000000000000e+03 2.398681999999999898e-02
2.709000000000000000e+03 2.411622000000000071e-02
2.714000000000000000e+03 2.412939999999999877e-02
2.720000000000000000e+03 2.421070000000000166e-02
2.726000000000000000e+03 2.441041000000000044e-02
2.732000000000000000e+03 2.445898999999999990e-02
2.738000000000000000e+03 2.464869000000000088e-02
2.743000000000000000e+03 2.466430999999999832e-02
2.749000000000000000e+03 2.467066000000000051e-02
2.755000000000000000e+03 2.479102000000000042e-02
2.761000000000000000e+03 2.499244000000000118e-02
2.767000000000000000e+03 2.513477000000000072e-02
2.772000000000000000e+03 2.522022000000000153e-02
2.778000000000000000e+03 2.525366999999999890e-02
2.784000000000000000e+03 2.527369000000000143e-02
2.790000000000000000e+03 2.542994000000000157e-02
2.796000000000000000e+03 2.540308000000000149e-02
2.802000000000000000e+03 2.544019000000000141e-02
2.807000000000000000e+03 2.556225999999999984e-02
2.813000000000000000e+03 2.559619000000000130e-02
2.819000000000000000e+03 2.564527000000000126e-02
2.825000000000000000e+03 2.588330999999999965e-02
2.831000000000000000e+03 2.582691000000000153e-02
2.836000000000000000e+03 2.589527000000000148e-02
2.842000000000000000e+03 2.595141999999999935e-02
2.848000000000000000e+03 2.612841999999999942e-02
2.854000000000000000e+03 2.629712999999999842e-02
2.860000000000000000e+03 2.630787000000000056e-02
2.865000000000000000e+03 2.635987000000000052e-02
2.871000000000000000e+03 2.647559000000000023e-02
2.877000000000000000e+03 2.643432999999999894e-02
2.883000000000000000e+03 2.651929000000000092e-02
2.889000000000000000e+03 2.667554000000000106e-02
2.895000000000000000e+03 2.671752999999999975e-02
2.900000000000000000e+03 2.685743000000000158e-02
2.906000000000000000e+03 2.678662999999999877e-02
2.912000000000000000e+03 2.682812999999999864e-02
2.918000000000000000e+03 2.690429999999999905e-02
2.924000000000000000e+03 2.678882999999999959e-02
2.929000000000000000e+03 2.713720999999999842e-02
2.935000000000000000e+03 2.702929999999999916e-02
2.941000000000000000e+03 2.698168999999999915e-02
2.947000000000000000e+03 2.710767000000000038e-02
2.953000000000000000e+03 2.721631000000000050e-02
2.959000000000000000e+03 2.728710999999999984e-02
2.964000000000000000e+03 2.746679999999999955e-02
2.970000000000000000e+03 2.743775000000000033e-02
2.976000000000000000e+03 2.739112000000000144e-02
2.982000000000000000e+03 2.763086000000000014e-02
2.988000000000000000e+03 2.751001000000000141e-02
2.993000000000000000e+03 2.748023000000000132e-02
2.999000000000000000e+03 2.784644000000000008e-02
3.005000000000000000e+03 2.775976999999999958e-02
3.011000000000000000e+03 2.787670999999999899e-02
3.017000000000000000e+03 2.789967000000000141e-02
3.022000000000000000e+03 2.789209000000000133e-02
3.028000000000000000e+03 2.807789000000000118e-02
3.034000000000000000e+03 2.797681000000000126e-02
3.040000000000000000e+03 2.812084999999999932e-02
3.046000000000000000e+03 2.814770999999999940e-02
3.052000000000000000e+03 2.805103000000000110e-02
3.057000000000000000e+03 2.806762999999999966e-02
3.063000000000000000e+03 2.810204999999999995e-02
3.069000000000000000e+03 2.829809999999999964e-02
3.075000000000000000e+03 2.828906999999999949e-02
3.081000000000000000e+03 2.841381999999999936e-02
3.086000000000000000e+03 2.843580000000000066e-02
3.092000000000000000e+03 2.835816000000000031e-02
3.098000000000000000e+03 2.852197999999999886e-02
3.104000000000000000e+03 2.834911999999999849e-02
3.110000000000000000e+03 2.848730999999999833e-02
3.115000000000000000e+03 2.843530999999999836e-02
3.121000000000000000e+03 2.855566999999999828e-02
3.127000000000000000e+03 2.873755000000000059e-02
3.133000000000000000e+03 2.868383999999999864e-02
3.139000000000000000e+03 2.886646000000000004e-02
3.145000000000000000e+03 2.884545999999999985e-02
3.150000000000000000e+03 2.892457000000000014e-02
3.156000000000000000e+03 2.884986000000000148e-02
3.162000000000000000e+03 2.881714000000000150e-02
3.168000000000000000e+03 2.887866000000000044e-02
3.174000000000000000e+03 2.892969000000000096e-02
3.179000000000000000e+03 2.898511000000000143e-02
3.185000000000000000e+03 2.894433999999999896e-02
3.191000000000000000e+03 2.912866999999999887e-02
3.197000000000000000e+03 2.910644999999999899e-02
3.203000000000000000e+03 2.908960999999999839e-02
3.208000000000000000e+03 2.915357000000000018e-02
3.214000000000000000e+03 2.901832000000000022e-02
3.220000000000000000e+03 2.913964999999999958e-02
3.226000000000000000e+03 2.902955000000000119e-02
3.232000000000000000e+03 2.897045999999999996e-02
3.238000000000000000e+03 2.914502999999999885e-02
3.243000000000000000e+03 2.894433999999999896e-02
3.249000000000000000e+03 2.909838999999999828e-02
3.255000000000000000e+03 2.907544000000000101e-02
3.261000000000000000e+03 2.910644999999999899e-02
3.267000000000000000e+03 2.913622999999999907e-02
3.272000000000000000e+03 2.918946000000000041e-02
3.278000000000000000e+03 2.918043000000000026e-02
3.284000000000000000e+03 2.919653999999999999e-02
3.290000000000000000e+03 2.912597999999999923e-02
3.296000000000000000e+03 2.901319000000000120e-02
3.301000000000000000e+03 2.912232000000000015e-02
3.307000000000000000e+03 2.900952999999999865e-02
3.313000000000000000e+03 2.902808000000000124e-02
3.319000000000000000e+03 2.920214999999999964e-02
3.325000000000000000e+03 2.908130000000000090e-02
3.331000000000000000e+03 2.911085000000000061e-02
3.336000000000000000e+03 2.910621000000000042e-02
3.342000000000000000e+03 2.903785000000000047e-02
3.348000000000000000e+03 2.919750999999999944e-02
3.354000000000000000e+03 2.895556999999999992e-02
3.360000000000000000e+03 2.896972999999999909e-02
3.365000000000000000e+03 2.898316000000000087e-02
3.371000000000000000e+03 2.890625000000000139e-02
3.377000000000000000e+03 2.890772000000000133e-02
3.383000000000000000e+03 2.902271000000000017e-02
3.389000000000000000e+03 2.892163999999999846e-02
3.395000000000000000e+03 2.878272000000000122e-02
3.400000000000000000e+03 2.895508000000000109e-02
3.406000000000000000e+03 2.885766999999999846e-02
3.412000000000000000e+03 2.892383000000000107e-02
3.418000000000000000e+03 2.891283999999999868e-02
3.424000000000000000e+03 2.879957000000000003e-02
3.429000000000000000e+03 2.897388000000000047e-02
3.435000000000000000e+03 2.866772999999999891e-02
3.441000000000000000e+03 2.863281999999999980e-02
3.447000000000000000e+03 2.869996000000000005e-02
3.453000000000000000e+03 2.862328999999999915e-02
3.458000000000000000e+03 2.873902000000000054e-02
3.464000000000000000e+03 2.874366000000000074e-02
3.470000000000000000e+03 2.870703999999999964e-02
3.476000000000000000e+03 2.870288999999999827e-02
3.482000000000000000e+03 2.860303000000000151e-02
3.488000000000000000e+03 2.854956000000000160e-02
3.493000000000000000e+03 2.846753000000000131e-02
3.499000000000000000e+03 2.842164000000000149e-02
3.505000000000000000e+03 2.821509000000000170e-02
3.511000000000000000e+03 2.845922999999999856e-02
3.517000000000000000e+03 2.844239000000000142e-02
3.522000000000000000e+03 2.836328999999999934e-02
3.528000000000000000e+03 2.838624000000000008e-02
3.534000000000000000e+03 2.818897000000000069e-02
3.540000000000000000e+03 2.830175999999999872e-02
3.546000000000000000e+03 2.814453999999999914e-02
3.551000000000000000e+03 2.804467999999999892e-02
3.557000000000000000e+03 2.805151999999999993e-02
3.563000000000000000e+03 2.790356999999999907e-02
3.569000000000000000e+03 2.789820000000000147e-02
3.575000000000000000e+03 2.778003000000000070e-02
3.581000000000000000e+03 2.777295000000000111e-02
3.586000000000000000e+03 2.768628999999999882e-02
3.592000000000000000e+03 2.767114999999999853e-02
3.598000000000000000e+03 2.762939999999999841e-02
3.604000000000000000e+03 2.753906999999999883e-02
3.610000000000000000e+03 2.746142999999999848e-02
3.615000000000000000e+03 2.723389000000000018e-02
3.621000000000000000e+03 2.732008000000000006e-02
3.627000000000000000e+03 2.720264000000000015e-02
3.633000000000000000e+03 2.702295999999999865e-02
3.639000000000000000e+03 2.730298000000000100e-02
3.644000000000000000e+03 2.698926000000000103e-02
3.650000000000000000e+03 2.700390999999999903e-02
3.656000000000000000e+03 2.700390999999999903e-02
3.662000000000000000e+03 2.685815999999999898e-02
3.668000000000000000e+03 2.691210999999999950e-02
3.674000000000000000e+03 2.665723000000000051e-02
3.679000000000000000e+03 2.676612000000000088e-02
3.685000000000000000e+03 2.667310000000000167e-02
3.691000000000000000e+03 2.652416999999999969e-02
3.697000000000000000e+03 2.635571999999999915e-02
3.703000000000000000e+03 2.639210000000000167e-02
3.708000000000000000e+03 2.637159000000000031e-02
3.714000000000000000e+03 2.624121999999999913e-02
3.720000000000000000e+03 2.629907999999999899e-02
3.726000000000000000e+03 2.605713000000000126e-02
3.732000000000000000e+03 2.614208999999999977e-02
3.738000000000000000e+03 2.597338999999999898e-02
3.743000000000000000e+03 2.587891000000000150e-02
3.749000000000000000e+03 2.610766999999999949e-02
3.755000000000000000e+03 2.567846999999999838e-02
3.761000000000000000e+03 2.574047999999999961e-02
3.767000000000000000e+03 2.559082999999999844e-02
3.772000000000000000e+03 2.541064999999999990e-02
3.778000000000000000e+03 2.549877999999999867e-02
3.784000000000000000e+03 2.530297999999999922e-02
3.790000000000000000e+03 2.531885000000000038e-02
3.796000000000000000e+03 2.530127999999999891e-02
3.801000000000000000e+03 2.518774999999999833e-02
3.807000000000000000e+03 2.513355000000000103e-02
3.813000000000000000e+03 2.498755000000000073e-02
3.819000000000000000e+03 2.489014000000000157e-02
3.825000000000000000e+03 2.457716000000000067e-02
3.831000000000000000e+03 2.461988000000000024e-02
3.836000000000000000e+03 2.443798999999999971e-02
3.842000000000000000e+03 2.424366000000000021e-02
3.848000000000000000e+03 2.431323999999999985e-02
3.854000000000000000e+03 2.404078000000000118e-02
3.860000000000000000e+03 2.417798000000000169e-02
3.865000000000000000e+03 2.392114999999999866e-02
3.871000000000000000e+03 2.387378000000000070e-02
3.877000000000000000e+03 2.397900999999999852e-02
3.883000000000000000e+03 2.363159999999999913e-02
3.889000000000000000e+03 2.353223000000000120e-02
3.894000000000000000e+03 2.333398999999999890e-02
3.900000000000000000e+03 2.332862000000000130e-02
3.906000000000000000e+03 2.314356000000000052e-02
3.912000000000000000e+03 2.317821999999999938e-02
3.918000000000000000e+03 2.304395000000000054e-02
3.924000000000000000e+03 2.281493999999999883e-02
3.929000000000000000e+03 2.277685999999999947e-02
3.935000000000000000e+03 2.256299000000000152e-02
3.941000000000000000e+03 2.258715999999999849e-02
3.947000000000000000e+03 2.234424000000000132e-02
3.953000000000000000e+03 2.218749999999999889e-02
3.958000000000000000e+03 2.229882999999999865e-02
3.964000000000000000e+03 2.210938000000000139e-02
3.970000000000000000e+03 2.209277999999999936e-02
3.976000000000000000e+03 2.184985999999999873e-02
3.982000000000000000e+03 2.163355000000000139e-02
3.987000000000000000e+03 2.173194000000000167e-02
3.993000000000000000e+03 2.156421000000000032e-02
3.999000000000000000e+03 2.150049000000000057e-02
4.005000000000000000e+03 2.125049000000000035e-02
4.011000000000000000e+03 2.098364999999999952e-02
4.017000000000000000e+03 2.090064000000000158e-02
4.022000000000000000e+03 2.097216999999999831e-02
4.028000000000000000e+03 2.086303999999999936e-02
4.034000000000000000e+03 2.061547999999999853e-02
4.040000000000000000e+03 2.071850999999999901e-02
4.046000000000000000e+03 2.048072000000000087e-02
4.051000000000000000e+03 2.051661000000000110e-02
4.057000000000000000e+03 2.032128999999999880e-02
4.063000000000000000e+03 2.014136000000000051e-02
4.069000000000000000e+03 2.026172000000000042e-02
4.075000000000000000e+03 1.980248999999999898e-02
4.080000000000000000e+03 1.984400000000000053e-02
4.086000000000000000e+03 1.971337999999999910e-02
4.092000000000000000e+03 1.943920999999999843e-02
4.098000000000000000e+03 1.937281000000000072e-02
4.104000000000000000e+03 1.915137000000000089e-02
4.110000000000000000e+03 1.911768000000000148e-02
4.115000000000000000e+03 1.890673999999999827e-02
4.121000000000000000e+03 1.876513999999999960e-02
4.127000000000000000e+03 1.861426000000000053e-02
4.133000000000000000e+03 1.853271999999999906e-02
4.139000000000000000e+03 1.847510000000000124e-02
4.144000000000000000e+03 1.816040000000000015e-02
4.150000000000000000e+03 1.825219999999999967e-02
4.156000000000000000e+03 1.798755000000000145e-02
4.162000000000000000e+03 1.784569999999999906e-02
4.168000000000000000e+03 1.786377000000000104e-02
4.174000000000000000e+03 1.755444999999999922e-02
4.179000000000000000e+03 1.769946999999999840e-02
4.185000000000000000e+03 1.738355000000000108e-02
4.191000000000000000e+03 1.723828000000000166e-02
4.197000000000000000e+03 1.708863000000000049e-02
4.203000000000000000e+03 1.683520999999999976e-02
4.208000000000000000e+03 1.687011999999999887e-02
4.214000000000000000e+03 1.667578000000000116e-02
4.220000000000000000e+03 1.655664000000000094e-02
4.226000000000000000e+03 1.639405000000000029e-02
4.232000000000000000e+03 1.625733000000000039e-02
4.237000000000000000e+03 1.617992999999999862e-02
4.243000000000000000e+03 1.608862999999999960e-02
4.249000000000000000e+03 1.604418999999999984e-02
4.255000000000000000e+03 1.571532999999999958e-02
4.261000000000000000e+03 1.574218999999999966e-02
4.267000000000000000e+03 1.544971000000000018e-02
4.272000000000000000e+03 1.531225999999999941e-02
4.278000000000000000e+03 1.532202000000000043e-02
4.284000000000000000e+03 1.493163999999999950e-02
4.290000000000000000e+03 1.497095000000000023e-02
4.296000000000000000e+03 1.481323000000000015e-02
4.301000000000000000e+03 1.457739000000000083e-02
4.307000000000000000e+03 1.463158999999999987e-02
4.313000000000000000e+03 1.438305999999999960e-02
4.319000000000000000e+03 1.433472000000000045e-02
4.325000000000000000e+03 1.415186000000000048e-02
4.330000000000000000e+03 1.398242000000000061e-02
4.336000000000000000e+03 1.390235000000000082e-02
4.342000000000000000e+03 1.389086999999999961e-02
4.348000000000000000e+03 1.370264000000000031e-02
4.354000000000000000e+03 1.334936999999999929e-02
4.360000000000000000e+03 1.345361999999999947e-02
4.365000000000000000e+03 1.311620999999999967e-02
4.371000000000000000e+03 1.319141000000000064e-02
4.377000000000000000e+03 1.300732999999999924e-02
4.383000000000000000e+03 1.294995000000000000e-02
4.389000000000000000e+03 1.297509999999999983e-02
4.394000000000000000e+03 1.260473999999999969e-02
4.400000000000000000e+03 1.256152999999999957e-02
4.406000000000000000e+03 1.254369999999999964e-02
4.412000000000000000e+03 1.219701999999999939e-02
4.418000000000000000e+03 1.223194000000000017e-02
4.423000000000000000e+03 1.197486000000000037e-02
4.429000000000000000e+03 1.188915999999999931e-02
4.435000000000000000e+03 1.173975000000000019e-02
4.441000000000000000e+03 1.167260999999999993e-02
4.447000000000000000e+03 1.155614999999999941e-02
4.453000000000000000e+03 1.138354999999999922e-02
4.458000000000000000e+03 1.132299999999999973e-02
4.464000000000000000e+03 1.108716000000000042e-02
4.470000000000000000e+03 1.125635000000000004e-02
4.476000000000000000e+03 1.084790000000000060e-02
4.482000000000000000e+03 1.083130000000000030e-02
4.487000000000000000e+03 1.083887000000000045e-02
4.493000000000000000e+03 1.044384999999999931e-02
4.499000000000000000e+03 1.070556999999999932e-02
4.505000000000000000e+03 1.048023000000000010e-02
4.511000000000000000e+03 1.040819999999999940e-02
4.517000000000000000e+03 1.027979000000000046e-02
4.522000000000000000e+03 1.003197999999999937e-02
4.528000000000000000e+03 1.003368999999999962e-02
4.534000000000000000e+03 9.867921999999999458e-03
4.540000000000000000e+03 9.828127000000000738e-03
4.546000000000000000e+03 9.698000000000000023e-03
4.551000000000000000e+03 9.606935000000000474e-03
4.557000000000000000e+03 9.597902000000000169e-03
4.563000000000000000e+03 9.411133999999999819e-03
4.569000000000000000e+03 9.440186999999999190e-03
4.575000000000000000e+03 9.138673999999999409e-03
4.580000000000000000e+03 9.197266000000000816e-03
4.586000000000000000e+03 8.922607000000000801e-03
4.592000000000000000e+03 8.672852999999999465e-03
4.598000000000000000e+03 8.860108000000000220e-03
4.604000000000000000e+03 8.547364999999999477e-03
4.610000000000000000e+03 8.477050999999999337e-03
4.615000000000000000e+03 8.479982000000000492e-03
4.621000000000000000e+03 8.344238999999999823e-03
4.627000000000000000e+03 8.339355999999999158e-03
4.633000000000000000e+03 8.121339999999999462e-03
4.639000000000000000e+03 8.242189000000000459e-03
4.644000000000000000e+03 7.932374000000000716e-03
4.650000000000000000e+03 7.935061000000000198e-03
4.656000000000000000e+03 7.698731999999999798e-03
4.662000000000000000e+03 7.615723999999999931e-03
4.668000000000000000e+03 7.542237999999999720e-03
4.673000000000000000e+03 7.362551000000000165e-03
4.679000000000000000e+03 7.491211999999999697e-03
4.685000000000000000e+03 7.230470000000000126e-03
4.691000000000000000e+03 7.363770999999999858e-03
4.697000000000000000e+03 7.314699000000000027e-03
4.703000000000000000e+03 6.991457000000000400e-03
4.708000000000000000e+03 7.127930999999999677e-03
4.714000000000000000e+03 6.676516000000000395e-03
4.720000000000000000e+03 6.766114000000000156e-03
4.726000000000000000e+03 6.724367000000000191e-03
4.732000000000000000e+03 6.532959999999999982e-03
4.737000000000000000e+03 6.531496000000000350e-03
4.743000000000000000e+03 6.328613999999999767e-03
4.749000000000000000e+03 6.454348000000000377e-03
4.755000000000000000e+03 6.358398999999999822e-03
4.761000000000000000e+03 6.396241000000000426e-03
4.766000000000000000e+03 6.260499000000000099e-03
4.772000000000000000e+03 6.227052000000000281e-03
4.778000000000000000e+03 6.134767000000000171e-03
4.784000000000000000e+03 5.855469999999999772e-03
4.790000000000000000e+03 5.969727999999999667e-03
4.796000000000000000e+03 5.817140000000000158e-03
4.801000000000000000e+03 5.843751000000000327e-03
4.807000000000000000e+03 5.760987000000000399e-03
4.813000000000000000e+03 5.402833000000000115e-03
4.819000000000000000e+03 5.699219999999999633e-03
4.825000000000000000e+03 5.442139000000000351e-03
4.830000000000000000e+03 5.482665999999999755e-03
4.836000000000000000e+03 5.442871999999999641e-03
4.842000000000000000e+03 5.237793000000000136e-03
4.848000000000000000e+03 5.245607000000000221e-03
4.854000000000000000e+03 5.124512999999999811e-03
4.859000000000000000e+03 5.169435000000000002e-03
4.865000000000000000e+03 4.957276000000000044e-03
4.871000000000000000e+03 5.146241000000000183e-03
4.877000000000000000e+03 5.137207999999999879e-03
4.883000000000000000e+03 4.948730999999999616e-03
4.889000000000000000e+03 5.072998999999999911e-03
4.894000000000000000e+03 4.733644000000000393e-03
4.900000000000000000e+03 4.828124999999999951e-03
4.906000000000000000e+03 4.634522000000000294e-03
4.912000000000000000e+03 4.621583000000000288e-03
4.918000000000000000e+03 4.638427999999999995e-03
4.923000000000000000e+03 4.437499999999999604e-03
4.929000000000000000e+03 4.529296999999999837e-03
4.935000000000000000e+03 4.343261999999999644e-03
4.941000000000000000e+03 4.416993000000000134e-03
4.947000000000000000e+03 4.373290999999999637e-03
4.953000000000000000e+03 4.276368000000000009e-03
4.958000000000000000e+03 4.374023999999999794e-03
4.964000000000000000e+03 4.170166999999999798e-03
4.970000000000000000e+03 4.175049999999999595e-03
4.976000000000000000e+03 4.063233000000000296e-03
4.982000000000000000e+03 4.105224999999999673e-03
4.987000000000000000e+03 4.056396999999999781e-03
4.993000000000000000e+03 3.851319000000000183e-03
4.999000000000000000e+03 4.032960000000000364e-03
5.005000000000000000e+03 3.821534000000000129e-03
5.011000000000000000e+03 3.904541999999999995e-03
5.016000000000000000e+03 3.863282000000000001e-03
5.022000000000000000e+03 3.687257000000000208e-03
5.028000000000000000e+03 3.726806999999999950e-03
5.034000000000000000e+03 3.518067000000000156e-03
5.040000000000000000e+03 3.649171000000000099e-03
5.046000000000000000e+03 3.715088999999999978e-03
5.051000000000000000e+03 3.637696000000000159e-03
5.057000000000000000e+03 3.589356000000000144e-03
5.063000000000000000e+03 3.525635999999999961e-03
5.069000000000000000e+03 3.590332999999999806e-03
5.075000000000000000e+03 3.413818999999999795e-03
5.080000000000000000e+03 3.554933000000000138e-03
5.086000000000000000e+03 3.389160999999999910e-03
5.092000000000000000e+03 3.309326999999999928e-03
5.098000000000000000e+03 3.303710999999999974e-03
5.104000000000000000e+03 3.057862000000000167e-03
5.109000000000000000e+03 3.222168999999999988e-03
5.115000000000000000e+03 3.019288000000000180e-03
5.121000000000000000e+03 3.068116000000000072e-03
5.127000000000000000e+03 3.251220999999999885e-03
5.133000000000000000e+03 2.929688000000000171e-03
5.139000000000000000e+03 3.115722999999999930e-03
5.144000000000000000e+03 2.897217000000000108e-03
5.150000000000000000e+03 2.835938000000000087e-03
5.156000000000000000e+03 2.824219000000000208e-03
5.162000000000000000e+03 2.752685999999999848e-03
5.168000000000000000e+03 2.861327999999999788e-03
5.173000000000000000e+03 2.788329999999999888e-03
5.179000000000000000e+03 2.845703000000000208e-03
5.185000000000000000e+03 2.645751999999999913e-03
5.191000000000000000e+03 2.728760000000000213e-03
5.197000000000000000e+03 2.752685999999999848e-03
5.202000000000000000e+03 2.617920000000000143e-03
5.208000000000000000e+03 2.827637000000000032e-03
5.214000000000000000e+03 2.556152999999999811e-03
5.220000000000000000e+03 2.817383000000000127e-03
5.226000000000000000e+03 2.576661000000000055e-03
5.232000000000000000e+03 2.535888999999999938e-03
5.237000000000000000e+03 2.785644999999999788e-03
5.243000000000000000e+03 2.324707999999999983e-03
5.249000000000000000e+03 2.442138999999999855e-03
5.255000000000000000e+03 2.312255999999999947e-03
5.261000000000000000e+03 2.296143000000000055e-03
5.266000000000000000e+03 2.330323000000000030e-03
5.272000000000000000e+03 2.287598000000000062e-03
5.278000000000000000e+03 2.369140999999999955e-03
5.284000000000000000e+03 2.269531999999999886e-03
5.290000000000000000e+03 2.358887000000000050e-03
5.296000000000000000e+03 2.220459000000000148e-03
5.301000000000000000e+03 2.258300999999999885e-03
5.307000000000000000e+03 2.260009999999999797e-03
5.313000000000000000e+03 2.149902999999999884e-03
5.319000000000000000e+03 2.353028000000000064e-03
5.325000000000000000e+03 2.127197999999999849e-03
5.330000000000000000e+03 2.242675999999999871e-03
5.336000000000000000e+03 2.209716999999999931e-03
5.342000000000000000e+03 2.003906000000000177e-03
5.348000000000000000e+03 2.278320999999999819e-03
5.354000000000000000e+03 1.898193999999999966e-03
5.359000000000000000e+03 2.086181999999999793e-03
5.365000000000000000e+03 2.074706999999999853e-03
5.371000000000000000e+03 1.969483000000000171e-03
5.377000000000000000e+03 2.039795000000000063e-03
5.383000000000000000e+03 1.961913999999999932e-03
5.389000000000000000e+03 2.189453999999999966e-03
5.394000000000000000e+03 2.049805000000000030e-03
5.400000000000000000e+03 2.168456999999999937e-03
5.406000000000000000e+03 2.121582999999999802e-03
5.412000000000000000e+03 2.131835999999999801e-03
5.418000000000000000e+03 2.095459000000000037e-03
5.423000000000000000e+03 2.034667999999999893e-03
5.429000000000000000e+03 2.349364999999999960e-03
5.435000000000000000e+03 2.151366999999999950e-03
5.441000000000000000e+03 2.230956999999999992e-03
5.447000000000000000e+03 2.339844000000000212e-03
5.452000000000000000e+03 2.064452999999999948e-03
5.458000000000000000e+03 2.295165999999999960e-03
5.464000000000000000e+03 2.105225000000000065e-03
5.470000000000000000e+03 2.224120999999999911e-03
5.476000000000000000e+03 2.088622999999999955e-03
5.482000000000000000e+03 2.098388999999999983e-03
5.487000000000000000e+03 2.266114000000000062e-03
5.493000000000000000e+03 2.062256000000000158e-03
5.499000000000000000e+03 2.173095999999999795e-03
5.505000000000000000e+03 1.992676000000000083e-03
5.511000000000000000e+03 2.102295000000000118e-03
5.516000000000000000e+03 2.119141000000000167e-03
5.522000000000000000e+03 2.022217000000000198e-03
5.528000000000000000e+03 2.325439999999999799e-03
5.534000000000000000e+03 1.990722999999999798e-03
5.540000000000000000e+03 2.291504000000000197e-03
5.545000000000000000e+03 2.061767999999999847e-03
5.551000000000000000e+03 1.992676000000000083e-03
5.557000000000000000e+03 2.180420000000000188e-03
5.563000000000000000e+03 1.932129000000000095e-03
5.569000000000000000e+03 2.210937999999999966e-03
5.575000000000000000e+03 2.123290999999999807e-03
5.580000000000000000e+03 2.093506000000000186e-03
5.586000000000000000e+03 2.142578000000000017e-03
5.592000000000000000e+03 2.110351999999999801e-03
5.598000000000000000e+03 2.138915999999999821e-03
5.604000000000000000e+03 2.127197999999999849e-03
5.609000000000000000e+03 2.172851999999999856e-03
5.615000000000000000e+03 2.111328999999999897e-03
5.621000000000000000e+03 2.085693000000000009e-03
5.627000000000000000e+03 2.093261999999999814e-03
5.633000000000000000e+03 1.977538999999999946e-03
5.639000000000000000e+03 2.206055000000000169e-03
5.644000000000000000e+03 1.981445999999999989e-03
5.650000000000000000e+03 2.089600000000000051e-03
5.656000000000000000e+03 2.143311000000000174e-03
5.662000000000000000e+03 1.937011999999999892e-03
5.668000000000000000e+03 2.135741999999999936e-03
5.673000000000000000e+03 1.903320999999999919e-03
5.679000000000000000e+03 2.126709000000000065e-03
5.685000000000000000e+03 1.986083999999999940e-03
5.691000000000000000e+03 2.097167999999999949e-03
5.697000000000000000e+03 2.204834000000000134e-03
5.702000000000000000e+03 2.156982999999999904e-03
5.708000000000000000e+03 2.316650999999999867e-03
5.714000000000000000e+03 2.158447999999999877e-03
5.720000000000000000e+03 2.300293000000000129e-03
5.726000000000000000e+03 2.078613999999999896e-03
5.732000000000000000e+03 1.931884999999999939e-03
5.737000000000000000e+03 2.143555000000000113e-03
5.743000000000000000e+03 1.896972999999999932e-03
5.749000000000000000e+03 2.239501999999999986e-03
5.755000000000000000e+03 2.015868999999999994e-03
5.761000000000000000e+03 2.019532000000000098e-03
5.766000000000000000e+03 2.266114000000000062e-03
5.772000000000000000e+03 1.998779000000000007e-03
5.778000000000000000e+03 2.239501999999999986e-03
5.784000000000000000e+03 2.102051000000000180e-03
5.790000000000000000e+03 2.092773999999999936e-03
5.795000000000000000e+03 2.087158999999999889e-03
5.801000000000000000e+03 2.055176000000000138e-03
5.807000000000000000e+03 2.243652999999999967e-03
5.813000000000000000e+03 2.029786000000000003e-03
5.819000000000000000e+03 2.197998999999999960e-03
5.825000000000000000e+03 2.032227000000000165e-03
5.830000000000000000e+03 2.194335999999999856e-03
5.836000000000000000e+03 2.117920000000000132e-03
5.842000000000000000e+03 2.101562999999999869e-03
5.848000000000000000e+03 2.261963000000000081e-03
5.854000000000000000e+03 2.008301000000000096e-03
5.859000000000000000e+03 2.218017999999999986e-03
5.865000000000000000e+03 2.168456999999999937e-03
5.871000000000000000e+03 2.054443999999999888e-03
5.877000000000000000e+03 2.162354000000000012e-03
5.883000000000000000e+03 1.963378999999999906e-03
5.888000000000000000e+03 2.093994999999999971e-03
5.894000000000000000e+03 2.094238999999999910e-03
5.900000000000000000e+03 2.194825000000000075e-03
5.906000000000000000e+03 2.169434000000000032e-03
5.912000000000000000e+03 2.229248000000000080e-03
5.918000000000000000e+03 2.256348000000000034e-03
5.923000000000000000e+03 2.104248999999999876e-03
5.929000000000000000e+03 2.133545000000000146e-03
5.935000000000000000e+03 2.042237000000000132e-03
5.941000000000000000e+03 2.069824999999999963e-03
5.947000000000000000e+03 2.133789999999999992e-03
5.952000000000000000e+03 2.025147000000000145e-03
5.958000000000000000e+03 2.228271999999999892e-03
5.964000000000000000e+03 2.038818999999999874e-03
5.970000000000000000e+03 2.238525999999999797e-03
5.976000000000000000e+03 2.218749999999999802e-03
5.981000000000000000e+03 2.137940000000000066e-03
5.987000000000000000e+03 2.314698000000000016e-03
5.993000000000000000e+03 2.112305000000000085e-03
5.999000000000000000e+03 2.228515999999999830e-03
6.000000000000000000e+03 2.164306999999999863e-03
