334.56	-541.34
334.56	-464.67
334.56	-360.66
334.56	-503.33
334.57	-388.00
334.57	-303.33
334.57	-234.00
334.57	-89.34
334.57	20.67
334.57	-126.67
334.57	156.67
334.57	3.33
334.58	-70.66
334.58	-319.34
334.58	-422.67
334.58	-153.33
334.58	-337.33
334.58	-107.33
334.58	101.33
334.58	-42.00
334.59	-132.00
334.59	40.67
334.59	221.33
334.59	236.00
334.59	-28.00
334.59	-261.34
334.59	-302.67
334.59	-108.66
334.59	-148.66
334.60	-285.33
334.60	-172.67
334.60	-280.66
334.60	-231.34
334.60	-117.33
334.60	-196.67
334.60	-84.00
334.60	68.67
334.61	-83.33
334.61	-385.33
334.61	-400.00
334.61	-92.00
334.61	-80.66
334.61	-158.66
334.61	-274.67
334.61	-309.34
334.61	62.00
334.62	-41.34
334.62	-133.33
334.62	-260.00
334.62	-206.67
334.62	-192.67
334.62	-87.33
334.62	-298.66
334.62	92.67
334.63	-110.00
334.63	-240.00
334.63	-2.00
334.63	-38.67
334.63	-2.67
334.63	72.67
334.63	-0.67
334.63	-204.67
334.64	-78.00
334.64	-133.33
334.64	-296.00
334.64	-144.00
334.64	46.67
334.64	-201.34
334.64	-217.33
334.64	-381.34
334.64	-126.67
334.65	124.00
334.65	-167.33
334.65	-166.67
334.65	-391.34
334.65	-168.66
334.65	-116.67
334.65	-232.00
334.65	-300.66
334.66	-160.66
334.66	-76.67
334.66	-161.34
334.66	-118.00
334.66	-185.33
334.66	-439.34
334.66	-310.66
334.66	-108.66
334.67	-169.34
334.67	-183.33
334.67	-339.34
334.67	-424.67
334.67	-226.00
334.67	-218.00
334.67	-300.00
334.67	-112.67
334.67	163.33
334.68	197.33
334.68	-153.33
334.68	-223.33
334.68	-580.00
334.68	-521.34
334.68	-204.67
334.68	-147.33
334.68	-342.67
334.69	-576.00
334.69	-198.00
334.69	30.00
334.69	17.33
334.69	-86.67
334.69	-254.00
334.69	-386.67
334.69	-326.67
334.69	-242.67
334.70	-462.67
334.70	-356.00
334.70	-254.67
334.70	-300.00
334.70	-343.33
334.70	-218.00
334.70	-90.00
334.70	-99.34
334.71	-217.33
334.71	-264.67
334.71	-592.00
334.71	-612.67
334.71	-62.00
334.71	-291.34
334.71	-190.00
334.71	-181.34
334.72	-408.00
334.72	-348.66
334.72	-318.00
334.72	-526.00
334.72	-585.33
334.72	-206.00
334.72	3.33
334.72	156.00
334.72	10.67
334.73	18.67
334.73	-52.67
334.73	-201.34
334.73	-135.33
334.73	44.00
334.73	-1.33
334.73	-267.33
334.73	-544.00
334.74	-316.67
334.74	-41.34
334.74	-210.66
334.74	-264.00
334.74	-180.00
334.74	-101.34
334.74	-160.00
334.74	-501.34
334.74	-218.00
334.75	-154.67
334.75	-138.66
334.75	-193.33
334.75	-44.67
334.75	-109.34
334.75	-134.00
334.75	-48.66
334.75	-46.67
334.76	54.67
334.76	-356.00
334.76	-319.34
334.76	-114.67
334.76	-292.67
334.76	-220.00
334.76	-200.66
334.76	-69.34
334.77	-282.00
334.77	-232.67
334.77	-95.33
334.77	119.33
334.77	-30.00
334.77	-6.67
334.77	12.00
334.77	-159.34
334.77	-618.00
334.78	-354.67
334.78	-112.67
334.78	-243.33
334.78	-203.33
334.78	-434.00
334.78	-394.67
334.78	-308.66
334.78	-303.33
334.79	-199.34
334.79	-240.00
334.79	-55.33
334.79	-121.34
334.79	-223.33
334.79	-152.67
334.79	-88.66
334.79	-98.66
334.79	-4.00
334.80	-95.33
334.80	-45.33
334.80	-36.67
334.80	-146.00
334.80	98.00
334.80	126.00
334.80	18.67
334.80	-227.33
334.81	-298.66
334.81	-293.33
334.81	30.67
334.81	-114.67
334.81	-193.33
334.81	-187.33
334.81	-157.33
334.81	-72.00
334.82	80.00
334.82	-106.67
334.82	-126.00
334.82	-303.33
334.82	-290.00
334.82	-154.67
334.82	-150.66
334.82	-160.00
334.82	-175.33
334.83	-20.67
334.83	-216.00
334.83	-343.33
334.83	-354.00
334.83	-402.67
334.83	-157.33
334.83	-288.66
334.83	-414.00
334.84	-316.67
334.84	-290.66
334.84	43.33
334.84	60.67
334.84	-242.00
334.84	-173.33
334.84	-33.33
334.84	-24.00
334.85	-172.00
334.85	-161.34
334.85	-306.00
334.85	-108.66
334.85	-107.33
334.85	-123.33
334.85	-101.34
334.85	-86.67
334.85	-410.00
334.86	-436.67
334.86	-312.67
334.86	-270.66
334.86	-184.67
334.86	-357.33
334.86	-408.00
334.86	-73.33
334.86	-290.66
334.87	-190.66
334.87	-108.66
334.87	-118.00
334.87	-84.00
334.87	-106.00
334.87	28.67
334.87	62.00
334.87	-37.33
334.87	-74.00
334.88	83.33
334.88	-195.33
334.88	-504.67
334.88	-359.34
334.88	-105.33
334.88	-234.67
334.88	-67.33
334.88	34.67
334.89	-96.00
334.89	-160.66
334.89	-249.34
334.89	-336.67
334.89	-340.00
334.89	-193.33
334.89	-238.66
334.89	-284.00
334.90	-132.00
334.90	-238.66
334.90	-127.33
334.90	56.67
334.90	-136.67
334.90	-322.67
334.90	-267.33
334.90	-108.66
334.90	-161.34
334.91	-20.00
334.91	120.67
334.91	147.33
334.91	-76.00
334.91	10.00
334.91	88.67
334.91	81.33
334.91	-48.66
334.92	-354.67
334.92	-547.33
334.92	-256.67
334.92	98.00
334.92	-106.00
334.92	-45.33
334.92	-188.66
334.92	-397.33
334.92	-591.34
334.93	-596.67
334.93	-389.34
334.93	-111.34
334.93	-107.33
334.93	-351.34
334.93	-412.00
334.93	-506.67
334.93	-596.00
334.94	-527.33
334.94	-376.67
334.94	-268.00
334.94	-200.66
334.94	-124.67
334.94	-149.34
334.94	-396.00
334.94	-408.00
334.95	-480.66
334.95	-697.33
334.95	-628.66
334.95	-441.34
334.95	-410.00
334.95	-310.00
334.95	4.67
334.95	-308.66
334.95	-358.00
334.96	-260.66
334.96	-369.34
334.96	-232.00
334.96	-314.67
334.96	-434.67
334.96	-317.33
334.96	-190.66
334.96	-168.66
334.97	-344.67
334.97	-320.66
334.97	-558.66
334.97	-393.33
334.97	-416.67
334.97	-70.66
334.97	-220.66
334.97	-160.00
334.98	-212.00
334.98	56.00
334.98	-133.33
334.98	-120.66
334.98	-80.66
334.98	-252.67
334.98	-368.00
334.98	-628.00
334.98	-722.67
334.99	-526.00
334.99	-360.66
334.99	-42.67
334.99	-198.00
334.99	-278.66
334.99	-442.67
334.99	-574.00
334.99	-276.00
335.00	-354.67
335.00	-244.00
335.00	-185.33
335.00	-229.34
335.00	-232.00
335.00	-427.33
335.00	-523.33
335.00	-634.00
335.00	-587.33
335.01	-330.66
335.01	-272.67
335.01	-264.00
335.01	-143.33
335.01	-76.67
335.01	-242.67
335.01	-80.66
335.01	159.33
335.02	40.00
335.02	-443.33
335.02	-625.33
335.02	-346.67
335.02	50.00
335.02	174.00
335.02	232.00
335.02	-89.34
335.03	-152.00
335.03	-277.33
335.03	-395.33
335.03	-38.67
335.03	191.33
335.03	7.33
335.03	-319.34
335.03	-324.67
335.03	-117.33
335.04	-81.34
335.04	-133.33
335.04	-179.34
335.04	-168.66
335.04	-165.33
335.04	-244.00
335.04	-518.00
335.04	-371.34
335.05	-386.67
335.05	-552.00
335.05	-294.00
335.05	-321.34
335.05	-419.34
335.05	-454.00
335.05	-321.34
335.05	-418.00
335.05	-537.33
335.06	-485.33
335.06	-160.66
335.06	47.33
335.06	-176.67
335.06	-307.33
335.06	-208.66
335.06	44.00
335.06	-310.00
335.07	-147.33
335.07	71.33
335.07	-238.66
335.07	-277.33
335.07	-314.00
335.07	-360.66
335.07	-451.34
335.07	-438.66
335.08	-175.33
335.08	-336.67
335.08	-238.66
335.08	-442.67
335.08	-801.34
335.08	-508.66
335.08	-509.34
335.08	-428.66
335.08	-388.00
335.09	-100.66
335.09	-3.33
335.09	-10.67
335.09	-254.67
335.09	-258.66
335.09	-314.67
335.09	-300.00
335.09	-144.00
335.10	-266.00
335.10	-326.67
335.10	-248.66
335.10	-388.66
335.10	-114.67
335.10	137.33
335.10	-18.00
335.10	-2.00
335.10	-30.67
335.11	92.67
335.11	-226.67
335.11	-356.00
335.11	-331.34
335.11	-564.67
335.11	-218.00
335.11	-353.33
335.11	-529.34
335.12	-338.00
335.12	-227.33
335.12	-437.33
335.12	-527.33
335.12	-210.00
335.12	-444.00
335.12	-149.34
335.12	-88.66
335.13	-228.00
335.13	-192.00
335.13	-344.00
335.13	-434.00
335.13	-366.00
335.13	-436.67
335.13	-69.34
335.13	75.33
335.13	26.67
335.14	-99.34
335.14	-148.66
335.14	-214.00
335.14	-176.67
335.14	207.33
335.14	-146.00
335.14	-538.00
335.14	-494.67
335.15	-466.67
335.15	-354.67
335.15	-604.00
335.15	-534.67
335.15	-490.00
335.15	-350.00
335.15	-106.00
335.15	-140.00
335.16	-71.34
335.16	-4.67
335.16	-331.34
335.16	-416.00
335.16	-244.67
335.16	-321.34
335.16	-516.00
335.16	-576.00
335.16	-305.33
335.17	-67.33
335.17	190.00
335.17	-10.00
335.17	-172.00
335.17	-336.67
335.17	-251.34
335.17	-320.00
335.17	-340.00
335.18	-464.00
335.18	-365.33
335.18	-62.00
335.18	264.00
335.18	171.33
335.18	105.33
335.18	32.00
335.18	-160.00
335.18	-277.33
335.19	-91.34
335.19	-294.00
335.19	-94.67
335.19	-224.00
335.19	-80.00
335.19	59.33
335.19	116.00
335.19	4.67
335.20	-230.00
335.20	-420.66
335.20	-232.67
335.20	-74.00
335.20	-384.00
335.20	-218.00
335.20	81.33
335.20	-33.33
335.21	-296.67
335.21	-392.67
335.21	-559.34
335.21	-594.00
335.21	-506.00
335.21	-317.33
335.21	-418.66
335.21	-540.00
335.21	-500.00
335.22	-712.67
335.22	-558.00
335.22	-400.00
335.22	-107.33
335.22	-32.00
335.22	40.00
335.22	200.00
335.22	-198.66
335.23	-189.34
335.23	-300.66
335.23	-470.00
335.23	-182.00
335.23	-231.34
335.23	-376.00
335.23	-136.67
335.23	-18.67
335.23	-288.00
335.24	-577.33
335.24	-513.33
335.24	-156.67
335.24	55.33
335.24	-46.00
335.24	-102.00
335.24	-16.67
335.24	60.67
335.25	169.33
335.25	85.33
335.25	-135.33
335.25	-122.67
335.25	-72.00
335.25	-156.67
335.25	-146.67
335.25	-161.34
335.26	-47.33
335.26	102.67
335.26	-76.67
335.26	-83.33
335.26	-445.33
335.26	-522.67
335.26	-455.33
335.26	-488.00
335.26	-223.33
335.27	-466.00
335.27	-536.67
335.27	-560.66
335.27	-460.00
335.27	-521.34
335.27	-156.00
335.27	-214.00
335.27	-147.33
335.28	-194.67
335.28	-195.33
335.28	-335.33
335.28	-34.00
335.28	382.00
335.28	222.67
335.28	216.00
335.28	46.00
335.29	-72.00
335.29	-338.00
335.29	-627.33
335.29	-465.33
335.29	-116.00
335.29	-188.66
335.29	-342.67
335.29	-237.33
335.29	-343.33
335.30	-550.66
335.30	-456.00
335.30	-527.33
335.30	-744.67
335.30	-674.00
335.30	-421.34
335.30	-124.67
335.30	-56.67
335.31	-80.00
335.31	-32.00
335.31	-25.33
335.31	-108.66
335.31	-156.67
335.31	-54.00
335.31	-268.00
335.31	-456.00
335.31	-480.66
335.32	-386.00
335.32	-308.66
335.32	-343.33
335.32	-359.34
335.32	-269.34
335.32	-192.00
335.32	-291.34
335.32	-206.67
335.33	-310.00
335.33	-469.34
335.33	-518.66
335.33	-456.67
335.33	-327.33
335.33	-279.34
335.33	-264.00
335.33	-276.67
335.34	-398.66
335.34	-200.66
335.34	-255.33
335.34	-75.33
335.34	20.00
335.34	-56.67
335.34	-222.00
335.34	-316.00
335.34	-450.00
335.35	-320.66
335.35	-234.00
335.35	-184.67
335.35	-88.66
335.35	154.00
335.35	16.00
335.35	-469.34
335.35	-450.66
335.36	-541.34
335.36	-665.33
335.36	-881.34
335.36	-413.33
335.36	-422.67
335.36	-281.34
335.36	-346.67
335.36	-260.66
335.36	-302.00
335.37	58.67
335.37	258.00
335.37	-46.00
335.37	-273.33
335.37	133.33
335.37	364.67
335.37	204.00
335.37	147.33
335.38	-124.67
335.38	-118.00
335.38	-66.00
335.38	62.00
335.38	195.33
335.38	-176.67
335.38	-110.66
335.38	-161.34
335.39	-456.67
335.39	-384.67
335.39	-368.66
335.39	-522.67
335.39	-349.34
335.39	-224.67
335.39	-202.00
335.39	0.67
335.39	-134.00
335.40	-373.33
335.40	-304.00
335.40	-434.00
335.40	-256.67
335.40	-340.00
335.40	-517.33
335.40	-573.33
335.40	-488.00
335.41	-440.00
335.41	-90.00
335.41	-302.67
335.41	-190.00
335.41	-238.00
335.41	-280.00
335.41	-471.34
335.41	-406.67
335.41	71.33
335.42	-79.34
335.42	-158.66
335.42	-151.34
335.42	128.00
335.42	-200.66
335.42	-474.67
335.42	-495.33
335.42	-106.67
335.43	-184.00
335.43	-177.33
335.43	4.00
335.43	69.33
335.43	153.33
335.43	61.33
335.43	-2.67
335.43	32.67
335.44	-188.00
335.44	-204.67
335.44	-88.66
335.44	-335.33
335.44	-281.34
335.44	-288.00
335.44	-187.33
335.44	-111.34
335.44	33.33
335.45	-34.00
335.45	-181.34
335.45	-371.34
335.45	-218.00
335.45	-366.00
335.45	-645.33
335.45	-470.00
335.45	-270.66
335.46	-315.33
335.46	-46.67
335.46	-27.33
335.46	-332.00
335.46	-422.67
335.46	-301.34
335.46	-334.00
335.46	-420.66
335.47	-166.00
335.47	-120.66
335.47	-72.67
335.47	-215.33
335.47	-236.67
335.47	-322.00
335.47	-243.33
335.47	-120.66
335.47	-174.00
335.48	-212.67
335.48	-240.66
335.48	-260.00
335.48	-149.34
335.48	-75.33
335.48	-259.34
335.48	-317.33
335.48	-428.00
335.49	-380.00
335.49	-230.66
335.49	-54.00
335.49	-2.00
335.49	-103.33
335.49	-237.33
335.49	-25.33
335.49	-74.00
335.49	-17.33
335.50	-153.33
335.50	-173.33
335.50	-226.00
335.50	-345.33
335.50	-180.00
335.50	-312.00
335.50	-315.33
335.50	-129.34
335.51	-530.66
335.51	-588.66
335.51	-441.34
335.51	-346.67
335.51	-278.00
335.51	-162.67
335.51	-306.67
335.51	-214.67
335.52	-161.34
335.52	-532.00
335.52	-515.33
335.52	-436.67
335.52	-209.34
335.52	-439.34
335.52	-347.33
335.52	-284.00
335.52	-98.00
335.53	-132.67
335.53	-146.00
335.53	-359.34
335.53	-429.34
335.53	-365.33
335.53	-234.00
335.53	-196.00
335.53	-368.00
335.54	-440.66
335.54	-399.34
335.54	-264.00
335.54	-316.00
335.54	-159.34
335.54	-340.66
335.54	-189.34
335.54	-28.67
335.54	18.00
335.55	-152.00
335.55	-257.33
335.55	-56.00
335.55	-157.33
335.55	-209.34
335.55	-308.00
335.55	-328.66
335.55	-112.67
335.56	-173.33
335.56	-34.00
335.56	-94.67
335.56	-48.00
335.56	-270.00
335.56	-300.00
335.56	-246.67
335.56	-489.34
335.57	-203.33
335.57	-426.67
335.57	-309.34
335.57	-84.67
335.57	26.67
335.57	-215.33
335.57	-535.33
335.57	-548.66
335.57	-177.33
335.58	157.33
335.58	-147.33
335.58	-167.33
335.58	-93.33
335.58	-186.67
335.58	32.00
335.58	37.33
335.58	-310.66
335.59	-281.34
335.59	-155.33
335.59	-341.34
335.59	-426.00
335.59	-264.67
335.59	-321.34
335.59	-350.66
335.59	-349.34
335.59	-257.33
335.60	-249.34
335.60	-12.67
335.60	-268.66
335.60	-246.00
335.60	-302.67
335.60	-202.67
335.60	-265.33
335.60	-396.67
335.61	-176.00
335.61	-56.00
335.61	-141.34
335.61	-143.33
335.61	-66.00
335.61	-90.66
335.61	-38.00
335.61	14.67
335.62	43.33
335.62	-100.66
335.62	-506.67
335.62	-621.34
335.62	-600.66
335.62	-63.33
335.62	-85.33
335.62	-179.34
335.62	-204.67
335.63	-374.00
335.63	-492.00
335.63	-424.67
335.63	-586.67
335.63	-450.66
335.63	-313.33
335.63	-456.00
335.63	-452.67
335.64	-308.00
335.64	-408.00
335.64	-585.33
335.64	-230.66
335.64	-52.00
335.64	-180.66
335.64	-196.00
335.64	-191.34
335.65	-331.34
335.65	-104.67
335.65	74.67
335.65	300.00
335.65	84.67
335.65	73.33
335.65	110.67
335.65	74.67
335.65	-12.00
335.66	-316.00
335.66	-328.66
335.66	-473.33
335.66	-288.66
335.66	-349.34
335.66	-166.67
335.66	-20.67
335.66	-353.33
335.67	-393.33
335.67	-350.66
335.67	-368.00
335.67	-188.00
335.67	-35.33
335.67	-1.33
335.67	-75.33
335.67	-217.33
335.67	-158.00
335.68	-247.33
335.68	-479.34
335.68	-230.00
335.68	-81.34
335.68	-218.66
335.68	-238.00
335.68	-200.00
335.68	-589.34
335.69	-289.34
335.69	-184.00
335.69	-146.67
335.69	-134.67
335.69	21.33
335.69	212.67
335.69	78.00
335.69	-51.34
335.70	-23.33
335.70	-185.33
335.70	-84.00
335.70	-17.33
335.70	53.33
335.70	-160.66
335.70	-188.00
335.70	31.33
335.70	-7.33
335.71	-194.67
335.71	-332.00
335.71	-236.67
335.71	-324.00
335.71	-346.67
335.71	-78.66
335.71	-218.00
335.71	-162.00
335.72	-242.00
335.72	-262.67
335.72	-334.67
335.72	-288.00
335.72	-203.33
335.72	-344.00
335.72	-378.00
335.72	-88.66
335.72	-127.33
335.73	-270.00
335.73	-105.33
335.73	-282.67
335.73	-282.00
335.73	80.67
335.73	217.33
335.73	120.00
335.73	-96.67
335.74	-163.33
335.74	-278.00
335.74	-239.34
335.74	-122.67
335.74	-96.00
335.74	-287.33
335.74	-344.67
335.74	-376.00
335.75	-519.34
335.75	-240.00
335.75	-374.00
335.75	-508.66
335.75	-160.66
335.75	25.33
335.75	-301.34
335.75	-342.00
335.75	-461.34
335.76	-549.34
335.76	-275.33
335.76	-164.00
335.76	-26.00
335.76	-54.67
335.76	-76.00
335.76	-207.33
335.76	-78.00
335.77	-131.34
335.77	106.00
335.77	60.67
335.77	-260.66
335.77	-175.33
335.77	-187.33
335.77	-204.00
335.77	-450.66
335.77	-261.34
335.78	-342.67
335.78	-199.34
335.78	-172.67
335.78	-172.00
335.78	-234.67
335.78	-168.66
335.78	-224.67
335.78	-106.67
335.79	-95.33
335.79	-440.00
335.79	-405.33
335.79	-142.67
335.79	-43.33
335.79	-128.66
335.79	-50.66
335.79	-146.67
335.80	-319.34
335.80	-404.00
335.80	-246.00
335.80	-166.67
335.80	43.33
335.80	-235.33
335.80	-152.67
335.80	-132.00
335.80	-140.00
335.81	-364.00
335.81	-200.00
335.81	-300.00
335.81	-352.00
335.81	-472.00
335.81	-453.33
335.81	-322.67
335.81	-210.66
335.82	-184.67
335.82	-154.67
335.82	-366.00
335.82	-60.00
335.82	-194.67
335.82	42.00
335.82	-146.67
335.82	-290.66
335.83	-234.67
335.83	179.33
335.83	5.33
335.83	-28.67
335.83	-20.67
335.83	260.67
335.83	18.00
335.83	-94.00
335.83	-269.34
335.84	-140.00
335.84	-210.00
335.84	-244.67
335.84	-219.34
335.84	-429.34
335.84	-582.00
335.84	-344.67
335.84	-524.67
335.85	-186.00
335.85	-60.66
335.85	62.67
335.85	-88.00
335.85	-439.34
335.85	-537.33
335.85	-394.67
335.85	-404.00
335.85	-223.33
335.86	-293.33
335.86	-192.67
335.86	-203.33
335.86	-196.00
335.86	-88.66
335.86	-57.33
335.86	46.00
335.86	52.67
335.87	-26.00
335.87	-175.33
335.87	-210.66
335.87	-84.00
335.87	48.00
335.87	142.00
335.87	-3.33
335.87	-215.33
335.88	-404.67
335.88	-462.67
335.88	-355.33
335.88	-102.00
335.88	90.67
335.88	-24.67
335.88	-8.67
335.88	-192.00
335.88	58.67
335.89	-141.34
335.89	-208.00
335.89	-210.00
335.89	-97.33
335.89	200.67
335.89	-134.67
335.89	-92.67
335.89	-218.66
335.90	92.67
335.90	150.67
335.90	174.67
335.90	291.33
335.90	93.33
335.90	-108.66
335.90	-161.34
335.90	-206.00
335.90	-388.00
335.91	-332.67
335.91	-272.00
335.91	8.67
335.91	148.00
335.91	62.00
335.91	-90.66
335.91	4.00
335.91	-39.33
335.92	30.00
335.92	-125.33
335.92	-210.00
335.92	40.67
335.92	217.33
335.92	261.33
335.92	53.33
335.92	-66.00
335.93	-234.67
335.93	-25.33
335.93	-130.00
335.93	-447.33
335.93	-320.66
335.93	-368.66
335.93	-474.67
335.93	-228.66
335.93	-256.67
335.94	-51.34
335.94	262.00
335.94	156.67
335.94	-259.34
335.94	-122.00
335.94	-177.33
335.94	-320.66
335.94	-647.33
335.95	-542.00
335.95	-190.66
335.95	40.67
335.95	-23.33
335.95	-117.33
335.95	-204.67
335.95	-81.34
335.95	-66.00
335.96	-208.00
335.96	-293.33
335.96	-29.33
335.96	-127.33
335.96	-116.67
335.96	-48.00
335.96	58.67
335.96	-62.00
335.96	-190.00
335.97	-208.00
335.97	-247.33
335.97	-236.67
335.97	-200.00
335.97	-496.67
335.97	-352.67
335.97	-380.00
335.97	-50.66
335.98	-203.33
335.98	-271.34
335.98	-278.00
335.98	-260.00
335.98	-276.00
335.98	-167.33
335.98	-184.67
335.98	30.67
335.98	-212.00
335.99	-364.00
335.99	14.67
335.99	-16.00
335.99	-25.33
335.99	-85.33
335.99	-66.67
335.99	-66.67
335.99	-64.00
336.00	-355.33
336.00	-639.34
336.00	-683.33
336.00	-370.66
336.00	-251.34
336.00	-326.67
336.00	-340.66
336.00	-335.33
336.01	-383.33
336.01	-484.67
336.01	-416.00
336.01	-510.00
336.01	-244.00
336.01	131.33
336.01	-248.00
336.01	-380.00
336.01	-416.00
336.02	-442.67
336.02	-128.66
336.02	79.33
336.02	-150.66
336.02	-287.33
336.02	-109.34
336.02	-28.67
336.02	-155.33
336.03	113.33
336.03	121.33
336.03	190.00
336.03	-70.66
336.03	-270.00
336.03	-80.00
336.03	123.33
336.03	57.33
336.03	-13.33
336.04	-89.34
336.04	-223.33
336.04	-542.00
336.04	-258.00
336.04	-255.33
336.04	-445.33
336.04	-128.00
336.04	-6.00
336.05	-570.66
336.05	-292.00
336.05	-90.00
336.05	26.67
336.05	-55.33
336.05	-94.00
336.05	-290.00
336.05	-22.67
336.06	13.33
336.06	-195.33
336.06	-199.34
336.06	-155.33
336.06	-137.33
336.06	-149.34
336.06	-89.34
336.06	-109.34
336.06	-184.00
336.07	-64.67
336.07	-10.67
336.07	-119.34
336.07	-152.67
336.07	-358.66
336.07	-389.34
336.07	-490.66
336.07	-360.00
336.08	-345.33
336.08	-474.00
336.08	-286.00
336.08	-328.66
336.08	-405.33
336.08	-364.00
336.08	-412.00
336.08	-292.00
336.08	34.00
336.09	-84.00
336.09	-60.66
336.09	-49.34
336.09	-246.67
336.09	-54.00
336.09	-326.00
336.09	-77.33
336.09	90.00
336.10	130.00
336.10	3.33
336.10	-166.00
336.10	-441.34
336.10	-156.67
336.10	-161.34
336.10	-110.00
336.10	-233.33
336.11	-314.00
336.11	-323.33
336.11	-382.00
336.11	-473.33
336.11	-222.00
336.11	-90.00
336.11	-96.00
336.11	-142.00
336.11	-62.00
336.12	-116.67
336.12	-110.66
336.12	-6.00
336.12	-73.33
336.12	-36.00
336.12	95.33
336.12	138.00
336.12	172.00
336.13	196.67
336.13	-33.33
336.13	-110.66
336.13	-138.00
336.13	-164.67
336.13	-99.34
336.13	-77.33
336.13	-184.00
336.14	-68.00
336.14	6.00
336.14	140.67
336.14	84.67
336.14	-228.00
336.14	-113.33
336.14	158.00
336.14	72.00
336.14	8.67
336.15	-86.67
336.15	-154.67
336.15	-180.66
336.15	-164.67
336.15	-63.33
336.15	-54.67
336.15	-122.00
336.15	-54.67
336.16	-394.67
336.16	-6.00
336.16	-142.67
336.16	-761.34
336.16	-538.66
336.16	-286.00
336.16	-304.00
336.16	-184.67
336.16	130.67
336.17	155.33
336.17	32.00
336.17	76.00
336.17	28.67
336.17	-359.34
336.17	-333.33
336.17	-174.00
336.17	-328.00
336.18	-86.67
336.18	-206.67
336.18	-242.00
336.18	-14.67
336.18	-56.67
336.18	-200.66
336.18	-280.66
336.18	-93.33
336.19	126.67
336.19	282.67
336.19	22.00
336.19	146.00
336.19	348.00
336.19	272.67
336.19	109.33
336.19	-181.34
336.19	-213.33
336.20	33.33
336.20	532.67
336.20	408.67
336.20	64.67
336.20	-153.33
336.20	-299.34
336.20	-166.00
336.20	-56.00
336.21	147.33
336.21	69.33
336.21	143.33
336.21	2.00
336.21	-80.00
336.21	-48.00
336.21	-210.00
336.21	-376.67
336.21	-438.66
336.22	-332.00
336.22	-336.67
336.22	-104.00
336.22	-329.34
336.22	-420.66
336.22	-526.67
336.22	-176.67
336.22	86.67
336.23	20.67
336.23	-284.67
336.23	-215.33
336.23	-370.00
336.23	-280.00
336.23	-114.67
336.23	50.67
336.23	-229.34
336.24	37.33
336.24	-10.00
336.24	-168.66
336.24	-228.66
336.24	-250.66
336.24	-122.67
336.24	80.67
336.24	-124.00
336.24	-181.34
336.25	-152.67
336.25	-186.00
336.25	-275.33
336.25	-60.66
336.25	-201.34
336.25	-148.66
336.25	-206.67
336.25	-162.00
336.26	-110.00
336.26	-250.66
336.26	-316.00
336.26	-497.33
336.26	-328.66
336.26	-156.67
336.26	-166.00
336.26	-229.34
336.27	-350.00
336.27	-86.00
336.27	29.33
336.27	-77.33
336.27	-254.67
336.27	-202.67
336.27	-254.67
336.27	-282.00
336.27	-124.00
336.28	-309.34
336.28	-238.66
336.28	-192.00
336.28	-629.34
336.28	-728.00
336.28	-183.33
336.28	-148.00
336.28	-282.67
336.29	-332.00
336.29	-40.66
336.29	-72.00
336.29	-306.00
336.29	-0.67
336.29	10.00
336.29	0.00
336.29	10.67
336.29	-2.67
336.30	37.33
336.30	116.67
336.30	75.33
336.30	-68.66
336.30	-22.67
336.30	-52.67
336.30	-131.34
336.30	70.00
336.31	180.00
336.31	182.00
336.31	186.00
336.31	-192.67
336.31	-188.66
336.31	94.00
336.31	-16.67
336.31	-285.33
336.32	-536.67
336.32	-268.00
336.32	-6.67
336.32	-140.00
336.32	47.33
336.32	-54.67
336.32	-214.67
336.32	-208.66
336.32	-134.67
336.33	-150.66
336.33	-138.66
336.33	2.67
336.33	-178.66
336.33	-292.67
336.33	-178.00
336.33	76.67
336.33	-56.00
336.34	-244.67
336.34	-104.00
336.34	-144.67
336.34	-220.00
336.34	-568.66
336.34	-196.67
336.34	-146.00
336.34	-126.00
336.34	34.00
336.35	-122.67
336.35	4.67
336.35	-158.66
336.35	-350.00
336.35	-417.33
336.35	-228.66
336.35	-199.34
336.35	-336.67
336.36	-92.00
336.36	-110.66
336.36	-414.67
336.36	-70.66
336.36	-88.00
336.36	-98.00
336.36	-252.67
336.36	-241.34
336.37	-315.33
336.37	-336.67
336.37	-56.67
336.37	-192.00
336.37	-290.66
336.37	-118.66
336.37	6.67
336.37	-70.66
336.37	-172.67
336.38	-497.33
336.38	-434.00
336.38	-368.66
336.38	-209.34
336.38	-143.33
336.38	34.00
336.38	-29.33
336.38	56.00
336.39	20.67
336.39	-124.00
336.39	-83.33
336.39	-12.67
336.39	-162.67
336.39	-222.00
336.39	-279.34
336.39	-280.66
336.39	172.67
336.40	35.33
336.40	-464.67
336.40	-376.67
336.40	-214.00
336.40	32.67
336.40	199.33
336.40	100.00
336.40	201.33
336.41	332.00
336.41	207.33
336.41	165.33
336.41	-16.67
336.41	-196.67
336.41	-128.66
336.41	-142.67
336.41	-192.00
336.42	-378.66
336.42	-44.67
336.42	-16.00
336.42	215.33
336.42	322.00
336.42	222.67
336.42	182.00
336.42	87.33
336.42	-322.00
336.43	-166.00
336.43	-140.00
336.43	-265.33
336.43	-60.66
336.43	74.67
336.43	-143.33
336.43	-285.33
336.43	-162.00
336.44	-36.67
336.44	14.00
336.44	77.33
336.44	18.67
336.44	110.67
336.44	141.33
336.44	318.67
336.44	282.00
336.45	-38.67
336.45	-234.67
336.45	-432.00
336.45	-414.00
336.45	76.00
336.45	-96.67
336.45	-41.34
336.45	-430.66
336.45	-358.00
336.46	-310.66
336.46	-417.33
336.46	-288.66
336.46	-216.00
336.46	141.33
336.46	-44.67
336.46	-191.34
336.46	-138.66
336.47	256.00
336.47	323.33
336.47	178.00
336.47	57.33
336.47	69.33
336.47	-36.00
336.47	-112.00
336.47	-144.00
336.47	-82.67
336.48	-15.33
336.48	206.67
336.48	92.67
336.48	-55.33
336.48	-83.33
336.48	-162.00
336.48	-221.34
336.48	-529.34
336.49	-205.33
336.49	-220.00
336.49	-296.67
336.49	26.00
336.49	-108.66
336.49	114.00
336.49	47.33
336.49	113.33
336.50	-108.66
336.50	-74.00
336.50	-63.33
336.50	18.00
336.50	138.00
336.50	-70.00
336.50	-76.00
336.50	72.67
336.50	86.67
336.51	-23.33
336.51	46.67
336.51	-40.00
336.51	-78.66
336.51	8.67
336.51	162.00
336.51	-132.67
336.51	-31.33
336.52	-112.00
336.52	2.67
336.52	-245.33
336.52	-101.34
336.52	-226.67
336.52	-288.66
336.52	-428.00
336.52	-136.67
336.52	138.00
336.53	321.33
336.53	240.67
336.53	56.00
336.53	-7.33
336.53	-125.33
336.53	218.67
336.53	-20.00
336.53	261.33
336.54	152.00
336.54	20.67
336.54	117.33
336.54	31.33
336.54	81.33
336.54	160.67
336.54	-20.67
336.54	-109.34
336.55	-24.67
336.55	-119.34
336.55	-62.00
336.55	8.00
336.55	139.33
336.55	-1.33
336.55	-134.00
336.55	-214.67
336.55	-55.33
336.56	198.00
336.56	176.67
336.56	-15.33
336.56	-133.33
336.56	185.33
336.56	125.33
336.56	290.67
336.56	417.33
336.57	375.33
336.57	76.00
336.57	103.33
336.57	129.33
336.57	135.33
336.57	196.67
336.57	-70.66
336.57	173.33
336.57	-132.00
336.58	37.33
336.58	24.00
336.58	195.33
336.58	218.00
336.58	130.67
336.58	-162.00
336.58	-84.67
336.58	4.67
336.59	59.33
336.59	8.00
336.59	309.33
336.59	366.67
336.59	-178.00
336.59	-237.33
336.59	202.00
336.59	252.67
336.60	159.33
336.60	116.00
336.60	250.00
336.60	391.33
336.60	244.67
336.60	91.33
336.60	413.33
336.60	346.67
336.60	56.67
336.61	62.00
336.61	226.00
336.61	108.67
336.61	166.00
336.61	28.00
336.61	106.00
336.61	26.67
336.61	-54.00
336.62	130.00
336.62	271.33
336.62	380.67
336.62	539.33
336.62	560.00
336.62	288.00
336.62	165.33
336.62	247.33
336.63	316.00
336.63	200.67
336.63	196.00
336.63	-132.00
336.63	-121.34
336.63	-169.34
336.63	-133.33
336.63	257.33
336.63	508.00
336.64	470.67
336.64	483.33
336.64	348.67
336.64	235.33
336.64	184.00
336.64	-11.33
336.64	48.00
336.64	-85.33
336.65	-256.00
336.65	-113.33
336.65	122.00
336.65	212.00
336.65	475.33
336.65	424.67
336.65	280.00
336.65	144.67
336.65	158.00
336.66	-70.00
336.66	-44.67
336.66	211.33
336.66	400.67
336.66	352.67
336.66	140.67
336.66	-24.67
336.66	111.33
336.67	307.33
336.67	456.00
336.67	425.33
336.67	480.67
336.67	442.67
336.67	374.00
336.67	286.67
336.67	252.67
336.68	232.67
336.68	428.00
336.68	146.00
336.68	197.33
336.68	308.67
336.68	200.67
336.68	171.33
336.68	437.33
336.68	694.67
336.69	618.00
336.69	631.33
336.69	411.33
336.69	321.33
336.69	284.00
336.69	503.33
336.69	408.00
336.69	531.33
336.70	148.00
336.70	-32.00
336.70	39.33
336.70	-130.66
336.70	265.33
336.70	414.00
336.70	430.67
336.70	360.67
336.70	376.00
336.71	419.33
336.71	372.67
336.71	364.67
336.71	80.00
336.71	-94.00
336.71	388.67
336.71	506.67
336.71	680.67
336.72	352.67
336.72	308.00
336.72	271.33
336.72	528.67
336.72	261.33
336.72	68.00
336.72	18.00
336.72	175.33
336.73	389.33
336.73	259.33
336.73	200.00
336.73	442.67
336.73	629.33
336.73	569.33
336.73	432.67
336.73	602.00
336.73	534.00
336.74	101.33
336.74	236.00
336.74	552.00
336.74	692.67
336.74	670.00
336.74	463.33
336.74	538.67
336.74	460.00
336.75	307.33
336.75	338.67
336.75	283.33
336.75	348.67
336.75	448.67
336.75	373.33
336.75	729.33
336.75	530.00
336.76	603.33
336.76	361.33
336.76	292.00
336.76	64.67
336.76	243.33
336.76	643.33
336.76	816.67
336.76	903.33
336.76	696.67
336.77	479.33
336.77	600.67
336.77	461.33
336.77	321.33
336.77	274.67
336.77	428.67
336.77	352.67
336.77	482.00
336.78	376.67
336.78	414.67
336.78	336.00
336.78	389.33
336.78	321.33
336.78	332.00
336.78	357.33
336.78	486.67
336.78	623.33
336.79	640.67
336.79	486.00
336.79	208.00
336.79	266.00
336.79	260.67
336.79	306.67
336.79	491.33
336.79	450.00
336.80	691.33
336.80	792.00
336.80	548.67
336.80	542.67
336.80	418.00
336.80	105.33
336.80	110.00
336.80	166.67
336.81	662.00
336.81	560.67
336.81	605.33
336.81	730.00
336.81	539.33
336.81	612.00
336.81	726.67
336.81	723.33
336.81	494.00
336.82	434.67
336.82	397.33
336.82	278.67
336.82	514.67
336.82	530.00
336.82	753.33
336.82	900.00
336.82	834.67
336.83	761.33
336.83	553.33
336.83	610.67
336.83	887.33
336.83	874.00
336.83	608.67
336.83	514.67
336.83	426.67
336.83	594.67
336.84	512.67
336.84	617.33
336.84	645.33
336.84	725.33
336.84	715.33
336.84	776.00
336.84	764.67
336.84	944.67
336.85	1020.00
336.85	858.00
336.85	1057.33
336.85	995.33
336.85	691.33
336.85	512.67
336.85	602.67
336.85	836.00
336.86	872.67
336.86	603.33
336.86	530.67
336.86	752.67
336.86	830.67
336.86	804.67
336.86	1021.33
336.86	474.67
336.86	481.33
336.87	710.67
336.87	1204.00
336.87	919.33
336.87	651.33
336.87	824.67
336.87	654.00
336.87	740.67
336.87	565.33
336.88	505.33
336.88	488.00
336.88	339.33
336.88	319.33
336.88	350.67
336.88	609.33
336.88	765.33
336.88	936.00
336.88	1122.00
336.89	878.67
336.89	686.00
336.89	593.33
336.89	732.67
336.89	857.33
336.89	892.67
336.89	648.67
336.89	893.33
336.90	980.00
336.90	962.00
336.90	1078.00
336.90	702.67
336.90	721.33
336.90	795.33
336.90	927.33
336.90	1232.67
336.91	1328.00
336.91	1307.33
336.91	1208.00
336.91	969.33
336.91	730.67
336.91	752.67
336.91	816.00
336.91	518.67
336.91	892.00
336.92	855.33
336.92	889.33
336.92	594.00
336.92	633.33
336.92	735.33
336.92	1038.00
336.92	1055.33
336.92	1047.33
336.93	888.67
336.93	1160.67
336.93	1132.67
336.93	942.00
336.93	967.33
336.93	843.33
336.93	864.00
336.93	948.00
336.94	846.67
336.94	912.00
336.94	988.00
336.94	920.00
336.94	776.00
336.94	790.00
336.94	785.33
336.94	804.67
336.94	615.33
336.95	798.67
336.95	915.33
336.95	671.33
336.95	653.33
336.95	881.33
336.95	998.00
336.95	1292.00
336.95	993.33
336.96	734.00
336.96	470.67
336.96	493.33
336.96	642.67
336.96	614.00
336.96	598.67
336.96	822.67
336.96	478.67
336.96	564.67
336.97	848.67
336.97	846.00
336.97	768.67
336.97	720.00
336.97	707.33
336.97	861.33
336.97	952.67
336.97	988.00
336.98	1050.00
336.98	722.00
336.98	754.67
336.98	705.33
336.98	677.33
336.98	945.33
336.98	886.00
336.98	709.33
336.99	636.67
336.99	736.00
336.99	378.00
336.99	186.67
336.99	308.67
336.99	303.33
336.99	589.33
336.99	489.33
336.99	424.67
337.00	728.00
337.00	652.00
337.00	632.00
337.00	796.00
337.00	938.67
337.00	816.00
337.00	850.00
337.00	695.33
337.01	387.33
337.01	316.00
337.01	520.67
337.01	634.67
337.01	824.00
337.01	814.67
337.01	926.00
337.01	661.33
337.01	582.67
337.02	690.00
337.02	552.00
337.02	608.67
337.02	660.67
337.02	930.67
337.02	771.33
337.02	870.00
337.02	855.33
337.03	897.33
337.03	646.00
337.03	788.67
337.03	988.00
337.03	766.00
337.03	907.33
337.03	622.00
337.03	874.00
337.04	962.67
337.04	816.00
337.04	525.33
337.04	804.67
337.04	925.33
337.04	514.00
337.04	172.00
337.04	409.33
337.04	373.33
337.05	425.33
337.05	638.00
337.05	710.67
337.05	527.33
337.05	463.33
337.05	331.33
337.05	210.00
337.05	514.67
337.06	612.00
337.06	662.00
337.06	641.33
337.06	530.00
337.06	1082.67
337.06	731.33
337.06	662.67
337.06	389.33
337.07	730.00
337.07	903.33
337.07	634.00
337.07	509.33
337.07	434.00
337.07	447.33
337.07	418.00
337.07	346.67
337.07	230.00
337.08	104.67
337.08	242.67
337.08	529.33
337.08	340.67
337.08	527.33
337.08	972.67
337.08	946.00
337.08	833.33
337.09	556.00
337.09	646.67
337.09	766.00
337.09	388.67
337.09	290.67
337.09	485.33
337.09	399.33
337.09	550.67
337.09	478.67
337.10	704.00
337.10	536.67
337.10	560.00
337.10	482.00
337.10	467.33
337.10	454.00
337.10	548.67
337.10	566.00
337.11	319.33
337.11	266.00
337.11	306.67
337.11	167.33
337.11	334.67
337.11	499.33
337.11	353.33
337.11	450.00
337.12	433.33
337.12	473.33
337.12	617.33
337.12	524.00
337.12	329.33
337.12	249.33
337.12	381.33
337.12	484.00
337.12	652.00
337.13	706.67
337.13	560.00
337.13	480.67
337.13	628.67
337.13	420.00
337.13	280.00
337.13	305.33
337.13	450.67
337.14	320.00
337.14	131.33
337.14	215.33
337.14	453.33
337.14	492.67
337.14	530.00
337.14	434.00
337.14	208.67
337.14	250.67
337.15	315.33
337.15	276.67
337.15	358.67
337.15	465.33
337.15	322.67
337.15	136.67
337.15	442.00
337.15	394.00
337.16	346.00
337.16	300.67
337.16	234.67
337.16	237.33
337.16	202.67
337.16	91.33
337.16	-149.34
337.16	-50.66
337.17	-283.33
337.17	-92.00
337.17	-12.00
337.17	-29.33
337.17	118.67
337.17	74.67
337.17	165.33
337.17	32.00
337.17	62.00
337.18	205.33
337.18	101.33
337.18	178.67
337.18	58.67
337.18	33.33
337.18	-277.33
337.18	-254.00
337.18	-198.66
337.19	-149.34
337.19	56.00
337.19	50.00
337.19	-73.33
337.19	-34.67
337.19	74.00
337.19	-148.66
337.19	-305.33
337.19	-242.00
337.20	-38.67
337.20	-184.67
337.20	-122.67
337.20	27.33
337.20	-10.67
337.20	-55.33
337.20	-251.34
337.20	-234.67
337.21	-94.00
337.21	-185.33
337.21	-263.33
337.21	-51.34
337.21	-54.00
337.21	-36.67
337.21	-2.00
337.21	12.67
337.22	-236.00
337.22	-307.33
337.22	-526.67
337.22	-550.66
337.22	-441.34
337.22	-188.66
337.22	-237.33
337.22	-118.66
337.22	-102.00
337.23	-64.00
337.23	-4.00
337.23	-191.34
337.23	-43.33
337.23	-314.00
337.23	-355.33
337.23	-231.34
337.23	27.33
337.24	191.33
337.24	-72.67
337.24	-178.66
337.24	-351.34
337.24	-406.00
337.24	-84.67
337.24	-44.00
337.24	-87.33
337.25	-282.00
337.25	-334.67
337.25	-224.67
337.25	-289.34
337.25	-386.00
337.25	-314.00
337.25	-141.34
337.25	-46.67
337.25	34.00
337.26	-228.66
337.26	-264.67
337.26	-304.67
337.26	-388.00
337.26	-447.33
337.26	-394.67
337.26	-508.66
337.26	-528.00
337.27	-668.66
337.27	-284.67
337.27	-163.33
337.27	-252.00
337.27	-320.00
337.27	-273.33
337.27	-164.67
337.27	-416.00
337.27	-275.33
337.28	-344.67
337.28	-581.34
337.28	-634.00
337.28	-496.00
337.28	-456.67
337.28	-538.00
337.28	-420.00
337.28	-324.67
337.29	-396.00
337.29	-346.67
337.29	-388.66
337.29	-339.34
337.29	-349.34
337.29	-378.00
337.29	-456.00
337.29	-757.33
337.30	-461.34
337.30	-586.67
337.30	-675.33
337.30	-585.33
337.30	-469.34
337.30	-299.34
337.30	-300.00
337.30	-246.00
337.30	-660.66
337.31	-609.34
337.31	-411.34
337.31	-220.00
337.31	-298.00
337.31	-648.66
337.31	-686.67
337.31	-600.00
337.31	-588.66
337.32	-464.00
337.32	-699.34
337.32	-206.00
337.32	-272.00
337.32	-394.00
337.32	-195.33
337.32	-250.00
337.32	-402.67
337.32	-564.67
337.33	-401.34
337.33	-338.66
337.33	-307.33
337.33	-541.34
337.33	-595.33
337.33	-556.00
337.33	-697.33
337.33	-344.67
337.34	-55.33
337.34	-46.00
337.34	-77.33
337.34	24.67
337.34	-194.00
337.34	-210.00
337.34	-393.33
337.34	-485.33
337.35	-623.33
337.35	-546.67
337.35	44.00
337.35	215.33
337.35	-52.00
337.35	-305.33
337.35	-725.33
337.35	-485.33
337.35	-647.33
337.36	-624.00
337.36	-479.34
337.36	-442.67
337.36	-340.66
337.36	-436.00
337.36	-372.67
337.36	-59.34
337.36	-229.34
337.37	-331.34
337.37	-179.34
337.37	-388.66
337.37	-292.67
337.37	-326.67
337.37	-299.34
337.37	-336.00
337.37	-168.66
337.38	-166.67
337.38	111.33
337.38	-2.67
337.38	-368.66
337.38	-411.34
337.38	-324.67
337.38	-508.66
337.38	-720.66
337.38	-540.66
337.39	-514.00
337.39	-694.00
337.39	-1048.66
337.39	-872.00
337.39	-605.33
337.39	-353.33
337.39	-477.33
337.39	-638.66
337.40	-438.66
337.40	-316.67
337.40	-304.67
337.40	-220.66
337.40	-252.00
337.40	-316.00
337.40	-199.34
337.40	-162.00
337.40	-282.67
337.41	-276.00
337.41	-163.33
337.41	-342.00
337.41	-438.00
337.41	-440.00
337.41	-54.00
337.41	68.00
337.41	177.33
337.42	50.00
337.42	-74.67
337.42	-260.00
337.42	-386.67
337.42	-33.33
337.42	48.00
337.42	-152.67
337.42	73.33
337.43	46.00
337.43	60.67
337.43	-198.66
337.43	-126.67
337.43	-300.00
337.43	-209.34
337.43	-31.33
337.43	-22.00
337.43	46.67
337.44	-110.00
337.44	-78.66
337.44	-224.00
337.44	-380.00
337.44	-320.66
337.44	-437.33
337.44	-318.00
337.44	-212.00
337.45	-184.00
337.45	-120.66
337.45	-238.00
337.45	-306.67
337.45	-400.00
337.45	-258.00
337.45	-55.33
337.45	-32.67
337.45	-40.66
337.46	-385.33
337.46	-337.33
337.46	-336.67
337.46	-459.34
337.46	-384.67
337.46	-254.67
337.46	-211.34
337.46	-72.00
337.47	-48.00
337.47	28.67
337.47	7.33
337.47	-212.67
337.47	-329.34
337.47	-122.00
337.47	-188.66
337.47	-496.00
337.48	-72.00
337.48	-298.66
337.48	-366.67
337.48	-256.00
337.48	-270.00
337.48	-320.66
337.48	-341.34
337.48	-190.00
337.48	-204.67
337.49	-217.33
337.49	-174.00
337.49	-105.33
337.49	-34.67
337.49	39.33
337.49	-62.00
337.49	-42.00
337.49	88.00
337.50	106.00
337.50	-158.00
337.50	-223.33
337.50	-196.67
337.50	-484.67
337.50	-167.33
337.50	-56.00
337.50	-80.00
337.50	-280.00
337.51	-280.00
337.51	-154.67
337.51	47.33
337.51	-77.33
337.51	-114.00
337.51	120.67
337.51	-88.00
337.51	165.33
337.52	14.67
337.52	-228.66
337.52	-390.66
337.52	-413.33
337.52	-246.00
337.52	-108.00
337.52	-260.66
337.52	-384.00
337.53	-254.67
337.53	16.00
337.53	-74.67
337.53	-254.67
337.53	-331.34
337.53	-327.33
337.53	-337.33
337.53	-98.00
337.53	-7.33
337.54	104.00
337.54	-92.67
337.54	-197.33
337.54	-67.33
337.54	72.00
337.54	148.00
337.54	-354.67
337.54	-457.33
337.55	12.67
337.55	-65.33
337.55	18.00
337.55	40.67
337.55	55.33
337.55	9.33
337.55	196.00
337.55	186.67
337.56	292.67
337.56	239.33
337.56	165.33
337.56	189.33
337.56	119.33
337.56	368.67
337.56	161.33
337.56	101.33
337.56	-77.33
337.57	-382.67
337.57	-290.00
337.57	-81.34
337.57	169.33
337.57	122.67
337.57	-11.33
337.57	45.33
337.57	173.33
337.58	259.33
337.58	69.33
337.58	32.67
337.58	122.00
337.58	80.67
337.58	-182.00
337.58	-331.34
337.58	-27.33
337.58	-72.67
337.59	-174.00
337.59	24.00
337.59	236.67
337.59	148.67
337.59	414.00
337.59	-27.33
337.59	-102.00
337.59	-286.67
337.60	-273.33
337.60	-14.67
337.60	219.33
337.60	424.00
337.60	177.33
337.60	-8.00
337.60	-77.33
337.60	-182.00
337.61	-335.33
337.61	-156.00
337.61	-180.66
337.61	-258.00
337.61	-265.33
337.61	-150.66
337.61	-119.34
337.61	163.33
337.61	312.67
337.62	176.67
337.62	-138.00
337.62	-345.33
337.62	-70.00
337.62	8.00
337.62	51.33
337.62	180.67
337.62	-85.33
337.63	-107.33
337.63	104.67
337.63	64.00
337.63	7.33
337.63	11.33
337.63	2.67
337.63	-29.33
337.63	-46.00
337.63	-343.33
337.64	-40.00
337.64	-336.00
337.64	-458.00
337.64	-412.00
337.64	-429.34
337.64	-257.33
337.64	-250.66
337.64	-233.33
337.65	-175.33
337.65	-148.00
337.65	-188.00
337.65	-10.67
337.65	10.67
337.65	-46.67
337.65	73.33
337.65	-68.00
337.66	146.67
337.66	-16.67
337.66	-12.67
337.66	-47.33
337.66	-280.66
337.66	-278.00
337.66	-170.00
337.66	-166.00
337.66	-0.67
337.67	15.33
337.67	38.67
337.67	168.67
337.67	-153.33
337.67	-273.33
337.67	-150.66
337.67	-236.67
337.67	-18.67
337.68	-356.67
337.68	-202.00
337.68	-400.00
337.68	-100.66
337.68	-210.66
337.68	-260.00
337.68	-256.67
337.68	-493.33
337.68	-356.67
337.69	-244.00
337.69	-316.67
337.69	-124.67
337.69	-220.00
337.69	-34.00
337.69	-290.66
337.69	-84.67
337.69	-34.67
337.70	-116.00
337.70	-210.00
337.70	-138.66
337.70	-248.00
337.70	-376.00
337.70	-147.33
337.70	-258.00
337.70	-396.00
337.71	-240.00
337.71	-61.34
337.71	-442.67
337.71	-338.66
337.71	-332.00
337.71	-360.66
337.71	-150.00
337.71	-4.67
337.71	-202.00
337.72	-324.00
337.72	-302.67
337.72	-327.33
337.72	-510.00
337.72	-358.00
337.72	-84.00
337.72	-124.00
337.72	-322.00
337.73	-87.33
337.73	-287.33
337.73	-373.33
337.73	-292.67
337.73	-422.67
337.73	-378.66
337.73	-324.67
337.73	-445.33
337.74	-422.67
337.74	-748.66
337.74	-910.00
337.74	-697.33
337.74	-509.34
337.74	-260.00
337.74	-281.34
337.74	-420.00
337.74	-233.33
337.75	-360.66
337.75	-492.00
337.75	-611.34
337.75	-673.33
337.75	-684.67
337.75	-649.34
337.75	-530.66
337.75	-178.00
337.76	-235.33
337.76	-379.34
337.76	-284.67
337.76	-439.34
337.76	-567.33
337.76	-440.66
337.76	-276.00
337.76	-360.00
337.76	-526.00
337.77	-700.00
337.77	-676.67
337.77	-546.67
337.77	-685.33
337.77	-856.67
337.77	-747.33
337.77	-466.00
337.77	-372.67
337.78	-611.34
337.78	-682.00
337.78	-459.34
337.78	-276.00
337.78	-480.00
337.78	-800.00
337.78	-957.33
337.78	-769.34
337.79	-881.34
337.79	-960.66
337.79	-692.67
337.79	-864.67
337.79	-808.00
337.79	-793.33
337.79	-701.34
337.79	-610.66
337.79	-649.34
337.80	-806.00
337.80	-934.67
337.80	-817.33
337.80	-590.00
337.80	-878.00
337.80	-1007.33
337.80	-970.00
337.80	-954.67
337.81	-1069.34
337.81	-875.33
337.81	-692.67
337.81	-389.34
337.81	-417.33
337.81	-300.66
337.81	-576.00
337.81	-870.00
337.81	-712.00
337.82	-560.66
337.82	-635.33
337.82	-672.67
337.82	-794.67
337.82	-894.67
337.82	-868.00
337.82	-646.00
337.82	-881.34
337.83	-1120.66
337.83	-912.67
337.83	-890.00
337.83	-882.00
337.83	-1013.33
337.83	-1123.33
337.83	-1121.34
337.83	-988.66
337.84	-725.33
337.84	-842.67
337.84	-811.34
337.84	-877.33
337.84	-968.00
337.84	-1324.67
337.84	-1149.34
337.84	-1099.34
337.84	-1129.34
337.85	-938.00
337.85	-715.33
337.85	-852.67
337.85	-941.34
337.85	-986.67
337.85	-1096.00
337.85	-1234.00
337.85	-1333.33
337.86	-1395.33
337.86	-1197.33
337.86	-1045.33
337.86	-1024.00
337.86	-930.66
337.86	-1058.66
337.86	-1015.33
337.86	-1014.67
337.86	-1328.00
337.87	-1452.67
337.87	-1293.33
337.87	-1396.00
337.87	-1228.66
337.87	-1011.34
337.87	-1000.00
337.87	-928.00
337.87	-1095.33
337.88	-858.00
337.88	-970.00
337.88	-1232.67
337.88	-1332.67
337.88	-1378.00
337.88	-1356.00
337.88	-1252.67
337.88	-1127.33
337.89	-1044.00
337.89	-882.00
337.89	-980.66
337.89	-1248.66
337.89	-1178.66
337.89	-1221.34
337.89	-1072.67
337.89	-1232.67
337.89	-1167.33
337.90	-971.34
337.90	-858.66
337.90	-622.67
337.90	-887.33
337.90	-951.34
337.90	-658.66
337.90	-909.34
337.90	-1211.34
337.91	-1226.67
337.91	-1194.67
337.91	-1388.00
337.91	-1301.34
337.91	-1258.66
337.91	-1284.00
337.91	-1256.67
337.91	-1539.34
337.92	-1720.00
337.92	-1546.00
337.92	-1496.67
337.92	-1270.66
337.92	-1346.00
337.92	-1248.00
337.92	-1302.67
337.92	-1370.00
337.92	-1272.00
337.93	-1566.00
337.93	-1264.67
337.93	-1194.67
337.93	-1132.67
337.93	-1056.00
337.93	-1027.33
337.93	-1208.00
337.93	-1312.00
337.94	-1078.66
337.94	-1016.67
337.94	-1314.67
337.94	-1033.33
337.94	-1270.00
337.94	-1367.33
337.94	-992.00
337.94	-983.33
337.94	-1103.33
337.95	-993.33
337.95	-1155.33
337.95	-1203.33
337.95	-1508.00
337.95	-1352.00
337.95	-1330.66
337.95	-1098.00
337.95	-1282.67
337.96	-1414.00
337.96	-1336.00
337.96	-1560.66
337.96	-1312.00
337.96	-1048.00
337.96	-1082.67
337.96	-961.34
337.96	-1051.34
337.97	-1162.00
337.97	-1206.00
337.97	-1118.66
337.97	-1285.33
337.97	-1468.00
337.97	-1336.00
337.97	-1466.67
337.97	-1238.00
337.97	-1149.34
337.98	-1200.00
337.98	-1014.67
337.98	-999.34
337.98	-958.66
337.98	-1110.00
337.98	-1122.00
337.98	-1086.00
337.98	-1068.66
337.99	-1121.34
337.99	-825.33
337.99	-1055.33
337.99	-1453.33
337.99	-1275.33
337.99	-940.00
337.99	-1107.33
337.99	-1282.67
337.99	-1478.66
338.00	-1405.33
338.00	-1539.34
338.00	-1256.67
338.00	-1354.67
338.00	-1090.66
338.00	-887.33
338.00	-1016.67
338.00	-1110.66
338.01	-1257.33
338.01	-1145.33
338.01	-1154.67
338.01	-1382.00
338.01	-1360.00
338.01	-1340.66
338.01	-1233.33
338.01	-1039.34
338.02	-1265.33
338.02	-1235.33
338.02	-1094.00
338.02	-1391.34
338.02	-1334.67
338.02	-1329.34
338.02	-899.34
338.02	-1056.00
338.02	-1154.00
338.03	-1324.67
338.03	-1374.00
338.03	-1254.67
338.03	-1132.67
338.03	-1137.33
338.03	-1116.67
338.03	-1270.66
338.03	-1360.66
338.04	-1562.67
338.04	-1502.67
338.04	-1338.00
338.04	-1281.34
338.04	-1296.67
338.04	-1070.66
338.04	-960.00
338.04	-1068.00
338.05	-1179.34
338.05	-1080.00
338.05	-991.34
338.05	-997.33
338.05	-1176.67
338.05	-1394.67
338.05	-1161.34
338.05	-852.67
338.05	-750.00
338.06	-890.66
338.06	-1010.00
338.06	-1050.00
338.06	-1206.67
338.06	-1227.33
338.06	-902.00
338.06	-1203.33
338.06	-1059.34
338.07	-1390.00
338.07	-1579.34
338.07	-1308.66
338.07	-1184.67
338.07	-1177.33
338.07	-1370.66
338.07	-1160.66
338.07	-1136.00
338.07	-1265.33
338.08	-1208.00
338.08	-1012.67
338.08	-1156.67
338.08	-1268.00
338.08	-1031.34
338.08	-1159.34
338.08	-1063.33
338.08	-1227.33
338.09	-1086.00
338.09	-964.67
338.09	-760.00
338.09	-1004.67
338.09	-1181.34
338.09	-906.00
338.09	-806.00
338.09	-1008.66
338.10	-1199.34
338.10	-1105.33
338.10	-968.00
338.10	-884.67
338.10	-503.33
338.10	-847.33
338.10	-1001.34
338.10	-1478.66
338.10	-1402.67
338.11	-1150.00
338.11	-1094.67
338.11	-1284.67
338.11	-1044.00
338.11	-1078.66
338.11	-794.00
338.11	-1174.67
338.11	-1372.00
338.12	-1286.67
338.12	-1162.00
338.12	-1148.66
338.12	-772.67
338.12	-396.00
338.12	-493.33
338.12	-880.66
338.12	-1005.33
338.12	-695.33
338.13	-660.00
338.13	-754.00
338.13	-1022.67
338.13	-1028.66
338.13	-884.00
338.13	-782.67
338.13	-642.67
338.13	-654.67
338.14	-920.66
338.14	-856.00
338.14	-736.67
338.14	-892.00
338.14	-933.33
338.14	-1081.34
338.14	-1119.34
338.14	-1072.00
338.15	-1050.66
338.15	-887.33
338.15	-655.33
338.15	-629.34
338.15	-780.00
338.15	-550.66
338.15	-750.66
338.15	-865.33
338.15	-747.33
338.16	-714.67
338.16	-951.34
338.16	-1057.33
338.16	-1118.66
338.16	-869.34
338.16	-1008.66
338.16	-1172.67
338.16	-827.33
338.17	-630.00
338.17	-668.66
338.17	-774.67
338.17	-705.33
338.17	-586.67
338.17	-603.33
338.17	-572.67
338.17	-542.00
338.17	-814.00
338.18	-878.66
338.18	-999.34
338.18	-861.34
338.18	-817.33
338.18	-796.00
338.18	-1036.67
338.18	-846.00
338.18	-1062.00
338.19	-817.33
338.19	-629.34
338.19	-618.66
338.19	-589.34
338.19	-621.34
338.19	-610.00
338.19	-712.67
338.19	-340.66
338.20	-559.34
338.20	-912.67
338.20	-493.33
338.20	-590.00
338.20	-964.67
338.20	-918.66
338.20	-809.34
338.20	-1009.34
338.20	-850.00
338.21	-582.67
338.21	-564.00
338.21	-341.34
338.21	-422.67
338.21	-720.00
338.21	-864.67
338.21	-772.00
338.21	-714.67
338.22	-726.67
338.22	-702.67
338.22	-668.00
338.22	-773.33
338.22	-848.00
338.22	-702.67
338.22	-834.00
338.22	-911.34
338.23	-850.66
338.23	-1124.67
338.23	-850.00
338.23	-1014.67
338.23	-824.00
338.23	-972.67
338.23	-894.67
338.23	-837.33
338.23	-756.00
338.24	-614.00
338.24	-633.33
338.24	-466.00
338.24	-680.00
338.24	-844.00
338.24	-634.00
338.24	-552.67
338.24	-583.33
338.25	-686.00
338.25	-778.66
338.25	-914.67
338.25	-558.66
338.25	-710.00
338.25	-474.67
338.25	-592.00
338.25	-335.33
338.25	-391.34
338.26	-660.00
338.26	-788.66
338.26	-597.33
338.26	-496.00
338.26	-620.00
338.26	-792.00
338.26	-752.00
338.26	-868.00
338.27	-982.67
338.27	-911.34
338.27	-570.00
338.27	-434.00
338.27	-712.00
338.27	-950.66
338.27	-924.00
338.27	-1176.00
338.28	-1056.00
338.28	-710.00
338.28	-608.00
338.28	-518.66
338.28	-775.33
338.28	-1050.00
338.28	-888.66
338.28	-940.00
338.28	-864.67
338.29	-580.66
338.29	-486.00
338.29	-582.67
338.29	-792.67
338.29	-644.67
338.29	-520.66
338.29	-550.66
338.29	-394.00
338.30	-316.67
338.30	-306.67
338.30	-552.67
338.30	-646.67
338.30	-576.67
338.30	-680.00
338.30	-518.00
338.30	-409.34
338.30	-691.34
338.31	-780.66
338.31	-610.66
338.31	-592.67
338.31	-907.33
338.31	-816.67
338.31	-734.67
338.31	-645.33
338.31	-563.33
338.32	-452.67
338.32	-682.67
338.32	-529.34
338.32	-646.00
338.32	-682.00
338.32	-774.00
338.32	-458.66
338.32	-564.67
338.33	-143.33
338.33	-201.34
338.33	-414.67
338.33	-650.66
338.33	-662.67
338.33	-548.66
338.33	-582.00
338.33	-744.67
338.33	-730.00
338.34	-614.67
338.34	-914.00
338.34	-1046.00
338.34	-923.33
338.34	-747.33
338.34	-424.67
338.34	-304.67
338.34	-476.67
338.35	-542.00
338.35	-520.00
338.35	-247.33
338.35	-239.34
338.35	-512.00
338.35	-340.00
338.35	-374.67
338.35	-696.00
338.36	-351.34
338.36	-508.00
338.36	-302.67
338.36	-354.67
338.36	-648.66
338.36	-676.67
338.36	-578.66
338.36	-558.66
338.36	-698.66
338.37	-625.33
338.37	-508.00
338.37	-599.34
338.37	-740.00
338.37	-618.66
338.37	-353.33
338.37	-453.33
338.37	-464.67
338.38	-448.66
338.38	-418.00
338.38	-725.33
338.38	-646.67
338.38	-449.34
338.38	-468.66
338.38	-328.00
338.38	-382.67
338.38	-612.67
338.39	-638.00
338.39	-688.00
338.39	-505.33
338.39	-600.00
338.39	-398.00
338.39	-602.67
338.39	-552.00
338.39	-596.67
338.40	-546.67
338.40	-387.33
338.40	-346.67
338.40	-362.00
338.40	-534.00
338.40	-898.66
338.40	-890.00
338.40	-531.34
338.41	-560.66
338.41	-524.00
338.41	-518.66
338.41	-576.00
338.41	-591.34
338.41	-596.67
338.41	-500.66
338.41	-554.00
338.41	-476.00
338.42	-517.33
338.42	-532.67
338.42	-712.67
338.42	-581.34
338.42	-468.66
338.42	-307.33
338.42	-444.67
338.42	-652.67
338.43	-891.34
338.43	-776.00
338.43	-543.33
338.43	-393.33
338.43	-426.67
338.43	-498.00
338.43	-390.66
338.43	-366.00
338.43	-716.67
338.44	-917.33
338.44	-641.34
338.44	-443.33
338.44	-367.33
338.44	-506.67
338.44	-506.67
338.44	-692.67
338.44	-336.00
338.45	-73.33
338.45	-80.66
338.45	-84.00
338.45	-318.00
338.45	-347.33
338.45	-373.33
338.45	-82.67
338.45	-288.66
338.46	-419.34
338.46	-207.33
338.46	-364.00
338.46	-496.00
338.46	-443.33
338.46	-250.00
338.46	-252.67
338.46	-201.34
338.46	-496.00
338.47	-570.66
338.47	-420.66
338.47	-458.66
338.47	-366.00
338.47	-254.67
338.47	-647.33
338.47	-696.67
338.47	-241.34
338.48	-201.34
338.48	-707.33
338.48	-634.67
338.48	-514.00
338.48	-462.67
338.48	-468.66
338.48	-516.67
338.48	-674.67
338.48	-829.34
338.49	-360.66
338.49	-365.33
338.49	-478.66
338.49	-691.34
338.49	-624.00
338.49	-219.34
338.49	-89.34
338.49	-151.34
338.50	-287.33
338.50	-342.00
338.50	-250.00
338.50	-492.00
338.50	-494.67
338.50	-424.67
338.50	-518.66
338.50	-424.67
338.51	-394.67
338.51	-464.67
338.51	-542.67
338.51	-612.00
338.51	-454.67
338.51	-100.66
338.51	-237.33
338.51	-516.67
338.51	-476.67
338.52	-353.33
338.52	-467.33
338.52	-488.00
338.52	-112.00
338.52	-177.33
338.52	-374.67
338.52	-484.67
338.52	-296.67
338.53	-156.00
338.53	-540.66
338.53	-652.00
338.53	-445.33
338.53	-338.66
338.53	-89.34
338.53	-400.00
338.53	-561.34
338.54	-508.66
338.54	-489.34
338.54	-340.00
338.54	-271.34
338.54	-225.33
338.54	-274.00
338.54	-315.33
338.54	-298.00
338.54	-363.33
338.55	-277.33
338.55	-434.00
338.55	-699.34
338.55	-571.34
338.55	-515.33
338.55	-268.00
338.55	-536.00
338.55	-446.00
338.56	-718.00
338.56	-958.00
338.56	-866.00
338.56	-556.67
338.56	-507.33
338.56	-604.67
338.56	-671.34
338.56	-811.34
338.56	-902.67
338.57	-562.00
338.57	-354.00
338.57	-444.67
338.57	-694.00
338.57	-633.33
338.57	-652.67
338.57	-322.00
338.57	-270.66
338.58	-520.00
338.58	-633.33
338.58	-488.00
338.58	-452.67
338.58	-227.33
338.58	-388.00
338.58	-189.34
338.58	-276.67
338.59	-160.66
338.59	-120.00
338.59	51.33
338.59	-210.66
338.59	-362.67
338.59	-484.00
338.59	-573.33
338.59	-528.66
338.59	-498.00
338.60	-440.66
338.60	-195.33
338.60	-306.00
338.60	-628.00
338.60	-676.67
338.60	-570.66
338.60	-701.34
338.60	-460.66
338.61	-320.00
338.61	-326.00
338.61	-243.33
338.61	-274.67
338.61	-316.67
338.61	-447.33
338.61	-417.33
338.61	-354.00
338.61	-439.34
338.62	-134.00
338.62	10.00
338.62	-227.33
338.62	-499.34
338.62	-460.00
338.62	-666.00
338.62	-728.66
338.62	-320.00
338.63	-482.67
338.63	-649.34
338.63	-162.67
338.63	-451.34
338.63	-601.34
338.63	-384.67
338.63	-222.00
338.63	-364.67
338.64	-455.33
338.64	-568.00
338.64	-713.33
338.64	-420.00
338.64	-222.67
338.64	-354.67
338.64	-458.66
338.64	-497.33
338.64	-272.00
338.65	7.33
338.65	-71.34
338.65	-19.33
338.65	-263.33
338.65	-544.67
338.65	-309.34
338.65	-170.66
338.65	-82.00
338.66	-134.00
338.66	-186.67
338.66	-285.33
338.66	-300.66
338.66	-304.00
338.66	-311.34
338.66	-172.67
338.66	-27.33
338.66	-302.00
338.67	-339.34
338.67	-389.34
338.67	-142.67
338.67	-18.67
338.67	-323.33
338.67	-370.66
338.67	-355.33
338.67	-398.00
338.68	-413.33
338.68	-470.00
338.68	-959.34
338.68	-565.33
338.68	-203.33
338.68	-306.00
338.68	-217.33
338.68	-100.00
338.69	-314.00
338.69	-87.33
338.69	-190.00
338.69	-334.00
338.69	-472.67
338.69	-362.00
338.69	-444.00
338.69	-387.33
338.69	-420.66
338.70	-473.33
338.70	-782.67
338.70	-382.00
338.70	-403.33
338.70	-608.66
338.70	-638.66
338.70	-281.34
338.70	-180.66
338.71	-361.34
338.71	-336.00
338.71	-338.00
338.71	-581.34
338.71	-552.67
338.71	-671.34
338.71	-356.00
338.71	-330.00
338.72	-484.67
338.72	-524.67
338.72	-123.33
338.72	-121.34
338.72	-318.00
338.72	-344.67
338.72	-266.00
338.72	-113.33
338.72	-146.67
338.73	-135.33
338.73	-159.34
338.73	-235.33
338.73	-160.00
338.73	88.00
338.73	-295.33
338.73	-344.67
338.73	-218.00
338.74	-279.34
338.74	-301.34
338.74	-313.33
338.74	-242.67
338.74	-212.67
338.74	-346.67
338.74	-412.00
338.74	-200.00
338.74	-116.00
338.75	-328.00
338.75	-243.33
338.75	-34.00
338.75	-160.00
338.75	-398.00
338.75	-462.67
338.75	-352.00
338.75	-302.00
338.76	-424.67
338.76	-280.66
338.76	63.33
338.76	-11.33
338.76	-246.67
338.76	-141.34
338.76	-500.00
338.76	-478.66
338.77	-470.00
338.77	-228.66
338.77	-370.66
338.77	-380.66
338.77	-582.67
338.77	-458.66
338.77	-364.67
338.77	-531.34
338.77	-74.00
338.78	-121.34
338.78	-319.34
338.78	-438.66
338.78	-316.67
338.78	-266.67
338.78	-218.00
338.78	-279.34
338.78	-564.67
338.79	-484.00
338.79	-386.00
338.79	-561.34
338.79	-430.66
338.79	-644.00
338.79	-552.00
338.79	-474.00
338.79	-408.00
338.79	-418.66
338.80	-542.00
338.80	-744.00
338.80	-676.67
338.80	-405.33
338.80	-378.66
338.80	-320.00
338.80	-215.33
338.80	-446.00
338.81	-659.34
338.81	-508.66
338.81	-285.33
338.81	-368.66
338.81	-246.00
338.81	-148.66
338.81	-194.67
338.81	-516.67
338.82	-575.33
338.82	-384.67
338.82	-150.66
338.82	-96.00
338.82	92.00
338.82	43.33
338.82	-198.00
338.82	-338.00
338.82	-580.00
338.83	-479.34
338.83	-232.67
338.83	-279.34
338.83	-99.34
338.83	-185.33
338.83	-516.00
338.83	-679.34
338.83	-554.67
338.84	-432.67
338.84	-458.66
338.84	-634.67
338.84	-458.00
338.84	-405.33
338.84	-559.34
338.84	-416.00
338.84	-239.34
338.85	-236.00
338.85	-290.66
338.85	-300.00
338.85	-74.67
338.85	94.00
338.85	-103.33
338.85	22.00
338.85	-240.66
338.85	-252.67
338.86	-126.67
338.86	76.67
338.86	-77.33
338.86	-120.00
338.86	-469.34
338.86	-392.67
338.86	-288.66
338.86	-288.66
338.87	-346.00
338.87	-374.67
338.87	-196.67
338.87	-313.33
338.87	-326.00
338.87	-300.66
338.87	-205.33
338.87	-333.33
338.87	-187.33
338.88	-293.33
338.88	-182.00
338.88	-82.67
338.88	93.33
338.88	-161.34
338.88	-322.67
338.88	-155.33
338.88	-441.34
338.89	-194.00
338.89	-87.33
338.89	-76.67
338.89	4.67
338.89	-486.00
338.89	-270.66
338.89	-214.67
338.89	-367.33
338.90	-344.67
338.90	-143.33
338.90	-356.00
338.90	-296.67
338.90	-459.34
338.90	-364.00
338.90	-426.00
338.90	-492.67
338.90	-341.34
338.91	-298.00
338.91	-392.00
338.91	-451.34
338.91	-470.00
338.91	-461.34
338.91	-406.00
338.91	-531.34
338.91	-153.33
338.92	-257.33
338.92	-186.67
338.92	-228.00
338.92	-287.33
338.92	-286.67
338.92	-224.00
338.92	-290.66
338.92	-348.00
338.92	-429.34
338.93	-374.67
338.93	-405.33
338.93	-287.33
338.93	61.33
338.93	-150.00
338.93	-466.67
338.93	-396.00
338.93	-326.00
338.94	-423.33
338.94	-401.34
338.94	-369.34
338.94	-492.67
338.94	-554.00
338.94	-566.00
338.94	-358.66
338.94	-629.34
338.95	-634.67
338.95	-539.34
338.95	-430.00
338.95	-162.00
338.95	-250.66
338.95	-188.00
338.95	-309.34
338.95	-256.00
338.95	-365.33
338.96	-532.00
338.96	-412.00
338.96	-370.66
338.96	-464.00
338.96	-310.00
338.96	-123.33
338.96	-216.00
338.96	-173.33
338.97	-57.33
338.97	-15.33
338.97	138.67
338.97	3.33
338.97	-149.34
338.97	-215.33
338.97	-76.00
338.97	-73.33
338.97	-14.67
338.98	2.67
338.98	-487.33
338.98	-611.34
338.98	-437.33
338.98	-352.67
338.98	-118.66
338.98	156.00
338.98	46.00
338.99	-218.66
338.99	-366.67
338.99	-201.34
338.99	-284.00
338.99	-328.00
338.99	-56.00
338.99	69.33
338.99	-6.00
339.00	-162.67
339.00	-224.67
339.00	-70.00
339.00	63.33
339.00	41.33
339.00	-33.33
339.00	-172.67
339.00	-262.67
339.00	-125.33
339.01	-326.67
339.01	-441.34
339.01	-402.00
339.01	-422.00
339.01	-420.66
339.01	-439.34
339.01	-358.66
339.01	-451.34
339.02	-183.33
339.02	-4.00
339.02	-71.34
339.02	166.00
339.02	-144.00
339.02	-42.00
339.02	-62.67
339.02	89.33
339.03	106.00
339.03	-56.00
339.03	-14.67
339.03	-358.66
339.03	-383.33
339.03	-138.66
339.03	-112.00
339.03	-105.33
339.03	-73.33
339.04	-225.33
339.04	-158.66
339.04	-334.67
339.04	-411.34
339.04	-360.00
339.04	-466.00
339.04	-397.33
339.04	-484.67
339.05	-766.00
339.05	-400.00
339.05	-194.67
339.05	-438.66
339.05	-572.67
339.05	-386.67
339.05	-597.33
339.05	-234.00
339.05	-128.00
339.06	-248.66
339.06	-392.00
339.06	-104.67
339.06	-61.34
339.06	-71.34
339.06	-32.67
339.06	-198.66
339.06	-138.00
339.07	5.33
339.07	-17.33
339.07	-56.67
339.07	-85.33
339.07	-196.67
339.07	-410.00
339.07	-411.34
339.07	-156.00
339.08	-156.00
339.08	-134.00
339.08	-135.33
339.08	-146.00
339.08	-328.00
339.08	-231.34
339.08	-23.33
339.08	18.67
339.08	-259.34
339.09	-318.00
339.09	-610.00
339.09	-610.00
339.09	-141.34
339.09	-52.67
339.09	-274.67
339.09	-260.66
339.09	-175.33
339.10	-84.00
339.10	-110.66
339.10	-114.00
339.10	-182.00
339.10	-139.34
339.10	-18.67
339.10	-76.00
339.10	-438.00
339.10	-160.00
339.11	-272.00
339.11	-403.33
339.11	-202.00
339.11	-415.33
339.11	-129.34
339.11	-202.67
339.11	-260.66
339.11	-251.34
339.12	-186.00
339.12	34.67
339.12	-157.33
339.12	-213.33
339.12	-162.00
339.12	-211.34
339.12	-384.00
339.12	-360.66
339.13	-130.66
339.13	-131.34
339.13	-320.00
339.13	-249.34
339.13	-452.67
339.13	-608.00
339.13	-490.66
339.13	-46.67
339.13	9.33
339.14	170.00
339.14	-124.67
339.14	-430.66
339.14	-350.66
339.14	-146.67
339.14	-337.33
339.14	-596.67
339.14	-480.00
339.15	-882.00
339.15	-672.67
339.15	-404.67
339.15	-441.34
339.15	-474.00
339.15	-134.00
339.15	-292.67
339.15	-414.67
339.15	-477.33
339.16	-356.00
339.16	-178.00
339.16	-440.00
339.16	-338.00
339.16	-290.66
339.16	-360.00
339.16	-490.00
339.16	-287.33
339.17	-196.67
339.17	-322.00
339.17	-259.34
339.17	-495.33
339.17	-384.00
339.17	-404.00
339.17	-486.67
339.17	-307.33
339.18	-104.67
339.18	-290.00
339.18	-377.33
339.18	-244.00
339.18	-2.00
339.18	76.67
339.18	-38.67
339.18	-302.67
339.18	-84.67
339.19	-380.66
339.19	-409.34
339.19	-486.00
339.19	-419.34
339.19	-327.33
339.19	-283.33
339.19	-268.00
339.19	-254.67
339.20	-277.33
339.20	-134.00
339.20	-189.34
339.20	-328.00
339.20	-730.66
339.20	-665.33
339.20	-702.00
339.20	-236.00
339.21	-45.33
339.21	68.00
339.21	-304.00
339.21	-356.00
339.21	-320.00
339.21	-225.33
339.21	-396.67
339.21	-236.67
339.21	40.00
339.22	-92.67
339.22	-43.33
339.22	-297.33
339.22	-268.00
339.22	116.00
339.22	117.33
339.22	-128.66
339.22	-64.00
339.23	34.00
339.23	181.33
339.23	-230.00
339.23	-139.34
339.23	-186.00
339.23	-278.00
339.23	-328.00
339.23	-280.00
339.23	-356.67
339.24	-413.33
339.24	-242.00
339.24	-124.00
339.24	-209.34
339.24	-344.00
339.24	-30.00
339.24	-266.67
339.24	-319.34
339.25	-190.00
339.25	-84.00
339.25	-241.34
339.25	-227.33
339.25	-124.67
339.25	-356.67
339.25	-266.00
339.25	-229.34
339.26	-208.00
339.26	-162.67
339.26	32.00
339.26	-108.66
339.26	-38.67
339.26	85.33
339.26	-126.00
339.26	-286.67
339.26	-462.00
339.27	-143.33
339.27	-190.66
339.27	-266.00
339.27	-370.00
339.27	-368.00
339.27	-428.66
339.27	-552.00
339.27	-397.33
339.28	-198.66
339.28	-223.33
339.28	10.00
339.28	-26.67
339.28	-16.67
339.28	-276.00
339.28	-397.33
339.28	-226.00
339.28	-136.00
339.29	58.67
339.29	10.00
339.29	-382.00
339.29	-556.00
339.29	-274.00
339.29	-398.00
339.29	-257.33
339.29	-296.67
339.30	-93.33
339.30	-233.33
339.30	-694.00
339.30	-652.67
339.30	-554.67
339.30	-596.67
339.30	-516.67
339.30	-305.33
339.31	-304.00
339.31	-294.67
339.31	-463.33
339.31	-232.67
339.31	-297.33
339.31	-310.00
339.31	-192.00
339.31	-264.00
339.31	-526.67
339.32	-428.00
339.32	4.67
339.32	-170.66
339.32	-379.34
339.32	-248.66
339.32	-312.00
339.32	-531.34
339.32	-221.34
339.33	-276.00
339.33	-380.00
339.33	-302.00
339.33	-658.00
339.33	-582.00
339.33	-320.00
339.33	-323.33
339.33	-91.34
339.34	108.00
339.34	234.00
339.34	-64.00
339.34	-330.66
339.34	-230.00
339.34	-560.66
339.34	-944.67
339.34	-721.34
339.34	-386.00
339.35	-208.00
339.35	-342.67
339.35	-436.67
339.35	-416.00
339.35	-407.33
339.35	-516.00
339.35	-406.00
339.35	-0.67
339.36	291.33
339.36	-19.33
339.36	-267.33
339.36	-416.00
339.36	-364.67
339.36	-285.33
339.36	-343.33
339.36	-253.33
339.36	-226.00
339.37	-228.66
339.37	-391.34
339.37	-408.00
339.37	-624.00
339.37	-325.33
339.37	-309.34
339.37	-318.00
339.37	-330.00
339.38	-253.33
339.38	-104.00
339.38	-338.00
339.38	27.33
339.38	21.33
339.38	-141.34
339.38	-226.67
339.38	-163.33
339.39	-114.00
339.39	-166.00
339.39	-205.33
339.39	-50.66
339.39	125.33
339.39	-33.33
339.39	-150.66
339.39	-342.00
339.39	-187.33
339.40	-60.66
339.40	-136.67
339.40	-301.34
339.40	-350.66
339.40	-386.00
339.40	-349.34
339.40	-486.00
339.40	-512.67
339.41	-452.67
339.41	-388.00
339.41	-165.33
339.41	-258.66
339.41	-149.34
339.41	60.67
339.41	-240.66
339.41	-204.00
339.41	-271.34
339.42	-138.00
339.42	-262.00
339.42	-268.00
339.42	-402.67
339.42	-343.33
339.42	-320.66
339.42	-462.67
339.42	-162.00
339.43	-242.67
339.43	-148.00
339.43	-40.00
339.43	-142.00
339.43	-115.33
339.43	-222.67
339.43	-176.00
339.43	-98.00
339.44	-224.00
339.44	-405.33
339.44	-408.66
339.44	-248.66
339.44	-247.33
339.44	-258.66
339.44	-235.33
339.44	-324.67
