334.56	-274.00
334.56	-200.66
334.56	-251.34
334.56	-292.67
334.57	-260.66
334.57	-144.67
334.57	-179.34
334.57	-271.34
334.57	-211.34
334.57	-219.34
334.57	-312.67
334.57	-325.33
334.58	-160.66
334.58	-204.67
334.58	-272.67
334.58	-206.67
334.58	-134.67
334.58	-209.34
334.58	-279.34
334.58	-248.66
334.59	-291.34
334.59	-224.00
334.59	-256.00
334.59	-200.66
334.59	-202.00
334.59	-241.34
334.59	-194.67
334.59	-228.66
334.59	-195.33
334.60	-143.33
334.60	-259.34
334.60	-246.67
334.60	-202.00
334.60	-186.67
334.60	-318.00
334.60	-332.67
334.60	-304.00
334.61	-396.00
334.61	-387.33
334.61	-288.66
334.61	-377.33
334.61	-370.66
334.61	-296.00
334.61	-202.00
334.61	-146.00
334.61	-171.34
334.62	-180.00
334.62	-205.33
334.62	-123.33
334.62	-194.00
334.62	-238.66
334.62	-223.33
334.62	-269.34
334.62	-306.00
334.63	-212.67
334.63	-229.34
334.63	-347.33
334.63	-344.00
334.63	-362.00
334.63	-290.66
334.63	-380.00
334.63	-322.67
334.64	-237.33
334.64	-253.33
334.64	-246.67
334.64	-193.33
334.64	-256.67
334.64	-332.00
334.64	-226.00
334.64	-233.33
334.64	-291.34
334.65	-290.00
334.65	-250.00
334.65	-248.00
334.65	-192.67
334.65	-206.67
334.65	-252.00
334.65	-220.66
334.65	-311.34
334.66	-382.00
334.66	-380.66
334.66	-255.33
334.66	-265.33
334.66	-302.00
334.66	-144.00
334.66	-222.67
334.66	-253.33
334.67	-278.66
334.67	-235.33
334.67	-276.67
334.67	-291.34
334.67	-186.67
334.67	-161.34
334.67	-214.67
334.67	-365.33
334.67	-190.00
334.68	-238.00
334.68	-280.66
334.68	-218.00
334.68	-295.33
334.68	-322.67
334.68	-214.67
334.68	-358.66
334.68	-343.33
334.69	-303.33
334.69	-259.34
334.69	-212.67
334.69	-240.00
334.69	-258.00
334.69	-278.00
334.69	-197.33
334.69	-222.67
334.69	-346.00
334.70	-262.67
334.70	-69.34
334.70	-98.66
334.70	-127.33
334.70	-155.33
334.70	-268.66
334.70	-232.67
334.70	-246.00
334.71	-226.00
334.71	-276.67
334.71	-274.67
334.71	-228.66
334.71	-214.67
334.71	-328.66
334.71	-202.67
334.71	-171.34
334.72	-248.00
334.72	-261.34
334.72	-282.00
334.72	-195.33
334.72	-166.67
334.72	-115.33
334.72	-117.33
334.72	-262.67
334.72	-117.33
334.73	-167.33
334.73	-115.33
334.73	-126.67
334.73	-120.00
334.73	-159.34
334.73	-193.33
334.73	-230.00
334.73	-276.00
334.74	-174.00
334.74	-199.34
334.74	-232.67
334.74	-224.67
334.74	-204.67
334.74	-190.00
334.74	-132.00
334.74	-119.34
334.74	-231.34
334.75	-382.00
334.75	-393.33
334.75	-353.33
334.75	-341.34
334.75	-377.33
334.75	-221.34
334.75	-257.33
334.75	-324.00
334.76	-166.00
334.76	-214.67
334.76	-302.67
334.76	-277.33
334.76	-231.34
334.76	-342.67
334.76	-332.00
334.76	-212.00
334.77	-320.00
334.77	-258.00
334.77	-182.67
334.77	-106.67
334.77	-126.67
334.77	-189.34
334.77	-140.66
334.77	-192.67
334.77	-286.67
334.78	-186.00
334.78	-323.33
334.78	-264.00
334.78	-156.00
334.78	-292.00
334.78	-365.33
334.78	-242.00
334.78	-263.33
334.79	-329.34
334.79	-166.00
334.79	-180.00
334.79	-272.67
334.79	-257.33
334.79	-78.00
334.79	-178.00
334.79	-172.00
334.79	-122.00
334.80	-188.00
334.80	-321.34
334.80	-346.00
334.80	-346.67
334.80	-379.34
334.80	-295.33
334.80	-249.34
334.80	-245.33
334.81	-344.00
334.81	-218.00
334.81	-154.67
334.81	-170.00
334.81	-201.34
334.81	-236.67
334.81	-284.00
334.81	-304.00
334.82	-280.00
334.82	-401.34
334.82	-284.00
334.82	-218.66
334.82	-218.00
334.82	-160.00
334.82	-156.00
334.82	-154.67
334.82	-217.33
334.83	-220.00
334.83	-196.67
334.83	-150.00
334.83	-157.33
334.83	-58.66
334.83	-49.34
334.83	-86.00
334.83	-135.33
334.84	-244.67
334.84	-196.00
334.84	-170.66
334.84	-229.34
334.84	-272.00
334.84	-187.33
334.84	-219.34
334.84	-231.34
334.85	-136.67
334.85	-170.00
334.85	-253.33
334.85	-334.67
334.85	-90.66
334.85	-114.67
334.85	-180.00
334.85	-239.34
334.85	-216.00
334.86	-274.67
334.86	-349.34
334.86	-343.33
334.86	-236.00
334.86	-230.00
334.86	-109.34
334.86	-114.00
334.86	-200.66
334.87	-272.00
334.87	-262.00
334.87	-196.00
334.87	-178.66
334.87	-228.66
334.87	-321.34
334.87	-292.67
334.87	-362.67
334.87	-310.00
334.88	-222.00
334.88	-133.33
334.88	-184.00
334.88	-265.33
334.88	-262.67
334.88	-374.00
334.88	-360.00
334.88	-320.66
334.89	-275.33
334.89	-251.34
334.89	-158.00
334.89	-230.00
334.89	-420.66
334.89	-222.67
334.89	-217.33
334.89	-265.33
334.90	-370.66
334.90	-340.66
334.90	-358.66
334.90	-364.00
334.90	-334.67
334.90	-258.66
334.90	-224.67
334.90	-316.67
334.90	-329.34
334.91	-364.00
334.91	-389.34
334.91	-207.33
334.91	-221.34
334.91	-229.34
334.91	-116.67
334.91	-329.34
334.91	-235.33
334.92	-332.00
334.92	-300.66
334.92	-252.00
334.92	-118.66
334.92	-242.67
334.92	-158.66
334.92	-116.00
334.92	-172.00
334.92	-131.34
334.93	-227.33
334.93	-265.33
334.93	-262.67
334.93	-349.34
334.93	-371.34
334.93	-262.00
334.93	-232.00
334.93	-250.66
334.94	-161.34
334.94	-325.33
334.94	-378.66
334.94	-234.67
334.94	-284.00
334.94	-235.33
334.94	-252.67
334.94	-164.67
334.95	-271.34
334.95	-287.33
334.95	-281.34
334.95	-266.67
334.95	-305.33
334.95	-251.34
334.95	-247.33
334.95	-167.33
334.95	-153.33
334.96	-199.34
334.96	-297.33
334.96	-262.00
334.96	-126.67
334.96	-234.00
334.96	-292.00
334.96	-194.67
334.96	-262.67
334.97	-308.00
334.97	-322.67
334.97	-322.00
334.97	-201.34
334.97	-244.00
334.97	-276.67
334.97	-319.34
334.97	-272.00
334.98	-258.66
334.98	-336.00
334.98	-310.66
334.98	-84.67
334.98	-112.67
334.98	-123.33
334.98	-263.33
334.98	-198.00
334.98	-238.00
334.99	-173.33
334.99	-193.33
334.99	-155.33
334.99	-132.00
334.99	-212.67
334.99	-193.33
334.99	-252.00
334.99	-210.66
335.00	-358.00
335.00	-374.67
335.00	-282.67
335.00	-190.00
335.00	-188.66
335.00	-244.00
335.00	-418.00
335.00	-436.67
335.00	-319.34
335.01	-311.34
335.01	-266.67
335.01	-309.34
335.01	-264.00
335.01	-266.67
335.01	-240.00
335.01	-172.00
335.01	-255.33
335.02	-224.00
335.02	-278.66
335.02	-386.00
335.02	-419.34
335.02	-309.34
335.02	-288.00
335.02	-203.33
335.02	-189.34
335.03	-247.33
335.03	-270.66
335.03	-241.34
335.03	-234.00
335.03	-209.34
335.03	-226.00
335.03	-300.00
335.03	-272.00
335.03	-206.67
335.04	-216.00
335.04	-283.33
335.04	-230.00
335.04	-240.00
335.04	-275.33
335.04	-212.00
335.04	-170.00
335.04	-151.34
335.05	-201.34
335.05	-278.00
335.05	-206.00
335.05	-284.00
335.05	-364.67
335.05	-361.34
335.05	-349.34
335.05	-232.67
335.05	-192.00
335.06	-274.67
335.06	-168.66
335.06	-204.00
335.06	-240.00
335.06	-154.67
335.06	-180.66
335.06	-156.00
335.06	-149.34
335.07	-254.00
335.07	-232.67
335.07	-304.00
335.07	-306.00
335.07	-390.66
335.07	-346.00
335.07	-264.67
335.07	-205.33
335.08	-244.67
335.08	-269.34
335.08	-330.66
335.08	-300.66
335.08	-238.66
335.08	-236.67
335.08	-270.00
335.08	-245.33
335.08	-203.33
335.09	-217.33
335.09	-183.33
335.09	-190.00
335.09	-274.67
335.09	-332.00
335.09	-216.00
335.09	-246.67
335.09	-274.00
335.10	-240.66
335.10	-293.33
335.10	-352.67
335.10	-294.00
335.10	-289.34
335.10	-340.66
335.10	-346.67
335.10	-298.66
335.10	-342.67
335.11	-380.00
335.11	-374.67
335.11	-367.33
335.11	-380.66
335.11	-265.33
335.11	-284.00
335.11	-342.00
335.11	-360.66
335.12	-246.67
335.12	-340.66
335.12	-368.66
335.12	-219.34
335.12	-161.34
335.12	-215.33
335.12	-240.66
335.12	-256.67
335.13	-246.67
335.13	-240.00
335.13	-143.33
335.13	-279.34
335.13	-190.00
335.13	-148.66
335.13	-159.34
335.13	-152.00
335.13	-199.34
335.14	-278.66
335.14	-345.33
335.14	-343.33
335.14	-272.67
335.14	-251.34
335.14	-214.67
335.14	-365.33
335.14	-291.34
335.15	-293.33
335.15	-169.34
335.15	-164.00
335.15	-244.00
335.15	-202.00
335.15	-274.00
335.15	-197.33
335.15	-272.67
335.16	-262.67
335.16	-275.33
335.16	-177.33
335.16	-206.67
335.16	-242.00
335.16	-152.00
335.16	-50.00
335.16	-154.00
335.16	-202.67
335.17	-194.67
335.17	-255.33
335.17	-242.67
335.17	-197.33
335.17	-323.33
335.17	-370.66
335.17	-389.34
335.17	-359.34
335.18	-218.66
335.18	-121.34
335.18	-165.33
335.18	-320.66
335.18	-385.33
335.18	-294.67
335.18	-243.33
335.18	-210.00
335.18	-234.67
335.19	-306.67
335.19	-415.33
335.19	-388.66
335.19	-310.66
335.19	-169.34
335.19	-181.34
335.19	-166.67
335.19	-166.00
335.20	-276.67
335.20	-277.33
335.20	-190.00
335.20	-304.00
335.20	-294.67
335.20	-234.00
335.20	-144.67
335.20	-184.67
335.21	-233.33
335.21	-335.33
335.21	-336.00
335.21	-283.33
335.21	-322.00
335.21	-213.33
335.21	-298.66
335.21	-155.33
335.21	-167.33
335.22	-234.67
335.22	-198.00
335.22	-194.00
335.22	-97.33
335.22	-105.33
335.22	-196.00
335.22	-206.67
335.22	-257.33
335.23	-300.66
335.23	-316.67
335.23	-335.33
335.23	-218.00
335.23	-289.34
335.23	-278.66
335.23	-313.33
335.23	-238.00
335.23	-219.34
335.24	-312.67
335.24	-236.67
335.24	-266.00
335.24	-269.34
335.24	-294.00
335.24	-164.67
335.24	-198.00
335.24	-313.33
335.25	-330.66
335.25	-338.00
335.25	-275.33
335.25	-312.67
335.25	-310.66
335.25	-338.66
335.25	-268.00
335.25	-265.33
335.26	-225.33
335.26	-210.00
335.26	-212.67
335.26	-297.33
335.26	-405.33
335.26	-294.00
335.26	-258.00
335.26	-280.66
335.26	-261.34
335.27	-155.33
335.27	-188.66
335.27	-308.00
335.27	-355.33
335.27	-356.67
335.27	-284.00
335.27	-146.00
335.27	-202.00
335.28	-253.33
335.28	-304.00
335.28	-282.00
335.28	-185.33
335.28	-200.66
335.28	-232.67
335.28	-192.67
335.28	-306.00
335.29	-230.66
335.29	-202.00
335.29	-230.00
335.29	-164.67
335.29	-202.00
335.29	-247.33
335.29	-184.00
335.29	-225.33
335.29	-242.00
335.30	-194.00
335.30	-222.00
335.30	-228.00
335.30	-216.00
335.30	-230.66
335.30	-180.66
335.30	-248.66
335.30	-322.67
335.31	-304.00
335.31	-308.00
335.31	-242.00
335.31	-190.00
335.31	-69.34
335.31	-105.33
335.31	-124.00
335.31	-129.34
335.31	-150.66
335.32	-178.00
335.32	-289.34
335.32	-223.33
335.32	-222.67
335.32	-246.67
335.32	-242.67
335.32	-350.66
335.32	-243.33
335.33	-228.00
335.33	-305.33
335.33	-276.00
335.33	-277.33
335.33	-215.33
335.33	-159.34
335.33	-89.34
335.33	-154.67
335.34	-154.00
335.34	-127.33
335.34	-217.33
335.34	-316.00
335.34	-376.67
335.34	-373.33
335.34	-220.66
335.34	-195.33
335.34	-160.00
335.35	-130.66
335.35	-152.67
335.35	-177.33
335.35	-190.00
335.35	-248.66
335.35	-260.66
335.35	-292.00
335.35	-313.33
335.36	-209.34
335.36	-218.00
335.36	-234.00
335.36	-386.00
335.36	-364.67
335.36	-350.66
335.36	-245.33
335.36	-205.33
335.36	-280.00
335.37	-248.66
335.37	-255.33
335.37	-330.00
335.37	-320.66
335.37	-270.00
335.37	-218.66
335.37	-215.33
335.37	-223.33
335.38	-324.00
335.38	-252.67
335.38	-148.00
335.38	-243.33
335.38	-250.66
335.38	-140.00
335.38	-272.00
335.38	-258.00
335.39	-242.67
335.39	-220.00
335.39	-204.67
335.39	-257.33
335.39	-288.66
335.39	-287.33
335.39	-320.00
335.39	-246.67
335.39	-166.00
335.40	-253.33
335.40	-213.33
335.40	-274.00
335.40	-241.34
335.40	-181.34
335.40	-182.67
335.40	-164.00
335.40	-206.67
335.41	-192.67
335.41	-194.00
335.41	-261.34
335.41	-264.67
335.41	-220.00
335.41	-310.66
335.41	-234.67
335.41	-98.66
335.41	-115.33
335.42	-82.67
335.42	-15.33
335.42	-96.67
335.42	-220.66
335.42	-340.00
335.42	-388.00
335.42	-382.00
335.42	-321.34
335.43	-378.00
335.43	-258.00
335.43	-290.66
335.43	-234.00
335.43	-272.00
335.43	-157.33
335.43	-275.33
335.43	-351.34
335.44	-246.67
335.44	-237.33
335.44	-311.34
335.44	-260.00
335.44	-238.66
335.44	-264.67
335.44	-252.67
335.44	-212.67
335.44	-99.34
335.45	-113.33
335.45	-152.67
335.45	-264.00
335.45	-340.00
335.45	-304.00
335.45	-316.00
335.45	-272.00
335.45	-343.33
335.46	-294.67
335.46	-188.66
335.46	-227.33
335.46	-86.00
335.46	-70.00
335.46	-114.67
335.46	-70.00
335.46	-86.67
335.47	-251.34
335.47	-377.33
335.47	-275.33
335.47	-263.33
335.47	-181.34
335.47	-268.66
335.47	-261.34
335.47	-284.67
335.47	-264.67
335.48	-239.34
335.48	-175.33
335.48	-282.00
335.48	-346.00
335.48	-222.00
335.48	-271.34
335.48	-228.00
335.48	-232.00
335.49	-254.67
335.49	-265.33
335.49	-194.67
335.49	-170.00
335.49	-244.00
335.49	-114.00
335.49	-161.34
335.49	-155.33
335.49	-184.67
335.50	-219.34
335.50	-260.66
335.50	-312.00
335.50	-266.00
335.50	-237.33
335.50	-247.33
335.50	-312.67
335.50	-296.67
335.51	-319.34
335.51	-251.34
335.51	-254.00
335.51	-313.33
335.51	-190.00
335.51	-280.66
335.51	-262.00
335.51	-150.66
335.52	-192.00
335.52	-224.67
335.52	-196.67
335.52	-276.67
335.52	-272.67
335.52	-279.34
335.52	-434.67
335.52	-389.34
335.52	-366.00
335.53	-215.33
335.53	-134.00
335.53	-201.34
335.53	-230.00
335.53	-62.67
335.53	-163.33
335.53	-258.66
335.53	-224.00
335.54	-208.66
335.54	-198.00
335.54	-248.00
335.54	-362.67
335.54	-361.34
335.54	-319.34
335.54	-322.67
335.54	-288.66
335.54	-139.34
335.55	-128.00
335.55	-218.00
335.55	-223.33
335.55	-286.67
335.55	-266.00
335.55	-224.67
335.55	-299.34
335.55	-226.00
335.56	-191.34
335.56	-173.33
335.56	-123.33
335.56	-190.66
335.56	-204.00
335.56	-162.67
335.56	-296.00
335.56	-311.34
335.57	-265.33
335.57	-274.00
335.57	-222.67
335.57	-240.00
335.57	-304.00
335.57	-287.33
335.57	-280.66
335.57	-226.67
335.57	-338.00
335.58	-286.00
335.58	-259.34
335.58	-363.33
335.58	-327.33
335.58	-298.66
335.58	-239.34
335.58	-305.33
335.58	-188.00
335.59	-131.34
335.59	-242.00
335.59	-254.00
335.59	-214.67
335.59	-232.67
335.59	-240.66
335.59	-200.66
335.59	-314.00
335.59	-371.34
335.60	-303.33
335.60	-197.33
335.60	-304.67
335.60	-252.67
335.60	-261.34
335.60	-176.00
335.60	-223.33
335.60	-178.00
335.61	-204.67
335.61	-357.33
335.61	-317.33
335.61	-265.33
335.61	-326.00
335.61	-192.67
335.61	-290.66
335.61	-341.34
335.62	-302.00
335.62	-162.67
335.62	-270.00
335.62	-281.34
335.62	-213.33
335.62	-123.33
335.62	-184.67
335.62	-172.67
335.62	-136.67
335.63	-224.00
335.63	-221.34
335.63	-198.66
335.63	-337.33
335.63	-463.33
335.63	-404.00
335.63	-332.00
335.63	-372.67
335.64	-383.33
335.64	-500.00
335.64	-460.66
335.64	-274.67
335.64	-296.67
335.64	-399.34
335.64	-390.66
335.64	-308.00
335.65	-357.33
335.65	-327.33
335.65	-247.33
335.65	-271.34
335.65	-251.34
335.65	-237.33
335.65	-212.00
335.65	-184.67
335.65	-152.00
335.66	-231.34
335.66	-288.00
335.66	-238.00
335.66	-290.66
335.66	-396.00
335.66	-418.00
335.66	-272.00
335.66	-244.00
335.67	-255.33
335.67	-170.66
335.67	-226.67
335.67	-344.67
335.67	-216.00
335.67	-176.67
335.67	-290.00
335.67	-319.34
335.67	-304.00
335.68	-148.66
335.68	-112.67
335.68	-228.00
335.68	-71.34
335.68	-135.33
335.68	-158.00
335.68	-258.66
335.68	-212.00
335.69	-276.67
335.69	-370.00
335.69	-256.00
335.69	-349.34
335.69	-273.33
335.69	-246.67
335.69	-115.33
335.69	-160.66
335.70	-186.67
335.70	-326.00
335.70	-286.67
335.70	-160.66
335.70	-194.00
335.70	-242.67
335.70	-199.34
335.70	-247.33
335.70	-287.33
335.71	-330.00
335.71	-349.34
335.71	-372.00
335.71	-368.00
335.71	-305.33
335.71	-289.34
335.71	-324.67
335.71	-288.00
335.72	-258.00
335.72	-280.66
335.72	-153.33
335.72	-232.00
335.72	-196.67
335.72	-211.34
335.72	-176.67
335.72	-192.67
335.72	-319.34
335.73	-319.34
335.73	-297.33
335.73	-356.67
335.73	-326.00
335.73	-228.66
335.73	-192.67
335.73	-224.67
335.73	-264.67
335.74	-254.67
335.74	-146.67
335.74	-246.00
335.74	-319.34
335.74	-229.34
335.74	-102.67
335.74	-197.33
335.74	-298.00
335.75	-265.33
335.75	-253.33
335.75	-220.00
335.75	-143.33
335.75	-191.34
335.75	-189.34
335.75	-286.67
335.75	-326.67
335.75	-368.00
335.76	-352.00
335.76	-234.67
335.76	-239.34
335.76	-269.34
335.76	-221.34
335.76	-185.33
335.76	-234.00
335.76	-190.66
335.77	-207.33
335.77	-197.33
335.77	-271.34
335.77	-246.67
335.77	-249.34
335.77	-213.33
335.77	-75.33
335.77	-166.00
335.77	-313.33
335.78	-286.00
335.78	-238.00
335.78	-154.67
335.78	-207.33
335.78	-277.33
335.78	-315.33
335.78	-282.67
335.78	-231.34
335.79	-234.00
335.79	-200.00
335.79	-222.67
335.79	-236.67
335.79	-328.66
335.79	-349.34
335.79	-276.00
335.79	-262.67
335.80	-200.66
335.80	-142.67
335.80	-226.67
335.80	-272.00
335.80	-214.00
335.80	-246.67
335.80	-199.34
335.80	-180.66
335.80	-179.34
335.81	-198.66
335.81	-180.00
335.81	-189.34
335.81	-236.00
335.81	-205.33
335.81	-264.67
335.81	-338.00
335.81	-286.67
335.82	-191.34
335.82	-130.00
335.82	-133.33
335.82	-203.33
335.82	-263.33
335.82	-330.66
335.82	-340.66
335.82	-284.00
335.83	-294.67
335.83	-368.66
335.83	-260.00
335.83	-303.33
335.83	-296.67
335.83	-256.00
335.83	-223.33
335.83	-249.34
335.83	-230.66
335.84	-212.00
335.84	-272.67
335.84	-308.66
335.84	-352.67
335.84	-199.34
335.84	-236.00
335.84	-274.00
335.84	-228.00
335.85	-255.33
335.85	-313.33
335.85	-270.00
335.85	-282.00
335.85	-188.00
335.85	-268.00
335.85	-272.00
335.85	-265.33
335.85	-292.67
335.86	-416.67
335.86	-360.00
335.86	-249.34
335.86	-242.67
335.86	-145.33
335.86	-109.34
335.86	-221.34
335.86	-316.67
335.87	-336.67
335.87	-305.33
335.87	-338.66
335.87	-335.33
335.87	-245.33
335.87	-227.33
335.87	-283.33
335.87	-292.67
335.88	-224.00
335.88	-342.00
335.88	-330.66
335.88	-278.66
335.88	-304.00
335.88	-280.00
335.88	-178.66
335.88	-233.33
335.88	-264.67
335.89	-182.00
335.89	-160.66
335.89	-171.34
335.89	-275.33
335.89	-360.66
335.89	-242.67
335.89	-213.33
335.89	-218.66
335.90	-238.00
335.90	-237.33
335.90	-283.33
335.90	-241.34
335.90	-212.67
335.90	-198.66
335.90	-298.66
335.90	-329.34
335.90	-284.00
335.91	-237.33
335.91	-206.00
335.91	-128.66
335.91	-77.33
335.91	-214.00
335.91	-300.00
335.91	-193.33
335.91	-188.00
335.92	-155.33
335.92	-122.00
335.92	-220.66
335.92	-200.00
335.92	-156.00
335.92	-225.33
335.92	-341.34
335.92	-327.33
335.93	-158.66
335.93	-203.33
335.93	-154.67
335.93	-187.33
335.93	-210.66
335.93	-296.67
335.93	-187.33
335.93	-178.00
335.93	-239.34
335.94	-196.67
335.94	-246.00
335.94	-344.67
335.94	-342.00
335.94	-232.67
335.94	-321.34
335.94	-294.67
335.94	-196.67
335.95	-142.00
335.95	-219.34
335.95	-159.34
335.95	-224.00
335.95	-288.66
335.95	-356.67
335.95	-258.66
335.95	-106.00
335.96	-76.00
335.96	-158.66
335.96	-313.33
335.96	-260.00
335.96	-170.66
335.96	-184.00
335.96	-328.00
335.96	-229.34
335.96	-196.00
335.97	-161.34
335.97	-52.67
335.97	-146.00
335.97	-222.00
335.97	-268.66
335.97	-257.33
335.97	-153.33
335.97	-262.00
335.98	-290.66
335.98	-153.33
335.98	-238.00
335.98	-208.66
335.98	-132.67
335.98	-324.00
335.98	-312.67
335.98	-296.67
335.98	-268.00
335.99	-297.33
335.99	-238.66
335.99	-294.67
335.99	-340.66
335.99	-320.00
335.99	-214.67
335.99	-282.67
335.99	-295.33
336.00	-284.00
336.00	-226.67
336.00	-263.33
336.00	-238.00
336.00	-247.33
336.00	-239.34
336.00	-224.67
336.00	-199.34
336.01	-244.67
336.01	-218.66
336.01	-238.66
336.01	-216.00
336.01	-189.34
336.01	-242.67
336.01	-263.33
336.01	-342.00
336.01	-360.66
336.02	-260.66
336.02	-244.67
336.02	-185.33
336.02	-245.33
336.02	-305.33
336.02	-299.34
336.02	-264.67
336.02	-217.33
336.03	-235.33
336.03	-254.67
336.03	-300.00
336.03	-259.34
336.03	-151.34
336.03	-226.67
336.03	-314.67
336.03	-281.34
336.03	-275.33
336.04	-370.00
336.04	-413.33
336.04	-336.00
336.04	-301.34
336.04	-246.67
336.04	-151.34
336.04	-206.67
336.04	-147.33
336.05	-209.34
336.05	-108.66
336.05	-214.00
336.05	-210.66
336.05	-199.34
336.05	-294.67
336.05	-236.67
336.05	-121.34
336.06	-178.66
336.06	-178.66
336.06	-92.00
336.06	-109.34
336.06	-158.00
336.06	-151.34
336.06	-242.00
336.06	-168.66
336.06	-94.67
336.07	-138.66
336.07	-232.00
336.07	-176.00
336.07	-140.00
336.07	-139.34
336.07	-216.67
336.07	-241.34
336.07	-269.34
336.08	-271.34
336.08	-252.00
336.08	-196.67
336.08	-234.00
336.08	-306.00
336.08	-423.33
336.08	-461.34
336.08	-476.00
336.08	-413.33
336.09	-225.33
336.09	-166.67
336.09	-247.33
336.09	-270.00
336.09	-349.34
336.09	-311.34
336.09	-284.67
336.09	-384.67
336.10	-382.67
336.10	-296.67
336.10	-287.33
336.10	-266.00
336.10	-282.67
336.10	-251.34
336.10	-318.66
336.10	-366.67
336.11	-339.34
336.11	-251.34
336.11	-378.00
336.11	-277.33
336.11	-238.66
336.11	-218.66
336.11	-182.00
336.11	-256.67
336.11	-223.33
336.12	-210.66
336.12	-259.34
336.12	-217.33
336.12	-238.66
336.12	-176.00
336.12	-306.67
336.12	-274.00
336.12	-220.00
336.13	-133.33
336.13	-386.67
336.13	-321.34
336.13	-240.66
336.13	-346.67
336.13	-301.34
336.13	-234.00
336.13	-326.00
336.14	-338.00
336.14	-290.00
336.14	-267.33
336.14	-249.34
336.14	-112.67
336.14	-178.66
336.14	-169.34
336.14	-190.66
336.14	-208.00
336.15	-260.66
336.15	-293.33
336.15	-284.00
336.15	-201.34
336.15	-140.00
336.15	-78.66
336.15	-108.00
336.15	-86.00
336.16	-123.33
336.16	-156.67
336.16	-214.00
336.16	-118.66
336.16	-223.33
336.16	-302.00
336.16	-340.66
336.16	-394.00
336.16	-426.67
336.17	-416.67
336.17	-196.67
336.17	-156.67
336.17	-144.00
336.17	-90.66
336.17	-216.67
336.17	-218.66
336.17	-172.67
336.18	-114.67
336.18	-146.00
336.18	-178.66
336.18	-232.67
336.18	-193.33
336.18	-144.67
336.18	-70.00
336.18	-177.33
336.19	-218.66
336.19	-307.33
336.19	-263.33
336.19	-212.00
336.19	-204.00
336.19	-243.33
336.19	-293.33
336.19	-365.33
336.19	-335.33
336.20	-298.00
336.20	-358.00
336.20	-336.00
336.20	-199.34
336.20	-204.00
336.20	-142.67
336.20	-171.34
336.20	-254.00
336.21	-172.67
336.21	-207.33
336.21	-250.00
336.21	-254.67
336.21	-382.00
336.21	-417.33
336.21	-364.67
336.21	-392.67
336.21	-188.66
336.22	-224.67
336.22	-218.00
336.22	-111.34
336.22	-98.00
336.22	-88.66
336.22	-139.34
336.22	-240.66
336.22	-248.66
336.23	-222.00
336.23	-212.00
336.23	-190.66
336.23	-228.66
336.23	-179.34
336.23	-204.67
336.23	-240.00
336.23	-152.67
336.24	-98.00
336.24	-237.33
336.24	-332.00
336.24	-298.00
336.24	-334.00
336.24	-219.34
336.24	-194.00
336.24	-201.34
336.24	-221.34
336.25	-128.00
336.25	-174.00
336.25	-285.33
336.25	-234.67
336.25	-218.00
336.25	-242.67
336.25	-172.67
336.25	-158.66
336.26	-108.66
336.26	-36.67
336.26	-202.67
336.26	-304.67
336.26	-372.00
336.26	-364.67
336.26	-276.67
336.26	-212.67
336.27	-153.33
336.27	-72.67
336.27	-191.34
336.27	-259.34
336.27	-98.66
336.27	-149.34
336.27	-168.66
336.27	-177.33
336.27	-210.66
336.28	-244.67
336.28	-286.00
336.28	-284.00
336.28	-203.33
336.28	-189.34
336.28	-290.00
336.28	-334.67
336.28	-176.00
336.29	-204.67
336.29	-168.66
336.29	-144.67
336.29	-194.00
336.29	-152.67
336.29	-380.00
336.29	-349.34
336.29	-354.00
336.29	-386.00
336.30	-316.00
336.30	-272.67
336.30	-359.34
336.30	-383.33
336.30	-249.34
336.30	-290.66
336.30	-332.00
336.30	-310.66
336.31	-304.00
336.31	-398.66
336.31	-163.33
336.31	-197.33
336.31	-192.67
336.31	-237.33
336.31	-195.33
336.31	-205.33
336.32	-201.34
336.32	-242.00
336.32	-187.33
336.32	-350.66
336.32	-300.66
336.32	-170.66
336.32	-223.33
336.32	-166.00
336.32	-230.66
336.33	-372.67
336.33	-256.67
336.33	-212.00
336.33	-163.33
336.33	-163.33
336.33	-190.66
336.33	-237.33
336.33	-268.66
336.34	-326.67
336.34	-218.66
336.34	-180.00
336.34	-199.34
336.34	-198.00
336.34	-222.00
336.34	-146.67
336.34	-97.33
336.34	-90.66
336.35	-145.33
336.35	-157.33
336.35	-170.66
336.35	-245.33
336.35	-324.00
336.35	-237.33
336.35	-322.67
336.35	-284.67
336.36	-236.67
336.36	-245.33
336.36	-180.00
336.36	-135.33
336.36	-232.00
336.36	-167.33
336.36	-150.00
336.36	-140.66
336.37	-174.00
336.37	-185.33
336.37	-182.00
336.37	-296.67
336.37	-346.00
336.37	-295.33
336.37	-307.33
336.37	-277.33
336.37	-272.67
336.38	-196.67
336.38	-140.66
336.38	-204.67
336.38	-206.67
336.38	-301.34
336.38	-308.00
336.38	-164.00
336.38	-194.67
336.39	-251.34
336.39	-232.67
336.39	-264.67
336.39	-288.66
336.39	-346.67
336.39	-274.00
336.39	-204.67
336.39	-141.34
336.39	-127.33
336.40	-282.67
336.40	-252.00
336.40	-188.00
336.40	-157.33
336.40	-212.00
336.40	-255.33
336.40	-362.67
336.40	-313.33
336.41	-120.66
336.41	-219.34
336.41	-202.00
336.41	-156.00
336.41	-172.00
336.41	-251.34
336.41	-232.00
336.41	-245.33
336.42	-319.34
336.42	-232.00
336.42	-216.67
336.42	-246.67
336.42	-356.00
336.42	-283.33
336.42	-232.67
336.42	-165.33
336.42	-299.34
336.43	-252.00
336.43	-278.00
336.43	-228.66
336.43	-235.33
336.43	-126.67
336.43	-136.00
336.43	-152.67
336.43	-157.33
336.44	-158.00
336.44	-132.00
336.44	-152.00
336.44	-318.66
336.44	-361.34
336.44	-166.67
336.44	-153.33
336.44	-207.33
336.45	-162.00
336.45	-258.00
336.45	-198.66
336.45	-228.66
336.45	-238.00
336.45	-204.00
336.45	-163.33
336.45	-156.00
336.45	-189.34
336.46	-116.67
336.46	-82.67
336.46	-112.67
336.46	-247.33
336.46	-106.00
336.46	-118.00
336.46	-132.67
336.46	-202.67
336.47	-201.34
336.47	-224.00
336.47	-388.66
336.47	-360.00
336.47	-278.66
336.47	-222.67
336.47	-233.33
336.47	-348.00
336.47	-309.34
336.48	-313.33
336.48	-286.00
336.48	-308.00
336.48	-345.33
336.48	-310.66
336.48	-342.67
336.48	-393.33
336.48	-312.00
336.49	-219.34
336.49	-233.33
336.49	-342.00
336.49	-304.00
336.49	-332.00
336.49	-276.67
336.49	-174.67
336.49	-210.66
336.50	-264.00
336.50	-287.33
336.50	-229.34
336.50	-202.00
336.50	-214.00
336.50	-166.00
336.50	-256.67
336.50	-244.67
336.50	-127.33
336.51	-110.00
336.51	-122.00
336.51	-122.67
336.51	-374.00
336.51	-196.00
336.51	-132.67
336.51	-200.66
336.51	-180.66
336.52	-104.67
336.52	-140.00
336.52	-262.00
336.52	-239.34
336.52	-258.00
336.52	-228.00
336.52	-195.33
336.52	-221.34
336.52	-233.33
336.53	-244.00
336.53	-195.33
336.53	-193.33
336.53	-137.33
336.53	-198.66
336.53	-149.34
336.53	-187.33
336.53	-246.00
336.54	-211.34
336.54	-296.67
336.54	-335.33
336.54	-220.66
336.54	-203.33
336.54	-215.33
336.54	-232.67
336.54	-268.00
336.55	-254.67
336.55	-181.34
336.55	-218.66
336.55	-187.33
336.55	-206.00
336.55	-236.67
336.55	-315.33
336.55	-246.67
336.55	-193.33
336.56	-206.00
336.56	-220.00
336.56	-249.34
336.56	-185.33
336.56	-191.34
336.56	-214.00
336.56	-187.33
336.56	-179.34
336.57	-176.00
336.57	-160.66
336.57	-233.33
336.57	-188.66
336.57	-165.33
336.57	-168.00
336.57	-126.00
336.57	-90.00
336.57	-140.00
336.58	-93.33
336.58	-121.34
336.58	-284.67
336.58	-347.33
336.58	-336.67
336.58	-174.00
336.58	-206.00
336.58	-132.67
336.59	-43.33
336.59	-113.33
336.59	-146.00
336.59	-182.67
336.59	-236.00
336.59	-236.00
336.59	-202.00
336.59	-173.33
336.60	-253.33
336.60	-181.34
336.60	-133.33
336.60	-108.00
336.60	-102.00
336.60	-104.00
336.60	-150.66
336.60	-128.66
336.60	-86.00
336.61	-178.00
336.61	-310.00
336.61	-243.33
336.61	-184.00
336.61	-164.00
336.61	-293.33
336.61	-264.00
336.61	-132.67
336.62	-128.00
336.62	-158.00
336.62	-274.67
336.62	-230.00
336.62	-222.67
336.62	-172.00
336.62	-176.00
336.62	-278.66
336.63	-230.66
336.63	-147.33
336.63	-142.67
336.63	-186.67
336.63	-110.00
336.63	-174.67
336.63	-230.66
336.63	-114.67
336.63	-347.33
336.64	-489.34
336.64	-362.00
336.64	-314.00
336.64	-257.33
336.64	-158.66
336.64	-133.33
336.64	-111.34
336.64	-55.33
336.65	-128.00
336.65	-126.67
336.65	-59.34
336.65	-72.67
336.65	-151.34
336.65	-163.33
336.65	-142.00
336.65	-156.00
336.65	-144.00
336.66	-76.67
336.66	-189.34
336.66	-94.67
336.66	-180.00
336.66	-172.00
336.66	-131.34
336.66	-185.33
336.66	-125.33
336.67	-148.00
336.67	-134.00
336.67	-88.66
336.67	-167.33
336.67	-220.66
336.67	-56.00
336.67	-116.00
336.67	-121.34
336.68	-41.34
336.68	-188.00
336.68	-272.00
336.68	-280.66
336.68	-196.00
336.68	-92.00
336.68	-120.00
336.68	-142.00
336.68	-160.00
336.69	-158.00
336.69	-196.67
336.69	-178.00
336.69	-178.00
336.69	-50.66
336.69	-64.67
336.69	-116.67
336.69	-76.00
336.70	-58.66
336.70	-144.00
336.70	-274.00
336.70	-331.34
336.70	-244.00
336.70	-104.00
336.70	-127.33
336.70	-161.34
336.70	-124.00
336.71	-88.66
336.71	-170.00
336.71	-262.67
336.71	-188.66
336.71	-184.00
336.71	-178.00
336.71	-272.00
336.71	-231.34
336.72	-126.67
336.72	-106.00
336.72	-102.67
336.72	-215.33
336.72	-92.67
336.72	-100.00
336.72	-123.33
336.72	-92.67
336.73	-150.00
336.73	-128.00
336.73	-209.34
336.73	-168.00
336.73	-137.33
336.73	-88.66
336.73	-161.34
336.73	-155.33
336.73	-41.34
336.74	-148.66
336.74	-158.00
336.74	-128.00
336.74	-157.33
336.74	-228.00
336.74	-163.33
336.74	-133.33
336.74	-158.00
336.75	-248.00
336.75	-273.33
336.75	-181.34
336.75	-192.67
336.75	-254.00
336.75	-276.00
336.75	-205.33
336.75	-160.66
336.76	-98.00
336.76	-62.00
336.76	-25.33
336.76	-32.00
336.76	-15.33
336.76	-18.67
336.76	-70.00
336.76	-108.66
336.76	-56.67
336.77	-118.00
336.77	-155.33
336.77	-182.00
336.77	-78.66
336.77	-157.33
336.77	-182.00
336.77	-180.00
336.77	-242.67
336.78	-264.67
336.78	-228.66
336.78	-256.67
336.78	-308.00
336.78	-54.00
336.78	-14.00
336.78	-105.33
336.78	-106.67
336.78	-95.33
336.79	-129.34
336.79	-143.33
336.79	-191.34
336.79	-238.66
336.79	-154.67
336.79	-107.33
336.79	-146.67
336.79	-105.33
336.80	-63.33
336.80	-37.33
336.80	-150.66
336.80	-100.66
336.80	-140.66
336.80	-166.00
336.80	-162.00
336.80	-117.33
336.81	-39.33
336.81	22.00
336.81	-9.33
336.81	-140.66
336.81	-137.33
336.81	-210.66
336.81	-94.00
336.81	-117.33
336.81	-153.33
336.82	-44.00
336.82	-56.67
336.82	-132.67
336.82	-160.00
336.82	-66.67
336.82	-62.67
336.82	-32.67
336.82	-113.33
336.83	-104.00
336.83	-179.34
336.83	10.67
336.83	72.00
336.83	8.00
336.83	-76.00
336.83	-162.00
336.83	-200.00
336.83	-222.00
336.84	-66.67
336.84	-118.66
336.84	-91.34
336.84	-14.00
336.84	-10.67
336.84	-62.67
336.84	130.00
336.84	132.00
336.85	-18.67
336.85	-114.00
336.85	-40.00
336.85	-92.00
336.85	-93.33
336.85	-34.67
336.85	-111.34
336.85	-122.67
336.86	-119.34
336.86	-155.33
336.86	-139.34
336.86	-80.66
336.86	30.67
336.86	-39.33
336.86	6.00
336.86	44.00
336.86	-68.66
336.87	-55.33
336.87	32.67
336.87	60.00
336.87	-72.67
336.87	-46.00
336.87	64.00
336.87	-51.34
336.87	-59.34
336.88	-36.67
336.88	-128.00
336.88	-35.33
336.88	20.67
336.88	-70.00
336.88	-49.34
336.88	-33.33
336.88	-28.67
336.88	-84.67
336.89	-54.00
336.89	-28.00
336.89	-34.67
336.89	27.33
336.89	34.67
336.89	72.00
336.89	70.00
336.89	42.00
336.90	102.00
336.90	76.00
336.90	18.67
336.90	-14.00
336.90	-124.00
336.90	-122.67
336.90	-112.67
336.90	-148.66
336.91	-8.00
336.91	-47.33
336.91	-120.00
336.91	-94.00
336.91	44.00
336.91	82.00
336.91	83.33
336.91	168.00
336.91	134.00
336.92	-57.33
336.92	5.33
336.92	132.67
336.92	-32.67
336.92	-7.33
336.92	-38.67
336.92	13.33
336.92	13.33
336.93	67.33
336.93	167.33
336.93	126.67
336.93	98.67
336.93	135.33
336.93	90.00
336.93	124.67
336.93	200.00
336.94	106.67
336.94	78.00
336.94	156.00
336.94	238.67
336.94	179.33
336.94	204.00
336.94	272.67
336.94	242.67
336.94	84.67
336.95	84.67
336.95	106.00
336.95	202.00
336.95	282.00
336.95	242.00
336.95	280.67
336.95	262.00
336.95	178.00
336.96	203.33
336.96	250.00
336.96	184.67
336.96	142.67
336.96	282.00
336.96	297.33
336.96	306.00
336.96	219.33
336.96	192.67
336.97	123.33
336.97	216.00
336.97	295.33
336.97	469.33
336.97	427.33
336.97	397.33
336.97	414.00
336.97	360.00
336.98	325.33
336.98	352.67
336.98	294.00
336.98	279.33
336.98	414.67
336.98	258.67
336.98	274.00
336.98	400.67
336.99	399.33
336.99	261.33
336.99	304.67
336.99	343.33
336.99	290.67
336.99	328.00
336.99	356.00
336.99	343.33
336.99	295.33
337.00	378.67
337.00	275.33
337.00	302.00
337.00	392.67
337.00	448.67
337.00	394.67
337.00	380.67
337.00	381.33
337.01	275.33
337.01	215.33
337.01	303.33
337.01	309.33
337.01	393.33
337.01	446.67
337.01	310.67
337.01	286.00
337.01	274.67
337.02	367.33
337.02	326.67
337.02	182.67
337.02	228.67
337.02	288.00
337.02	316.00
337.02	287.33
337.02	247.33
337.03	120.00
337.03	177.33
337.03	242.67
337.03	90.00
337.03	124.00
337.03	267.33
337.03	134.00
337.03	232.00
337.04	324.00
337.04	339.33
337.04	370.00
337.04	381.33
337.04	314.67
337.04	322.00
337.04	331.33
337.04	279.33
337.04	132.67
337.05	140.00
337.05	178.00
337.05	233.33
337.05	307.33
337.05	176.67
337.05	187.33
337.05	244.67
337.05	327.33
337.06	376.67
337.06	265.33
337.06	236.67
337.06	214.67
337.06	228.00
337.06	250.00
337.06	292.00
337.06	366.00
337.07	425.33
337.07	481.33
337.07	526.00
337.07	485.33
337.07	562.67
337.07	557.33
337.07	517.33
337.07	463.33
337.07	360.67
337.08	395.33
337.08	472.00
337.08	594.00
337.08	610.67
337.08	561.33
337.08	466.67
337.08	534.67
337.08	576.00
337.09	605.33
337.09	642.67
337.09	616.67
337.09	624.67
337.09	708.67
337.09	850.00
337.09	819.33
337.09	829.33
337.09	962.67
337.10	878.67
337.10	776.00
337.10	834.00
337.10	824.00
337.10	854.67
337.10	883.33
337.10	883.33
337.10	952.67
337.11	984.00
337.11	974.00
337.11	978.00
337.11	1059.33
337.11	1029.33
337.11	994.67
337.11	866.00
337.11	821.33
337.12	829.33
337.12	916.67
337.12	1002.00
337.12	1072.00
337.12	1177.33
337.12	1134.00
337.12	1167.33
337.12	1120.67
337.12	1126.00
337.13	1078.67
337.13	1076.00
337.13	1086.67
337.13	931.33
337.13	1038.67
337.13	962.67
337.13	950.67
337.13	929.33
337.14	894.00
337.14	880.67
337.14	814.67
337.14	837.33
337.14	871.33
337.14	901.33
337.14	810.00
337.14	850.67
337.14	800.00
337.15	708.67
337.15	605.33
337.15	706.67
337.15	692.67
337.15	532.00
337.15	522.00
337.15	522.67
337.15	424.67
337.16	418.67
337.16	452.67
337.16	468.67
337.16	405.33
337.16	296.00
337.16	262.00
337.16	276.00
337.16	276.00
337.17	247.33
337.17	120.00
337.17	56.00
337.17	12.67
337.17	-48.00
337.17	-122.00
337.17	-16.67
337.17	-42.67
337.17	-112.00
337.18	-17.33
337.18	-128.66
337.18	-131.34
337.18	-156.67
337.18	-153.33
337.18	-181.34
337.18	-197.33
337.18	-219.34
337.19	-257.33
337.19	-258.00
337.19	-245.33
337.19	-204.00
337.19	-312.00
337.19	-252.67
337.19	-150.00
337.19	-170.00
337.19	-134.67
337.20	-56.00
337.20	-176.67
337.20	-207.33
337.20	-206.67
337.20	-160.00
337.20	-126.67
337.20	-178.00
337.20	-42.67
337.21	-53.33
337.21	-77.33
337.21	99.33
337.21	100.00
337.21	40.00
337.21	10.00
337.21	-30.00
337.21	34.00
337.22	124.67
337.22	162.00
337.22	172.00
337.22	262.67
337.22	294.00
337.22	180.67
337.22	174.67
337.22	265.33
337.22	264.00
337.23	271.33
337.23	341.33
337.23	383.33
337.23	406.67
337.23	472.00
337.23	572.00
337.23	728.00
337.23	688.00
337.24	720.67
337.24	686.00
337.24	722.67
337.24	714.67
337.24	755.33
337.24	711.33
337.24	710.67
337.24	845.33
337.25	893.33
337.25	924.67
337.25	936.67
337.25	840.00
337.25	825.33
337.25	832.67
337.25	798.67
337.25	860.00
337.25	1022.00
337.26	1054.00
337.26	956.67
337.26	1058.00
337.26	1061.33
337.26	876.00
337.26	947.33
337.26	872.67
337.26	815.33
337.27	851.33
337.27	849.33
337.27	952.00
337.27	881.33
337.27	795.33
337.27	728.67
337.27	660.67
337.27	681.33
337.27	682.00
337.28	687.33
337.28	668.00
337.28	588.67
337.28	517.33
337.28	528.00
337.28	458.00
337.28	327.33
337.28	368.67
337.29	256.67
337.29	137.33
337.29	123.33
337.29	115.33
337.29	137.33
337.29	80.67
337.29	-52.67
337.29	-38.67
337.30	-93.33
337.30	-156.00
337.30	-281.34
337.30	-350.00
337.30	-443.33
337.30	-386.67
337.30	-412.00
337.30	-416.00
337.30	-562.67
337.31	-656.67
337.31	-674.00
337.31	-724.67
337.31	-810.00
337.31	-865.33
337.31	-877.33
337.31	-885.33
337.31	-936.00
337.32	-943.33
337.32	-931.34
337.32	-995.33
337.32	-1150.66
337.32	-1114.67
337.32	-1023.33
337.32	-1092.67
337.32	-1162.67
337.32	-1113.33
337.33	-1140.00
337.33	-1128.00
337.33	-1135.33
337.33	-1141.34
337.33	-1268.00
337.33	-1262.67
337.33	-1196.00
337.33	-1173.33
337.34	-1164.67
337.34	-1082.67
337.34	-1168.00
337.34	-1233.33
337.34	-1252.67
337.34	-1272.00
337.34	-1294.00
337.34	-1106.67
337.35	-1091.34
337.35	-1186.67
337.35	-1226.67
337.35	-1144.00
337.35	-1076.67
337.35	-1015.33
337.35	-1014.67
337.35	-982.67
337.35	-893.33
337.36	-814.67
337.36	-772.00
337.36	-862.00
337.36	-852.00
337.36	-838.00
337.36	-892.00
337.36	-770.00
337.36	-740.66
337.37	-754.67
337.37	-642.00
337.37	-478.00
337.37	-456.00
337.37	-548.66
337.37	-548.66
337.37	-500.00
337.37	-513.33
337.38	-524.00
337.38	-430.66
337.38	-343.33
337.38	-430.00
337.38	-382.67
337.38	-336.67
337.38	-350.00
337.38	-276.00
337.38	-153.33
337.39	-197.33
337.39	-164.67
337.39	-131.34
337.39	-189.34
337.39	-222.00
337.39	-178.66
337.39	-110.00
337.39	-230.00
337.40	-86.67
337.40	-18.00
337.40	-70.66
337.40	-6.67
337.40	-33.33
337.40	-13.33
337.40	-37.33
337.40	106.00
337.40	93.33
337.41	4.00
337.41	-110.66
337.41	-75.33
337.41	-61.34
337.41	-119.34
337.41	-196.00
337.41	-162.67
337.41	-50.66
337.42	-76.67
337.42	-322.67
337.42	-355.33
337.42	-335.33
337.42	-388.00
337.42	-398.66
337.42	-307.33
337.42	-370.66
337.43	-404.00
337.43	-373.33
337.43	-443.33
337.43	-607.33
337.43	-502.00
337.43	-477.33
337.43	-562.00
337.43	-683.33
337.43	-696.67
337.44	-682.00
337.44	-690.66
337.44	-614.00
337.44	-618.66
337.44	-726.00
337.44	-810.66
337.44	-732.00
337.44	-839.34
337.45	-847.33
337.45	-880.66
337.45	-983.33
337.45	-1048.00
337.45	-986.67
337.45	-912.67
337.45	-1013.33
337.45	-958.00
337.45	-1032.67
337.46	-1179.34
337.46	-1145.33
337.46	-1157.33
337.46	-1314.00
337.46	-1216.00
337.46	-1194.00
337.46	-1248.66
337.46	-1314.67
337.47	-1215.33
337.47	-1263.33
337.47	-1330.66
337.47	-1280.66
337.47	-1192.67
337.47	-1126.00
337.47	-1172.67
337.47	-1228.00
337.48	-1189.34
337.48	-1224.00
337.48	-1292.00
337.48	-1290.00
337.48	-1118.00
337.48	-1006.67
337.48	-1118.00
337.48	-1176.67
337.48	-1110.00
337.49	-1068.66
337.49	-1238.66
337.49	-1250.66
337.49	-1084.67
337.49	-1117.33
337.49	-1089.34
337.49	-946.67
337.49	-936.00
337.50	-942.67
337.50	-865.33
337.50	-895.33
337.50	-891.34
337.50	-907.33
337.50	-863.33
337.50	-840.66
337.50	-774.00
337.50	-744.00
337.51	-757.33
337.51	-880.66
337.51	-882.67
337.51	-768.00
337.51	-730.66
337.51	-659.34
337.51	-594.67
337.51	-612.67
337.52	-636.00
337.52	-510.00
337.52	-560.66
337.52	-611.34
337.52	-485.33
337.52	-382.67
337.52	-424.00
337.52	-469.34
337.53	-416.67
337.53	-480.00
337.53	-528.00
337.53	-404.67
337.53	-428.00
337.53	-504.00
337.53	-412.00
337.53	-373.33
337.53	-212.67
337.54	-238.66
337.54	-208.00
337.54	-277.33
337.54	-222.67
337.54	-88.66
337.54	-236.00
337.54	-296.00
337.54	-168.00
337.55	-181.34
337.55	-229.34
337.55	-183.33
337.55	-177.33
337.55	-205.33
337.55	-68.00
337.55	-68.00
337.55	-100.00
337.56	-182.00
337.56	-250.00
337.56	-217.33
337.56	-193.33
337.56	-252.00
337.56	-204.00
337.56	-207.33
337.56	-141.34
337.56	-34.67
337.57	-148.66
337.57	-61.34
337.57	-68.00
337.57	-213.33
337.57	-378.66
337.57	-372.67
337.57	-370.00
337.57	-331.34
337.58	-296.00
337.58	-248.00
337.58	-320.00
337.58	-270.00
337.58	-224.00
337.58	-229.34
337.58	-255.33
337.58	-340.66
337.58	-403.33
337.59	-344.00
337.59	-305.33
337.59	-350.00
337.59	-330.00
337.59	-305.33
337.59	-311.34
337.59	-392.00
337.59	-373.33
337.60	-330.00
337.60	-237.33
337.60	-302.00
337.60	-300.66
337.60	-302.00
337.60	-384.00
337.60	-337.33
337.60	-242.67
337.61	-276.67
337.61	-334.00
337.61	-352.67
337.61	-427.33
337.61	-371.34
337.61	-370.00
337.61	-286.67
337.61	-284.67
337.61	-238.00
337.62	-333.33
337.62	-440.66
337.62	-352.67
337.62	-360.00
337.62	-399.34
337.62	-423.33
337.62	-440.66
337.62	-457.33
337.63	-450.66
337.63	-356.67
337.63	-232.00
337.63	-228.00
337.63	-215.33
337.63	-126.00
337.63	-186.67
337.63	-208.66
337.63	-204.67
337.64	-200.66
337.64	-170.00
337.64	-116.00
337.64	-164.67
337.64	-130.00
337.64	-79.34
337.64	-169.34
337.64	-153.33
337.65	-66.67
337.65	-70.00
337.65	-50.66
337.65	143.33
337.65	198.67
337.65	96.67
337.65	200.67
337.65	142.00
337.66	140.00
337.66	67.33
337.66	83.33
337.66	3.33
337.66	41.33
337.66	109.33
337.66	81.33
337.66	156.00
337.66	215.33
337.67	224.67
337.67	236.67
337.67	275.33
337.67	250.67
337.67	322.00
337.67	294.67
337.67	454.00
337.67	508.67
337.68	612.00
337.68	564.00
337.68	456.67
337.68	474.67
337.68	536.00
337.68	592.00
337.68	481.33
337.68	524.67
337.68	588.67
337.69	538.67
337.69	591.33
337.69	708.67
337.69	692.00
337.69	582.00
337.69	680.67
337.69	653.33
337.69	614.67
337.70	664.00
337.70	636.67
337.70	593.33
337.70	761.33
337.70	632.00
337.70	633.33
337.70	670.00
337.70	678.00
337.71	691.33
337.71	691.33
337.71	774.00
337.71	736.00
337.71	704.67
337.71	693.33
337.71	743.33
337.71	760.67
337.71	610.67
337.72	570.67
337.72	636.67
337.72	546.67
337.72	495.33
337.72	408.00
337.72	411.33
337.72	362.00
337.72	358.00
337.73	396.67
337.73	405.33
337.73	332.67
337.73	254.00
337.73	268.67
337.73	326.67
337.73	178.67
337.73	73.33
337.74	6.00
337.74	88.67
337.74	44.00
337.74	-95.33
337.74	-8.67
337.74	-140.66
337.74	-178.00
337.74	-157.33
337.74	-129.34
337.75	-116.00
337.75	-133.33
337.75	-144.67
337.75	-235.33
337.75	-276.00
337.75	-247.33
337.75	-446.67
337.75	-325.33
337.76	-212.67
337.76	-250.00
337.76	-372.67
337.76	-316.00
337.76	-308.66
337.76	-367.33
337.76	-450.00
337.76	-510.66
337.76	-520.00
337.77	-424.00
337.77	-399.34
337.77	-432.00
337.77	-431.34
337.77	-363.33
337.77	-225.33
337.77	-361.34
337.77	-462.67
337.78	-372.67
337.78	-364.67
337.78	-396.00
337.78	-364.67
337.78	-203.33
337.78	-181.34
337.78	-235.33
337.78	-387.33
337.79	-383.33
337.79	-230.00
337.79	-181.34
337.79	-158.00
337.79	-114.00
337.79	-64.00
337.79	-75.33
337.79	-18.67
337.79	43.33
337.80	80.67
337.80	192.00
337.80	306.67
337.80	152.00
337.80	148.00
337.80	189.33
337.80	238.00
337.80	278.00
337.81	330.00
337.81	340.67
337.81	294.67
337.81	383.33
337.81	388.67
337.81	351.33
337.81	344.00
337.81	364.67
337.81	384.67
337.82	536.67
337.82	592.00
337.82	625.33
337.82	610.00
337.82	668.67
337.82	656.67
337.82	606.00
337.82	669.33
337.83	676.67
337.83	732.00
337.83	745.33
337.83	714.00
337.83	786.67
337.83	763.33
337.83	726.67
337.83	672.00
337.84	702.67
337.84	678.67
337.84	724.67
337.84	661.33
337.84	652.00
337.84	660.00
337.84	632.67
337.84	626.67
337.84	722.00
337.85	686.00
337.85	634.67
337.85	712.00
337.85	592.67
337.85	528.00
337.85	530.67
337.85	450.67
337.85	488.00
337.86	487.33
337.86	443.33
337.86	472.00
337.86	422.67
337.86	307.33
337.86	149.33
337.86	188.00
337.86	189.33
337.86	100.00
337.87	32.00
337.87	-15.33
337.87	-123.33
337.87	-192.67
337.87	-170.66
337.87	-203.33
337.87	-248.00
337.87	-477.33
337.88	-511.34
337.88	-471.34
337.88	-484.00
337.88	-564.00
337.88	-662.00
337.88	-810.00
337.88	-860.00
337.88	-824.67
337.89	-810.00
337.89	-897.33
337.89	-994.67
337.89	-1033.33
337.89	-1096.67
337.89	-1054.67
337.89	-1166.00
337.89	-1244.00
337.89	-1272.00
337.90	-1291.34
337.90	-1287.33
337.90	-1357.33
337.90	-1232.67
337.90	-1221.34
337.90	-1307.33
337.90	-1247.33
337.90	-1337.33
337.91	-1348.66
337.91	-1260.66
337.91	-1401.34
337.91	-1422.00
337.91	-1441.34
337.91	-1386.00
337.91	-1380.00
337.91	-1402.67
337.92	-1374.00
337.92	-1292.00
337.92	-1296.67
337.92	-1180.66
337.92	-1136.00
337.92	-1330.00
337.92	-1308.00
337.92	-1201.34
337.92	-1191.34
337.93	-1252.67
337.93	-1156.67
337.93	-1176.67
337.93	-1112.00
337.93	-1048.66
337.93	-1042.67
337.93	-1125.33
337.93	-1035.33
337.94	-936.67
337.94	-1020.00
337.94	-1016.00
337.94	-832.67
337.94	-790.00
337.94	-872.00
337.94	-944.00
337.94	-857.33
337.94	-850.66
337.95	-846.67
337.95	-800.66
337.95	-732.00
337.95	-662.67
337.95	-676.67
337.95	-709.34
337.95	-700.00
337.95	-667.33
337.96	-500.66
337.96	-494.00
337.96	-383.33
337.96	-399.34
337.96	-476.00
337.96	-487.33
337.96	-412.00
337.96	-400.00
337.97	-374.00
337.97	-298.66
337.97	-266.67
337.97	-349.34
337.97	-323.33
337.97	-264.67
337.97	-316.00
337.97	-312.00
337.97	-138.00
337.98	-151.34
337.98	-181.34
337.98	-112.67
337.98	-201.34
337.98	-252.00
337.98	-230.00
337.98	-303.33
337.98	-286.00
337.99	-258.66
337.99	-204.67
337.99	-308.00
337.99	-329.34
337.99	-420.00
337.99	-485.33
337.99	-641.34
337.99	-508.66
337.99	-456.00
338.00	-441.34
338.00	-510.00
338.00	-507.33
338.00	-578.66
338.00	-516.67
338.00	-560.00
338.00	-596.67
338.00	-705.33
338.01	-812.67
338.01	-802.67
338.01	-747.33
338.01	-766.67
338.01	-744.00
338.01	-898.66
338.01	-933.33
338.01	-952.67
338.02	-1086.00
338.02	-1044.67
338.02	-1037.33
338.02	-1146.67
338.02	-1197.33
338.02	-1089.34
338.02	-1248.66
338.02	-1331.34
338.02	-1281.34
338.03	-1236.67
338.03	-1169.34
338.03	-1154.00
338.03	-1189.34
338.03	-1344.67
338.03	-1322.67
338.03	-1329.34
338.03	-1422.00
338.04	-1428.66
338.04	-1443.33
338.04	-1541.34
338.04	-1507.33
338.04	-1480.00
338.04	-1482.00
338.04	-1450.66
338.04	-1430.00
338.05	-1535.33
338.05	-1589.34
338.05	-1468.66
338.05	-1516.00
338.05	-1561.34
338.05	-1555.33
338.05	-1515.33
338.05	-1570.00
338.05	-1438.00
338.06	-1429.34
338.06	-1599.34
338.06	-1549.34
338.06	-1502.00
338.06	-1535.33
338.06	-1520.66
338.06	-1497.33
338.06	-1316.67
338.07	-1422.67
338.07	-1419.34
338.07	-1326.67
338.07	-1228.66
338.07	-1260.00
338.07	-1234.67
338.07	-1184.00
338.07	-1246.00
338.07	-1368.66
338.08	-1336.67
338.08	-1290.66
338.08	-1164.67
338.08	-1143.33
338.08	-1259.34
338.08	-1222.67
338.08	-1218.66
338.08	-1128.66
338.09	-1126.67
338.09	-1141.34
338.09	-1136.67
338.09	-1207.33
338.09	-1140.66
338.09	-1050.00
338.09	-897.33
338.09	-876.67
338.10	-900.66
338.10	-925.33
338.10	-991.34
338.10	-1081.34
338.10	-846.67
338.10	-804.67
338.10	-797.33
338.10	-801.34
338.10	-806.00
338.11	-801.34
338.11	-923.33
338.11	-871.34
338.11	-861.34
338.11	-770.00
338.11	-815.33
338.11	-776.67
338.11	-788.00
338.12	-938.66
338.12	-887.33
338.12	-866.00
338.12	-838.66
338.12	-747.33
338.12	-676.67
338.12	-631.34
338.12	-684.67
338.12	-803.33
338.13	-727.33
338.13	-820.00
338.13	-889.34
338.13	-873.33
338.13	-794.00
338.13	-590.00
338.13	-651.34
338.13	-619.34
338.14	-616.67
338.14	-640.00
338.14	-670.66
338.14	-738.00
338.14	-840.00
338.14	-676.67
338.14	-698.00
338.14	-732.00
338.15	-806.67
338.15	-860.00
338.15	-822.67
338.15	-754.67
338.15	-716.67
338.15	-734.00
338.15	-749.34
338.15	-647.33
338.15	-553.33
338.16	-525.33
338.16	-612.67
338.16	-604.67
338.16	-718.66
338.16	-756.67
338.16	-814.00
338.16	-923.33
338.16	-915.33
338.17	-764.00
338.17	-818.66
338.17	-790.00
338.17	-830.00
338.17	-856.67
338.17	-847.33
338.17	-835.33
338.17	-733.33
338.17	-723.33
338.18	-644.67
338.18	-624.67
338.18	-644.00
338.18	-759.34
338.18	-737.33
338.18	-824.00
338.18	-976.00
338.18	-1020.00
338.19	-845.33
338.19	-1081.34
338.19	-1056.00
338.19	-838.66
338.19	-801.34
338.19	-769.34
338.19	-807.33
338.19	-817.33
338.20	-847.33
338.20	-798.66
338.20	-731.34
338.20	-796.67
338.20	-828.00
338.20	-784.00
338.20	-800.66
338.20	-840.66
338.20	-788.66
338.21	-778.66
338.21	-788.66
338.21	-710.00
338.21	-767.33
338.21	-799.34
338.21	-744.00
338.21	-710.00
338.21	-574.00
338.22	-559.34
338.22	-567.33
338.22	-711.34
338.22	-779.34
338.22	-728.00
338.22	-711.34
338.22	-741.34
338.22	-732.67
338.23	-748.66
338.23	-687.33
338.23	-552.67
338.23	-481.34
338.23	-540.66
338.23	-637.33
338.23	-762.67
338.23	-717.33
338.23	-747.33
338.24	-640.00
338.24	-685.33
338.24	-760.66
338.24	-584.00
338.24	-492.00
338.24	-470.00
338.24	-485.33
338.24	-464.00
338.25	-522.00
338.25	-450.66
338.25	-462.67
338.25	-476.67
338.25	-547.33
338.25	-554.00
338.25	-529.34
338.25	-517.33
338.25	-564.67
338.26	-584.67
338.26	-544.00
338.26	-672.67
338.26	-620.00
338.26	-457.33
338.26	-502.67
338.26	-580.66
338.26	-602.00
338.27	-652.00
338.27	-666.00
338.27	-611.34
338.27	-674.67
338.27	-659.34
338.27	-501.34
338.27	-558.66
338.27	-668.00
338.28	-616.67
338.28	-587.33
338.28	-524.00
338.28	-525.33
338.28	-520.00
338.28	-458.00
338.28	-416.00
338.28	-447.33
338.28	-496.00
338.29	-515.33
338.29	-501.34
338.29	-474.00
338.29	-484.00
338.29	-398.00
338.29	-436.00
338.29	-616.67
338.29	-538.66
338.30	-446.67
338.30	-402.67
338.30	-375.33
338.30	-377.33
338.30	-349.34
338.30	-480.66
338.30	-448.66
338.30	-526.00
338.30	-464.00
338.31	-444.00
338.31	-484.67
338.31	-478.00
338.31	-426.00
338.31	-382.00
338.31	-490.00
338.31	-503.33
338.31	-375.33
338.32	-416.67
338.32	-498.66
338.32	-474.67
338.32	-389.34
338.32	-501.34
338.32	-393.33
338.32	-398.00
338.32	-475.33
338.33	-478.00
338.33	-399.34
338.33	-296.67
338.33	-396.67
338.33	-428.00
338.33	-341.34
338.33	-284.00
338.33	-374.67
338.33	-568.00
338.34	-583.33
338.34	-544.00
338.34	-406.00
338.34	-442.67
338.34	-486.67
338.34	-515.33
338.34	-436.67
338.34	-514.67
338.35	-376.67
338.35	-345.33
338.35	-388.00
338.35	-368.66
338.35	-254.67
338.35	-236.67
338.35	-398.66
338.35	-375.33
338.36	-368.66
338.36	-350.00
338.36	-320.00
338.36	-264.67
338.36	-239.34
338.36	-305.33
338.36	-305.33
338.36	-330.00
338.36	-284.00
338.37	-286.67
338.37	-380.00
338.37	-390.66
338.37	-231.34
338.37	-165.33
338.37	-242.00
338.37	-260.66
338.37	-294.67
338.38	-358.66
338.38	-606.00
338.38	-571.34
338.38	-496.67
338.38	-383.33
338.38	-320.66
338.38	-382.67
338.38	-486.00
338.38	-418.66
338.39	-462.00
338.39	-394.67
338.39	-257.33
338.39	-218.66
338.39	-284.00
338.39	-332.00
338.39	-310.66
338.39	-252.00
338.40	-292.00
338.40	-342.67
338.40	-334.67
338.40	-343.33
338.40	-368.00
338.40	-402.00
338.40	-334.00
338.40	-320.66
338.41	-316.00
338.41	-293.33
338.41	-197.33
338.41	-195.33
338.41	-264.67
338.41	-327.33
338.41	-346.67
338.41	-318.66
338.41	-280.00
338.42	-162.00
338.42	-285.33
338.42	-402.00
338.42	-272.00
338.42	-284.67
338.42	-364.00
338.42	-328.00
338.42	-228.00
338.43	-310.00
338.43	-382.00
338.43	-234.00
338.43	-349.34
338.43	-388.00
338.43	-356.67
338.43	-265.33
338.43	-317.33
338.43	-307.33
338.44	-337.33
338.44	-372.67
338.44	-442.00
338.44	-464.00
338.44	-403.33
338.44	-324.67
338.44	-322.00
338.44	-304.67
338.45	-363.33
338.45	-333.33
338.45	-340.00
338.45	-304.67
338.45	-360.00
338.45	-366.00
338.45	-442.67
338.45	-465.33
338.46	-351.34
338.46	-266.67
338.46	-384.67
338.46	-325.33
338.46	-194.00
338.46	-404.00
338.46	-431.34
338.46	-428.66
338.46	-484.00
338.47	-399.34
338.47	-274.00
338.47	-311.34
338.47	-306.00
338.47	-224.00
338.47	-208.00
338.47	-308.66
338.47	-340.00
338.48	-365.33
338.48	-404.00
338.48	-430.00
338.48	-362.67
338.48	-344.00
338.48	-417.33
338.48	-327.33
338.48	-225.33
338.48	-291.34
338.49	-228.00
338.49	-272.67
338.49	-340.00
338.49	-398.66
338.49	-234.67
338.49	-283.33
338.49	-426.00
338.49	-312.67
338.50	-425.33
338.50	-352.00
338.50	-314.00
338.50	-334.67
338.50	-335.33
338.50	-306.67
338.50	-320.66
338.50	-201.34
338.51	-302.67
338.51	-262.67
338.51	-272.00
338.51	-281.34
338.51	-170.00
338.51	-315.33
338.51	-448.66
338.51	-440.66
338.51	-417.33
338.52	-416.00
338.52	-380.66
338.52	-372.00
338.52	-388.00
338.52	-294.00
338.52	-286.67
338.52	-400.00
338.52	-372.67
338.53	-233.33
338.53	-321.34
338.53	-235.33
338.53	-292.00
338.53	-284.67
338.53	-226.00
338.53	-316.00
338.53	-229.34
338.54	-208.66
338.54	-184.00
338.54	-235.33
338.54	-168.00
338.54	-227.33
338.54	-241.34
338.54	-174.00
338.54	-247.33
338.54	-308.66
338.55	-262.67
338.55	-226.67
338.55	-253.33
338.55	-308.66
338.55	-360.66
338.55	-379.34
338.55	-348.66
338.55	-335.33
338.56	-240.00
338.56	-349.34
338.56	-341.34
338.56	-349.34
338.56	-342.67
338.56	-319.34
338.56	-330.66
338.56	-268.66
338.56	-306.67
338.57	-236.67
338.57	-264.67
338.57	-242.00
338.57	-345.33
338.57	-398.66
338.57	-302.00
338.57	-347.33
338.57	-288.66
338.58	-396.00
338.58	-324.00
338.58	-469.34
338.58	-544.67
338.58	-360.00
338.58	-146.67
338.58	-210.00
338.58	-284.00
338.59	-314.00
338.59	-351.34
338.59	-381.34
338.59	-354.00
338.59	-342.67
338.59	-338.66
338.59	-350.66
338.59	-346.67
338.59	-394.67
338.60	-295.33
338.60	-278.66
338.60	-267.33
338.60	-187.33
338.60	-248.66
338.60	-309.34
338.60	-288.66
338.60	-274.67
338.61	-242.67
338.61	-229.34
338.61	-210.00
338.61	-254.67
338.61	-325.33
338.61	-388.66
338.61	-336.67
338.61	-398.00
338.61	-252.00
338.62	-170.66
338.62	-300.00
338.62	-248.66
338.62	-243.33
338.62	-371.34
338.62	-244.00
338.62	-220.00
338.62	-184.00
338.63	-192.67
338.63	-231.34
338.63	-244.67
338.63	-258.66
338.63	-334.67
338.63	-283.33
338.63	-215.33
338.63	-260.00
338.64	-301.34
338.64	-242.00
338.64	-366.00
338.64	-316.00
338.64	-274.00
338.64	-182.67
338.64	-318.00
338.64	-296.67
338.64	-290.66
338.65	-302.00
338.65	-264.00
338.65	-230.66
338.65	-241.34
338.65	-218.00
338.65	-263.33
338.65	-198.66
338.65	-195.33
338.66	-104.00
338.66	-168.66
338.66	-252.67
338.66	-171.34
338.66	-195.33
338.66	-299.34
338.66	-244.67
338.66	-356.00
338.66	-377.33
338.67	-350.66
338.67	-310.66
338.67	-394.67
338.67	-365.33
338.67	-318.00
338.67	-216.67
338.67	-294.00
338.67	-342.67
338.68	-252.00
338.68	-230.66
338.68	-300.66
338.68	-402.67
338.68	-303.33
338.68	-306.00
338.68	-240.66
338.68	-328.00
338.69	-326.00
338.69	-250.00
338.69	-315.33
338.69	-244.67
338.69	-232.00
338.69	-310.66
338.69	-384.00
338.69	-291.34
338.69	-306.00
338.70	-328.00
338.70	-265.33
338.70	-268.00
338.70	-228.00
338.70	-290.00
338.70	-301.34
338.70	-286.00
338.70	-242.67
338.71	-260.00
338.71	-238.00
338.71	-245.33
338.71	-245.33
338.71	-230.66
338.71	-342.00
338.71	-355.33
338.71	-185.33
338.72	-278.66
338.72	-257.33
338.72	-260.00
338.72	-178.66
338.72	-206.67
338.72	-240.66
338.72	-179.34
338.72	-182.67
338.72	-221.34
338.73	-182.67
338.73	-152.67
338.73	-297.33
338.73	-331.34
338.73	-310.00
338.73	-324.00
338.73	-423.33
338.73	-436.67
338.74	-404.00
338.74	-267.33
338.74	-252.00
338.74	-292.67
338.74	-334.00
338.74	-212.00
338.74	-252.67
338.74	-248.66
338.74	-191.34
338.75	-372.00
338.75	-436.00
338.75	-333.33
338.75	-252.67
338.75	-327.33
338.75	-381.34
338.75	-362.00
338.75	-335.33
338.76	-323.33
338.76	-256.67
338.76	-278.66
338.76	-248.66
338.76	-266.00
338.76	-347.33
338.76	-350.00
338.76	-360.66
338.77	-390.00
338.77	-360.66
338.77	-284.67
338.77	-212.67
338.77	-280.66
338.77	-282.67
338.77	-195.33
338.77	-276.67
338.77	-275.33
338.78	-246.67
338.78	-334.00
338.78	-320.00
338.78	-260.66
338.78	-398.66
338.78	-382.67
338.78	-259.34
338.78	-220.00
338.79	-262.67
338.79	-263.33
338.79	-195.33
338.79	-332.00
338.79	-362.00
338.79	-227.33
338.79	-84.00
338.79	-96.00
338.79	-236.67
338.80	-286.00
338.80	-320.66
338.80	-332.67
338.80	-270.00
338.80	-242.00
338.80	-129.34
338.80	-160.00
338.80	-186.00
338.81	-320.00
338.81	-347.33
338.81	-215.33
338.81	-270.00
338.81	-266.00
338.81	-364.00
338.81	-260.00
338.81	-304.00
338.82	-308.00
338.82	-264.67
338.82	-284.00
338.82	-366.67
338.82	-265.33
338.82	-146.00
338.82	-203.33
338.82	-196.00
338.82	-226.67
338.83	-174.00
338.83	-278.00
338.83	-302.67
338.83	-366.00
338.83	-256.00
338.83	-338.00
338.83	-274.67
338.83	-189.34
338.84	-119.34
338.84	-141.34
338.84	-201.34
338.84	-286.00
338.84	-402.67
338.84	-373.33
338.84	-349.34
338.84	-295.33
338.85	-268.00
338.85	-222.67
338.85	-306.00
338.85	-435.33
338.85	-402.67
338.85	-358.66
338.85	-262.67
338.85	-287.33
338.85	-190.66
338.86	-125.33
338.86	-228.66
338.86	-232.00
338.86	-340.66
338.86	-244.67
338.86	-218.66
338.86	-168.66
338.86	-184.67
338.87	-271.34
338.87	-226.67
338.87	-266.00
338.87	-388.66
338.87	-330.00
338.87	-262.67
338.87	-264.67
338.87	-175.33
338.87	-241.34
338.88	-364.67
338.88	-319.34
338.88	-278.00
338.88	-285.33
338.88	-362.00
338.88	-250.66
338.88	-306.67
338.88	-230.66
338.89	-194.00
338.89	-184.00
338.89	-189.34
338.89	-152.67
338.89	-137.33
338.89	-234.67
338.89	-216.00
338.89	-180.66
338.90	-245.33
338.90	-298.66
338.90	-352.00
338.90	-297.33
338.90	-224.67
338.90	-244.67
338.90	-254.67
338.90	-315.33
338.90	-363.33
338.91	-353.33
338.91	-228.66
338.91	-219.34
338.91	-223.33
338.91	-250.00
338.91	-160.00
338.91	-140.66
338.91	-258.00
338.92	-355.33
338.92	-339.34
338.92	-325.33
338.92	-266.67
338.92	-231.34
338.92	-206.00
338.92	-320.66
338.92	-366.00
338.92	-210.66
338.93	-262.00
338.93	-302.00
338.93	-274.00
338.93	-262.67
338.93	-270.66
338.93	-276.00
338.93	-296.67
338.93	-380.00
338.94	-270.00
338.94	-316.67
338.94	-315.33
338.94	-206.00
338.94	-208.66
338.94	-282.00
338.94	-248.66
338.94	-92.00
338.95	-116.67
338.95	-171.34
338.95	-270.66
338.95	-262.00
338.95	-264.00
338.95	-352.67
338.95	-276.00
338.95	-258.00
338.95	-308.66
338.96	-328.00
338.96	-231.34
338.96	-207.33
338.96	-246.00
338.96	-114.67
338.96	-233.33
338.96	-352.00
338.96	-338.66
338.97	-188.66
338.97	-140.00
338.97	-158.66
338.97	-226.00
338.97	-246.00
338.97	-244.67
338.97	-342.00
338.97	-284.00
338.97	-191.34
338.98	-316.67
338.98	-325.33
338.98	-288.66
338.98	-317.33
338.98	-275.33
338.98	-258.00
338.98	-161.34
338.98	-149.34
338.99	-233.33
338.99	-270.66
338.99	-316.67
338.99	-323.33
338.99	-370.66
338.99	-292.00
338.99	-318.66
338.99	-354.00
339.00	-301.34
339.00	-272.00
339.00	-238.66
339.00	-252.67
339.00	-330.66
339.00	-362.67
339.00	-330.00
339.00	-246.00
339.00	-310.66
339.01	-346.67
339.01	-230.66
339.01	-257.33
339.01	-190.66
339.01	-186.00
339.01	-252.00
339.01	-250.66
339.01	-237.33
339.02	-222.67
339.02	-301.34
339.02	-343.33
339.02	-334.00
339.02	-398.00
339.02	-316.00
339.02	-234.67
339.02	-182.67
339.03	-218.00
339.03	-198.00
339.03	-154.00
339.03	-190.66
339.03	-254.00
339.03	-239.34
339.03	-254.00
339.03	-200.00
339.03	-120.00
339.04	-210.00
339.04	-204.00
339.04	-232.00
339.04	-295.33
339.04	-290.66
339.04	-259.34
339.04	-183.33
339.04	-185.33
339.05	-271.34
339.05	-203.33
339.05	-207.33
339.05	-244.67
339.05	-212.00
339.05	-178.00
339.05	-214.67
339.05	-197.33
339.05	-255.33
339.06	-258.66
339.06	-333.33
339.06	-246.00
339.06	-170.00
339.06	-156.67
339.06	-159.34
339.06	-166.00
339.06	-168.66
339.07	-176.00
339.07	-212.67
339.07	-236.00
339.07	-308.66
339.07	-270.00
339.07	-371.34
339.07	-302.00
339.07	-210.00
339.08	-156.00
339.08	-300.00
339.08	-181.34
339.08	-111.34
339.08	-124.00
339.08	-85.33
339.08	-202.67
339.08	-302.67
339.08	-379.34
339.09	-364.00
339.09	-372.67
339.09	-261.34
339.09	-257.33
339.09	-350.66
339.09	-368.00
339.09	-265.33
339.09	-246.00
339.10	-256.00
339.10	-204.00
339.10	-215.33
339.10	-352.67
339.10	-359.34
339.10	-304.67
339.10	-231.34
339.10	-310.00
339.10	-379.34
339.11	-373.33
339.11	-377.33
339.11	-344.67
339.11	-277.33
339.11	-312.67
339.11	-244.00
339.11	-244.00
339.11	-250.66
339.12	-196.67
339.12	-172.67
339.12	-86.67
339.12	-176.00
339.12	-230.66
339.12	-247.33
339.12	-275.33
339.12	-290.66
339.13	-310.00
339.13	-420.66
339.13	-252.67
339.13	-252.67
339.13	-331.34
339.13	-289.34
339.13	-192.67
339.13	-322.67
339.13	-347.33
339.14	-238.00
339.14	-238.66
339.14	-260.00
339.14	-309.34
339.14	-268.66
339.14	-220.00
339.14	-265.33
339.14	-256.00
339.15	-303.33
339.15	-372.67
339.15	-431.34
339.15	-452.00
339.15	-480.66
339.15	-216.67
339.15	-222.67
339.15	-272.00
339.15	-195.33
339.16	-279.34
339.16	-258.00
339.16	-382.67
339.16	-209.34
339.16	-210.66
339.16	-244.00
339.16	-268.00
339.16	-243.33
339.17	-246.67
339.17	-144.00
339.17	-143.33
339.17	-256.00
339.17	-312.00
339.17	-334.67
339.17	-245.33
339.17	-254.67
339.18	-242.00
339.18	-206.67
339.18	-149.34
339.18	-183.33
339.18	-298.66
339.18	-280.66
339.18	-183.33
339.18	-233.33
339.18	-298.00
339.19	-172.00
339.19	-149.34
339.19	-262.67
339.19	-349.34
339.19	-270.00
339.19	-370.00
339.19	-248.00
339.19	-150.66
339.20	-224.00
339.20	-246.00
339.20	-240.00
339.20	-138.66
339.20	-166.67
339.20	-223.33
339.20	-147.33
339.20	-309.34
339.21	-348.66
339.21	-322.67
339.21	-240.00
339.21	-322.67
339.21	-288.66
339.21	-252.00
339.21	-203.33
339.21	-311.34
339.21	-358.00
339.22	-322.00
339.22	-345.33
339.22	-422.00
339.22	-410.00
339.22	-280.00
339.22	-353.33
339.22	-347.33
339.22	-251.34
339.23	-226.00
339.23	-276.00
339.23	-343.33
339.23	-295.33
339.23	-182.67
339.23	-228.00
339.23	-316.00
339.23	-310.66
339.23	-197.33
339.24	-350.00
339.24	-238.00
339.24	-252.67
339.24	-325.33
339.24	-276.67
339.24	-274.67
339.24	-392.67
339.24	-382.67
339.25	-290.66
339.25	-387.33
339.25	-433.33
339.25	-317.33
339.25	-234.67
339.25	-275.33
339.25	-334.67
339.25	-245.33
339.26	-292.67
339.26	-277.33
339.26	-306.00
339.26	-254.67
339.26	-212.67
339.26	-183.33
339.26	-243.33
339.26	-236.00
339.26	-199.34
339.27	-276.67
339.27	-264.67
339.27	-268.00
339.27	-377.33
339.27	-352.00
339.27	-164.67
339.27	-136.00
339.27	-223.33
339.28	-281.34
339.28	-350.00
339.28	-301.34
339.28	-256.00
339.28	-201.34
339.28	-201.34
339.28	-294.00
339.28	-194.67
339.28	-172.00
339.29	-127.33
339.29	-195.33
339.29	-300.66
339.29	-260.00
339.29	-259.34
339.29	-260.66
339.29	-314.00
339.29	-428.66
339.30	-384.00
339.30	-300.00
339.30	-363.33
339.30	-262.00
339.30	-252.67
339.30	-262.00
339.30	-213.33
339.30	-94.00
339.31	-186.00
339.31	-225.33
339.31	-144.00
339.31	-145.33
339.31	-244.67
339.31	-217.33
339.31	-275.33
339.31	-395.33
339.31	-403.33
339.32	-174.67
339.32	-212.67
339.32	-328.00
339.32	-339.34
339.32	-322.00
339.32	-392.67
339.32	-360.66
339.32	-287.33
339.33	-324.67
339.33	-307.33
339.33	-244.00
339.33	-205.33
339.33	-257.33
339.33	-178.66
339.33	-86.67
339.33	-84.00
339.34	-149.34
339.34	-176.67
339.34	-255.33
339.34	-255.33
339.34	-288.00
339.34	-346.67
339.34	-374.00
339.34	-359.34
339.34	-398.66
339.35	-493.33
339.35	-304.00
339.35	-171.34
339.35	-159.34
339.35	-73.33
339.35	-136.00
339.35	-202.00
339.35	-103.33
339.36	-179.34
339.36	-287.33
339.36	-281.34
339.36	-342.67
339.36	-259.34
339.36	-274.00
339.36	-382.00
339.36	-354.67
339.36	-374.00
339.37	-355.33
339.37	-327.33
339.37	-256.67
339.37	-271.34
339.37	-320.66
339.37	-299.34
339.37	-177.33
339.37	-253.33
339.38	-196.67
339.38	-224.67
339.38	-298.66
339.38	-317.33
339.38	-262.67
339.38	-324.00
339.38	-197.33
339.38	-208.66
339.39	-224.00
339.39	-240.66
339.39	-197.33
339.39	-274.67
339.39	-136.00
339.39	-248.66
339.39	-319.34
339.39	-150.00
339.39	-112.00
339.40	-194.00
339.40	-149.34
339.40	-165.33
339.40	-252.67
339.40	-319.34
339.40	-368.00
339.40	-261.34
339.40	-208.00
339.41	-298.66
339.41	-206.00
339.41	-201.34
339.41	-290.00
339.41	-278.00
339.41	-118.66
339.41	-184.00
339.41	-278.66
339.41	-268.00
339.42	-265.33
339.42	-248.66
339.42	-260.66
339.42	-299.34
339.42	-256.67
339.42	-294.00
339.42	-281.34
339.42	-270.00
339.43	-278.66
339.43	-276.67
339.43	-334.00
339.43	-226.67
339.43	-229.34
339.43	-349.34
339.43	-207.33
339.43	-121.34
339.44	-230.00
339.44	-314.00
339.44	-282.67
339.44	-246.67
339.44	-324.67
339.44	-240.66
339.44	-312.00
339.44	-400.66
