334.56	-174.00
334.56	-128.00
334.56	-254.00
334.56	-276.00
334.57	-222.67
334.57	-213.33
334.57	-231.34
334.57	-202.00
334.57	-219.34
334.57	-282.00
334.57	-220.00
334.57	-188.66
334.58	-145.33
334.58	-102.67
334.58	-178.00
334.58	-194.67
334.58	-65.33
334.58	-52.00
334.58	-155.33
334.58	-136.00
334.59	-152.67
334.59	-297.33
334.59	-301.34
334.59	-174.00
334.59	-178.66
334.59	-136.67
334.59	-152.00
334.59	-97.33
334.59	-120.00
334.60	-156.67
334.60	-107.33
334.60	-147.33
334.60	-222.00
334.60	-215.33
334.60	-218.66
334.60	-218.66
334.60	-156.00
334.61	-150.66
334.61	-182.67
334.61	-191.34
334.61	-253.33
334.61	-245.33
334.61	-263.33
334.61	-206.00
334.61	-199.34
334.61	-132.67
334.62	-72.67
334.62	-122.67
334.62	-144.67
334.62	-172.67
334.62	-109.34
334.62	-120.00
334.62	-173.33
334.62	-226.00
334.63	-242.00
334.63	-164.00
334.63	-53.33
334.63	-172.67
334.63	-181.34
334.63	-89.34
334.63	-114.67
334.63	-177.33
334.64	-224.00
334.64	-212.00
334.64	-228.66
334.64	-262.67
334.64	-204.67
334.64	-139.34
334.64	-143.33
334.64	-154.00
334.64	-255.33
334.65	-244.00
334.65	-184.00
334.65	-96.00
334.65	-188.00
334.65	-284.67
334.65	-282.00
334.65	-280.66
334.65	-218.00
334.66	-122.00
334.66	-132.67
334.66	-183.33
334.66	-195.33
334.66	-298.66
334.66	-277.33
334.66	-240.66
334.66	-228.00
334.67	-274.67
334.67	-226.67
334.67	-131.34
334.67	-138.00
334.67	-193.33
334.67	-312.00
334.67	-228.00
334.67	-235.33
334.67	-323.33
334.68	-284.00
334.68	-264.67
334.68	-251.34
334.68	-211.34
334.68	-221.34
334.68	-254.67
334.68	-202.00
334.68	-304.00
334.69	-286.00
334.69	-218.00
334.69	-214.00
334.69	-226.00
334.69	-145.33
334.69	-60.66
334.69	-104.67
334.69	-48.00
334.69	-43.33
334.70	-128.00
334.70	-243.33
334.70	-319.34
334.70	-257.33
334.70	-208.00
334.70	-95.33
334.70	-146.67
334.70	-252.00
334.71	-256.00
334.71	-270.66
334.71	-383.33
334.71	-294.00
334.71	-272.00
334.71	-222.00
334.71	-232.00
334.71	-156.00
334.72	-136.00
334.72	-353.33
334.72	-206.00
334.72	-94.67
334.72	-128.00
334.72	-141.34
334.72	-176.67
334.72	-304.00
334.72	-288.66
334.73	-300.00
334.73	-254.00
334.73	-188.00
334.73	-238.00
334.73	-254.67
334.73	-148.66
334.73	-61.34
334.73	-162.67
334.74	-196.00
334.74	-148.00
334.74	-162.00
334.74	-278.66
334.74	-247.33
334.74	-270.66
334.74	-260.66
334.74	-365.33
334.74	-298.00
334.75	-298.00
334.75	-322.00
334.75	-336.67
334.75	-215.33
334.75	-144.00
334.75	-184.67
334.75	-231.34
334.75	-260.00
334.76	-276.00
334.76	-253.33
334.76	-172.00
334.76	-316.67
334.76	-354.00
334.76	-295.33
334.76	-303.33
334.76	-240.66
334.77	-138.66
334.77	-213.33
334.77	-294.00
334.77	-180.00
334.77	-191.34
334.77	-178.00
334.77	-239.34
334.77	-246.00
334.77	-250.00
334.78	-248.00
334.78	-198.00
334.78	-231.34
334.78	-216.00
334.78	-173.33
334.78	-142.67
334.78	-224.00
334.78	-200.00
334.79	-207.33
334.79	-174.67
334.79	-166.00
334.79	-218.66
334.79	-247.33
334.79	-206.00
334.79	-214.67
334.79	-160.00
334.79	-67.33
334.80	-63.33
334.80	-131.34
334.80	-170.00
334.80	-231.34
334.80	-232.00
334.80	-190.66
334.80	-76.67
334.80	-169.34
334.81	-223.33
334.81	-221.34
334.81	-74.67
334.81	-198.00
334.81	-199.34
334.81	-202.00
334.81	-236.67
334.81	-133.33
334.82	-50.66
334.82	22.00
334.82	-81.34
334.82	-276.67
334.82	-298.66
334.82	-294.67
334.82	-302.67
334.82	-244.00
334.82	-243.33
334.83	-167.33
334.83	-145.33
334.83	-104.67
334.83	-23.33
334.83	-161.34
334.83	-240.00
334.83	-217.33
334.83	-242.67
334.84	-151.34
334.84	-184.00
334.84	-250.66
334.84	-307.33
334.84	-319.34
334.84	-286.00
334.84	-158.66
334.84	-100.00
334.85	-211.34
334.85	-176.00
334.85	-57.33
334.85	-160.66
334.85	-127.33
334.85	-82.00
334.85	-217.33
334.85	-250.00
334.85	-224.00
334.86	-223.33
334.86	-286.67
334.86	-182.00
334.86	-116.00
334.86	-58.66
334.86	-152.67
334.86	-185.33
334.86	-308.66
334.87	-220.66
334.87	-192.00
334.87	-130.00
334.87	-104.67
334.87	-160.66
334.87	-210.66
334.87	-232.00
334.87	-201.34
334.87	-228.66
334.88	-321.34
334.88	-352.67
334.88	-210.66
334.88	-196.00
334.88	-194.67
334.88	-218.00
334.88	-185.33
334.88	-218.00
334.89	-160.66
334.89	-145.33
334.89	-259.34
334.89	-142.00
334.89	-154.67
334.89	-196.67
334.89	-122.67
334.89	-78.66
334.90	-111.34
334.90	-140.66
334.90	-134.00
334.90	-233.33
334.90	-174.00
334.90	-161.34
334.90	-100.66
334.90	-117.33
334.90	-180.00
334.91	-84.00
334.91	-128.00
334.91	-102.00
334.91	-162.00
334.91	-156.67
334.91	-173.33
334.91	-218.00
334.91	-246.00
334.92	-310.66
334.92	-306.00
334.92	-211.34
334.92	-236.67
334.92	-266.00
334.92	-246.00
334.92	-206.00
334.92	-160.00
334.92	-169.34
334.93	-173.33
334.93	-292.67
334.93	-220.00
334.93	-188.00
334.93	-134.00
334.93	-156.67
334.93	-170.66
334.93	-152.00
334.94	-158.00
334.94	-248.00
334.94	-194.67
334.94	-190.00
334.94	-181.34
334.94	-200.66
334.94	-129.34
334.94	-169.34
334.95	-130.00
334.95	-221.34
334.95	-334.67
334.95	-351.34
334.95	-257.33
334.95	-260.00
334.95	-224.00
334.95	-186.67
334.95	-325.33
334.96	-217.33
334.96	-178.66
334.96	-224.00
334.96	-234.00
334.96	-169.34
334.96	-173.33
334.96	-168.66
334.96	-142.67
334.97	-230.00
334.97	-304.00
334.97	-228.00
334.97	-112.67
334.97	-88.00
334.97	-102.67
334.97	-204.00
334.97	-330.66
334.98	-316.00
334.98	-344.67
334.98	-212.67
334.98	-247.33
334.98	-224.00
334.98	-194.67
334.98	-246.00
334.98	-262.67
334.98	-203.33
334.99	-118.66
334.99	-180.00
334.99	-164.67
334.99	-158.00
334.99	-144.67
334.99	-216.00
334.99	-272.67
334.99	-168.66
335.00	-51.34
335.00	-64.67
335.00	-56.67
335.00	-83.33
335.00	-200.66
335.00	-255.33
335.00	-291.34
335.00	-292.67
335.00	-209.34
335.01	-127.33
335.01	-90.66
335.01	-144.00
335.01	-126.67
335.01	-85.33
335.01	-119.34
335.01	-186.00
335.01	-172.00
335.02	-252.67
335.02	-210.00
335.02	-140.66
335.02	-119.34
335.02	-109.34
335.02	-196.67
335.02	-216.00
335.02	-158.66
335.03	-214.00
335.03	-174.00
335.03	-161.34
335.03	-121.34
335.03	-156.67
335.03	-171.34
335.03	-100.00
335.03	-230.00
335.03	-150.66
335.04	-84.67
335.04	-96.67
335.04	-78.66
335.04	-110.66
335.04	-127.33
335.04	-178.66
335.04	-161.34
335.04	-195.33
335.05	-172.00
335.05	-174.00
335.05	-155.33
335.05	-220.00
335.05	-183.33
335.05	-226.00
335.05	-262.00
335.05	-230.00
335.05	-219.34
335.06	-348.66
335.06	-329.34
335.06	-259.34
335.06	-200.00
335.06	-229.34
335.06	-144.00
335.06	-196.67
335.06	-251.34
335.07	-198.00
335.07	-265.33
335.07	-237.33
335.07	-224.00
335.07	-244.67
335.07	-299.34
335.07	-246.00
335.07	-150.00
335.08	-164.67
335.08	-233.33
335.08	-115.33
335.08	-200.66
335.08	-113.33
335.08	-124.67
335.08	-192.00
335.08	-206.67
335.08	-142.67
335.09	-121.34
335.09	-112.00
335.09	-58.00
335.09	-27.33
335.09	-208.00
335.09	-199.34
335.09	-150.00
335.09	-138.00
335.10	-153.33
335.10	-215.33
335.10	-138.66
335.10	-221.34
335.10	-231.34
335.10	-165.33
335.10	-249.34
335.10	-162.67
335.10	-46.00
335.11	-76.67
335.11	-130.00
335.11	-145.33
335.11	-139.34
335.11	-219.34
335.11	-223.33
335.11	-222.00
335.11	-309.34
335.12	-190.00
335.12	-168.00
335.12	-143.33
335.12	-239.34
335.12	-139.34
335.12	-182.67
335.12	-280.00
335.12	-295.33
335.13	-237.33
335.13	-261.34
335.13	-366.00
335.13	-304.67
335.13	-259.34
335.13	-253.33
335.13	-127.33
335.13	-246.00
335.13	-340.00
335.14	-268.00
335.14	-178.00
335.14	-309.34
335.14	-291.34
335.14	-228.66
335.14	-238.66
335.14	-218.00
335.14	-247.33
335.15	-257.33
335.15	-322.00
335.15	-340.66
335.15	-160.66
335.15	-196.67
335.15	-172.67
335.15	-116.00
335.15	-184.67
335.16	-211.34
335.16	-134.00
335.16	-118.66
335.16	-167.33
335.16	-180.00
335.16	-224.00
335.16	-264.67
335.16	-206.00
335.16	-288.00
335.17	-302.67
335.17	-205.33
335.17	-68.00
335.17	-150.66
335.17	-218.66
335.17	-148.66
335.17	-276.67
335.17	-279.34
335.18	-112.67
335.18	-175.33
335.18	-224.00
335.18	-200.00
335.18	-224.00
335.18	-216.67
335.18	-173.33
335.18	-71.34
335.18	-236.00
335.19	-245.33
335.19	-176.00
335.19	-194.00
335.19	-55.33
335.19	-143.33
335.19	-194.00
335.19	-231.34
335.19	-180.00
335.20	-100.66
335.20	-230.00
335.20	-195.33
335.20	-192.00
335.20	-226.00
335.20	-223.33
335.20	-197.33
335.20	-189.34
335.21	-203.33
335.21	-277.33
335.21	-181.34
335.21	-296.00
335.21	-243.33
335.21	-168.00
335.21	-193.33
335.21	-290.00
335.21	-277.33
335.22	-253.33
335.22	-271.34
335.22	-266.00
335.22	-236.00
335.22	-226.67
335.22	-228.66
335.22	-238.66
335.22	-324.00
335.23	-274.67
335.23	-202.00
335.23	-164.00
335.23	-184.00
335.23	-230.66
335.23	-110.00
335.23	-138.66
335.23	-230.00
335.23	-136.67
335.24	-144.00
335.24	-144.00
335.24	-60.66
335.24	-150.66
335.24	-222.67
335.24	-220.66
335.24	-181.34
335.24	-183.33
335.25	-114.67
335.25	-162.00
335.25	-146.67
335.25	-116.67
335.25	-198.66
335.25	-168.66
335.25	-114.67
335.25	-44.00
335.26	-153.33
335.26	-147.33
335.26	-230.00
335.26	-227.33
335.26	-218.66
335.26	-186.67
335.26	-186.67
335.26	-262.00
335.26	-320.00
335.27	-216.67
335.27	-165.33
335.27	-204.00
335.27	-232.00
335.27	-145.33
335.27	-157.33
335.27	-174.00
335.27	-134.00
335.28	-258.00
335.28	-212.67
335.28	-204.00
335.28	-241.34
335.28	-325.33
335.28	-259.34
335.28	-296.67
335.28	-389.34
335.29	-208.00
335.29	-122.00
335.29	-104.67
335.29	-150.00
335.29	-238.00
335.29	-218.66
335.29	-148.00
335.29	-130.00
335.29	-190.00
335.30	-142.00
335.30	-180.00
335.30	-218.66
335.30	-268.66
335.30	-299.34
335.30	-193.33
335.30	-224.67
335.30	-229.34
335.31	-215.33
335.31	-303.33
335.31	-312.00
335.31	-230.00
335.31	-276.00
335.31	-134.00
335.31	-54.00
335.31	-124.67
335.31	-144.00
335.32	-71.34
335.32	-93.33
335.32	-162.00
335.32	-154.00
335.32	-83.33
335.32	-206.00
335.32	-166.00
335.32	-136.00
335.33	-140.00
335.33	-180.66
335.33	-236.67
335.33	-258.66
335.33	-264.00
335.33	-198.00
335.33	-220.00
335.33	-146.67
335.34	-107.33
335.34	-144.67
335.34	-334.67
335.34	-289.34
335.34	-263.33
335.34	-145.33
335.34	-261.34
335.34	-245.33
335.34	-179.34
335.35	-182.00
335.35	-324.67
335.35	-372.00
335.35	-368.00
335.35	-405.33
335.35	-293.33
335.35	-166.00
335.35	-152.00
335.36	-274.00
335.36	-214.00
335.36	-288.66
335.36	-307.33
335.36	-265.33
335.36	-232.00
335.36	-236.00
335.36	-211.34
335.36	-171.34
335.37	-166.67
335.37	-100.00
335.37	-57.33
335.37	-112.67
335.37	-144.67
335.37	-135.33
335.37	-204.00
335.37	-250.00
335.38	-184.67
335.38	-121.34
335.38	-70.00
335.38	-28.00
335.38	-118.00
335.38	-184.00
335.38	-128.00
335.38	-122.00
335.39	-105.33
335.39	-64.00
335.39	-71.34
335.39	-207.33
335.39	-111.34
335.39	-177.33
335.39	-239.34
335.39	-198.00
335.39	-164.00
335.40	-152.00
335.40	-188.66
335.40	-135.33
335.40	-206.00
335.40	-131.34
335.40	-46.67
335.40	-128.00
335.40	-316.00
335.41	-337.33
335.41	-252.67
335.41	-258.00
335.41	-276.67
335.41	-208.66
335.41	-115.33
335.41	-164.00
335.41	-133.33
335.41	-62.00
335.42	-180.00
335.42	-262.00
335.42	-248.00
335.42	-236.00
335.42	-165.33
335.42	-120.66
335.42	-322.00
335.42	-278.00
335.43	-205.33
335.43	-247.33
335.43	-202.00
335.43	-147.33
335.43	-109.34
335.43	-150.66
335.43	-137.33
335.43	-172.00
335.44	-136.67
335.44	-234.67
335.44	-123.33
335.44	-205.33
335.44	-241.34
335.44	-270.66
335.44	-262.67
335.44	-231.34
335.44	-217.33
335.45	-178.00
335.45	-161.34
335.45	-183.33
335.45	-204.00
335.45	-204.00
335.45	-123.33
335.45	-96.67
335.45	-234.67
335.46	-211.34
335.46	-114.00
335.46	-168.00
335.46	-152.67
335.46	-210.66
335.46	-186.00
335.46	-200.00
335.46	-122.00
335.47	-56.67
335.47	-150.66
335.47	-88.66
335.47	-54.67
335.47	-172.67
335.47	-246.67
335.47	-252.00
335.47	-196.67
335.47	-150.66
335.48	-134.00
335.48	-84.67
335.48	-178.66
335.48	-192.67
335.48	-240.66
335.48	-164.67
335.48	-198.00
335.48	-224.00
335.49	-255.33
335.49	-234.00
335.49	-265.33
335.49	-218.66
335.49	-241.34
335.49	-274.67
335.49	-239.34
335.49	-162.67
335.49	-144.00
335.50	-141.34
335.50	-112.67
335.50	-234.67
335.50	-253.33
335.50	-285.33
335.50	-332.67
335.50	-292.67
335.50	-325.33
335.51	-298.00
335.51	-346.00
335.51	-200.00
335.51	-173.33
335.51	-214.00
335.51	-169.34
335.51	-70.66
335.51	-134.67
335.52	-158.00
335.52	-63.33
335.52	-186.67
335.52	-183.33
335.52	-191.34
335.52	-260.00
335.52	-214.67
335.52	-104.00
335.52	-87.33
335.53	-132.00
335.53	-94.00
335.53	-140.00
335.53	-222.67
335.53	-198.66
335.53	-216.00
335.53	-320.66
335.53	-263.33
335.54	-224.00
335.54	-269.34
335.54	-242.00
335.54	-126.67
335.54	-60.66
335.54	-264.00
335.54	-193.33
335.54	-189.34
335.54	-150.66
335.55	-219.34
335.55	-184.00
335.55	-328.00
335.55	-370.00
335.55	-227.33
335.55	-215.33
335.55	-117.33
335.55	-78.66
335.56	-89.34
335.56	-88.66
335.56	-59.34
335.56	-89.34
335.56	-159.34
335.56	-196.00
335.56	-160.00
335.56	-178.66
335.57	-187.33
335.57	-160.00
335.57	-219.34
335.57	-154.67
335.57	-206.67
335.57	-121.34
335.57	-126.67
335.57	-249.34
335.57	-115.33
335.58	-140.00
335.58	-139.34
335.58	-230.00
335.58	-184.00
335.58	-236.67
335.58	-98.66
335.58	-98.00
335.58	-222.67
335.59	-225.33
335.59	-136.00
335.59	-221.34
335.59	-268.00
335.59	-222.00
335.59	-264.67
335.59	-254.67
335.59	-204.00
335.59	-129.34
335.60	-185.33
335.60	-169.34
335.60	-147.33
335.60	-226.00
335.60	-202.67
335.60	-94.67
335.60	-60.00
335.60	-144.00
335.61	-140.66
335.61	-190.00
335.61	-261.34
335.61	-138.66
335.61	-10.67
335.61	-82.67
335.61	-206.67
335.61	-150.00
335.62	-109.34
335.62	-143.33
335.62	34.67
335.62	3.33
335.62	-23.33
335.62	-16.00
335.62	-96.67
335.62	-74.00
335.62	-43.33
335.63	-110.66
335.63	-213.33
335.63	-321.34
335.63	-184.67
335.63	-242.00
335.63	-250.66
335.63	-168.66
335.63	-182.67
335.64	-124.00
335.64	-218.00
335.64	-262.67
335.64	-204.67
335.64	-294.67
335.64	-269.34
335.64	-330.66
335.64	-276.00
335.65	-228.66
335.65	-124.67
335.65	-95.33
335.65	-65.33
335.65	-164.00
335.65	-188.66
335.65	-64.67
335.65	-70.66
335.65	-144.67
335.66	-152.00
335.66	-141.34
335.66	-210.66
335.66	-248.66
335.66	-148.66
335.66	-122.67
335.66	-200.00
335.66	-200.66
335.67	-216.67
335.67	-292.00
335.67	-197.33
335.67	-153.33
335.67	-178.66
335.67	-230.00
335.67	-172.67
335.67	-189.34
335.67	-166.00
335.68	-214.00
335.68	-253.33
335.68	-298.66
335.68	-249.34
335.68	-264.00
335.68	-229.34
335.68	-170.66
335.68	-110.00
335.69	-126.67
335.69	-260.66
335.69	-186.67
335.69	-168.00
335.69	-212.67
335.69	-142.67
335.69	-198.00
335.69	-194.67
335.70	-138.00
335.70	-245.33
335.70	-262.00
335.70	-204.00
335.70	-226.67
335.70	-374.67
335.70	-216.67
335.70	-170.66
335.70	-318.00
335.71	-336.00
335.71	-252.67
335.71	-292.00
335.71	-297.33
335.71	-270.00
335.71	-210.66
335.71	-189.34
335.71	-134.67
335.72	-153.33
335.72	-123.33
335.72	-186.00
335.72	-224.00
335.72	-246.67
335.72	-164.00
335.72	-149.34
335.72	-92.67
335.72	-94.67
335.73	-192.67
335.73	-190.00
335.73	-285.33
335.73	-206.67
335.73	-202.67
335.73	-137.33
335.73	-196.00
335.73	-187.33
335.74	-152.67
335.74	-189.34
335.74	-127.33
335.74	-178.00
335.74	-192.67
335.74	-174.67
335.74	-120.66
335.74	-228.66
335.75	-304.67
335.75	-215.33
335.75	-266.00
335.75	-217.33
335.75	-68.66
335.75	-103.33
335.75	-230.00
335.75	-125.33
335.75	-122.00
335.76	-143.33
335.76	-186.67
335.76	-225.33
335.76	-220.00
335.76	-269.34
335.76	-174.00
335.76	-154.00
335.76	-118.66
335.77	-84.67
335.77	-108.00
335.77	-161.34
335.77	-336.00
335.77	-210.66
335.77	-188.00
335.77	-268.00
335.77	-204.00
335.77	-228.66
335.78	-232.67
335.78	-172.67
335.78	-284.67
335.78	-208.00
335.78	-121.34
335.78	-176.67
335.78	-288.66
335.78	-238.66
335.79	-182.67
335.79	-245.33
335.79	-250.00
335.79	-287.33
335.79	-278.00
335.79	-192.67
335.79	-185.33
335.79	-130.66
335.80	-204.00
335.80	-195.33
335.80	-277.33
335.80	-201.34
335.80	-273.33
335.80	-289.34
335.80	-328.66
335.80	-354.00
335.80	-328.00
335.81	-267.33
335.81	-269.34
335.81	-178.00
335.81	-90.00
335.81	-167.33
335.81	-222.67
335.81	-184.00
335.81	-240.66
335.82	-240.00
335.82	-250.00
335.82	-290.66
335.82	-215.33
335.82	-124.67
335.82	-82.67
335.82	-142.67
335.82	-262.00
335.83	-272.67
335.83	-243.33
335.83	-235.33
335.83	-136.67
335.83	-240.66
335.83	-202.00
335.83	-162.00
335.83	-240.66
335.83	-316.67
335.84	-284.67
335.84	-163.33
335.84	-170.66
335.84	-152.67
335.84	-164.67
335.84	-170.66
335.84	-212.67
335.84	-139.34
335.85	-222.00
335.85	-261.34
335.85	-258.66
335.85	-256.00
335.85	-280.00
335.85	-248.66
335.85	-272.00
335.85	-276.67
335.85	-192.00
335.86	-127.33
335.86	-87.33
335.86	-149.34
335.86	-227.33
335.86	-218.66
335.86	-261.34
335.86	-278.00
335.86	-235.33
335.87	-89.34
335.87	-110.00
335.87	-168.00
335.87	-178.00
335.87	-144.00
335.87	-72.00
335.87	-144.00
335.87	-158.00
335.88	-234.67
335.88	-251.34
335.88	-160.00
335.88	-178.00
335.88	-189.34
335.88	-171.34
335.88	-184.67
335.88	-90.66
335.88	-184.67
335.89	-240.66
335.89	-133.33
335.89	-136.67
335.89	-228.66
335.89	-206.67
335.89	-158.00
335.89	-203.33
335.89	-224.67
335.90	-81.34
335.90	-118.00
335.90	-89.34
335.90	-70.00
335.90	-201.34
335.90	-240.66
335.90	-184.67
335.90	-192.67
335.90	-199.34
335.91	-205.33
335.91	-241.34
335.91	-250.66
335.91	-190.00
335.91	-225.33
335.91	-176.67
335.91	-190.00
335.91	-100.00
335.92	-73.33
335.92	-194.00
335.92	-248.66
335.92	-198.66
335.92	-202.00
335.92	-246.00
335.92	-260.00
335.92	-280.66
335.93	-234.00
335.93	-188.66
335.93	-174.67
335.93	-56.67
335.93	-42.67
335.93	-126.00
335.93	-174.67
335.93	-60.00
335.93	-161.34
335.94	-236.67
335.94	-162.00
335.94	-255.33
335.94	-303.33
335.94	-351.34
335.94	-231.34
335.94	-196.67
335.94	-149.34
335.95	-69.34
335.95	-124.67
335.95	-207.33
335.95	-102.67
335.95	-139.34
335.95	-124.00
335.95	-101.34
335.95	-157.33
335.96	-202.00
335.96	-138.66
335.96	-50.66
335.96	-109.34
335.96	-225.33
335.96	-290.00
335.96	-238.00
335.96	-232.67
335.96	-188.00
335.97	-99.34
335.97	-135.33
335.97	-299.34
335.97	-330.00
335.97	-273.33
335.97	-243.33
335.97	-98.00
335.97	-194.67
335.98	-228.66
335.98	-186.67
335.98	-146.00
335.98	-130.00
335.98	-211.34
335.98	-154.67
335.98	-139.34
335.98	-182.00
335.98	-148.00
335.99	-70.00
335.99	-60.00
335.99	-176.00
335.99	-204.00
335.99	-194.00
335.99	-250.00
335.99	-261.34
335.99	-157.33
336.00	-132.67
336.00	-156.67
336.00	-142.67
336.00	-271.34
336.00	-196.00
336.00	-114.00
336.00	-152.67
336.00	-141.34
336.01	-63.33
336.01	-118.66
336.01	-109.34
336.01	-136.00
336.01	-247.33
336.01	-162.00
336.01	-100.66
336.01	-113.33
336.01	-135.33
336.02	-98.00
336.02	-237.33
336.02	-203.33
336.02	-151.34
336.02	-157.33
336.02	-196.00
336.02	-246.00
336.02	-108.66
336.03	-86.00
336.03	-115.33
336.03	-184.67
336.03	-294.67
336.03	-293.33
336.03	-234.67
336.03	-145.33
336.03	-198.00
336.03	-195.33
336.04	-76.00
336.04	-88.00
336.04	-203.33
336.04	-130.00
336.04	-190.00
336.04	-294.00
336.04	-227.33
336.04	-122.67
336.05	-203.33
336.05	-226.67
336.05	-164.67
336.05	-220.00
336.05	-254.00
336.05	-257.33
336.05	-220.66
336.05	-235.33
336.06	-157.33
336.06	-123.33
336.06	-160.00
336.06	-193.33
336.06	-166.00
336.06	-69.34
336.06	-76.00
336.06	-71.34
336.06	-105.33
336.07	-106.00
336.07	-198.00
336.07	-140.00
336.07	-216.67
336.07	-150.00
336.07	-100.00
336.07	-111.34
336.07	-106.67
336.08	-69.34
336.08	-138.00
336.08	-28.67
336.08	-58.00
336.08	-151.34
336.08	-91.34
336.08	-124.67
336.08	-148.66
336.08	-216.67
336.09	-144.00
336.09	-120.00
336.09	-130.66
336.09	24.00
336.09	25.33
336.09	-91.34
336.09	-146.00
336.09	-135.33
336.10	-160.00
336.10	-160.00
336.10	-148.00
336.10	-225.33
336.10	-244.67
336.10	-203.33
336.10	-274.00
336.10	-200.00
336.11	-170.66
336.11	-236.67
336.11	-282.00
336.11	-274.67
336.11	-160.66
336.11	-157.33
336.11	-130.66
336.11	-113.33
336.11	-170.00
336.12	-184.67
336.12	-261.34
336.12	-146.67
336.12	-142.67
336.12	-150.00
336.12	-160.66
336.12	-112.00
336.12	-152.00
336.13	-74.00
336.13	-170.00
336.13	-145.33
336.13	-171.34
336.13	-220.66
336.13	-253.33
336.13	-173.33
336.13	-126.00
336.14	-238.66
336.14	-191.34
336.14	-203.33
336.14	-122.00
336.14	-132.67
336.14	-134.67
336.14	-202.00
336.14	-220.00
336.14	-182.00
336.15	-104.00
336.15	-116.00
336.15	-183.33
336.15	-98.66
336.15	-92.00
336.15	-260.00
336.15	-206.00
336.15	-108.00
336.16	-117.33
336.16	-68.66
336.16	-90.00
336.16	-105.33
336.16	-50.00
336.16	-78.66
336.16	-101.34
336.16	-118.66
336.16	-101.34
336.17	-106.67
336.17	-138.00
336.17	-112.00
336.17	-115.33
336.17	-152.00
336.17	-134.00
336.17	-105.33
336.17	-158.66
336.18	-189.34
336.18	-122.67
336.18	-215.33
336.18	-156.00
336.18	-101.34
336.18	-110.00
336.18	-175.33
336.18	-168.66
336.19	-188.00
336.19	-202.00
336.19	-114.00
336.19	-93.33
336.19	-160.66
336.19	-76.67
336.19	-35.33
336.19	-64.67
336.19	-102.67
336.20	-66.67
336.20	-136.00
336.20	-154.00
336.20	-165.33
336.20	-166.00
336.20	-199.34
336.20	-201.34
336.20	-166.00
336.21	-144.67
336.21	-230.66
336.21	-206.00
336.21	-241.34
336.21	-262.67
336.21	-153.33
336.21	-170.66
336.21	-190.00
336.21	-186.00
336.22	-114.00
336.22	-115.33
336.22	-90.66
336.22	-108.00
336.22	-153.33
336.22	-152.00
336.22	-66.00
336.22	-37.33
336.23	-48.00
336.23	-4.00
336.23	9.33
336.23	-63.33
336.23	-92.00
336.23	-190.00
336.23	-108.00
336.23	-33.33
336.24	-63.33
336.24	-108.00
336.24	-133.33
336.24	-235.33
336.24	-217.33
336.24	-217.33
336.24	-152.00
336.24	-213.33
336.24	-169.34
336.25	-166.67
336.25	-137.33
336.25	-210.00
336.25	-209.34
336.25	-222.00
336.25	-158.66
336.25	-153.33
336.25	-103.33
336.26	-154.00
336.26	-106.00
336.26	-122.67
336.26	-199.34
336.26	-203.33
336.26	-126.67
336.26	-78.66
336.26	-121.34
336.27	-96.00
336.27	-100.66
336.27	-130.66
336.27	-110.00
336.27	-191.34
336.27	-182.00
336.27	-222.67
336.27	-203.33
336.27	-97.33
336.28	-100.66
336.28	-175.33
336.28	-218.66
336.28	-91.34
336.28	-120.66
336.28	-186.00
336.28	-160.00
336.28	-200.66
336.29	-138.00
336.29	-103.33
336.29	-185.33
336.29	-200.66
336.29	-270.00
336.29	-227.33
336.29	-225.33
336.29	-77.33
336.29	-56.67
336.30	-96.67
336.30	-178.66
336.30	-124.00
336.30	-156.67
336.30	-117.33
336.30	-161.34
336.30	-113.33
336.30	-128.00
336.31	-29.33
336.31	-24.00
336.31	8.67
336.31	-57.33
336.31	-131.34
336.31	-99.34
336.31	-160.66
336.31	-146.67
336.32	-154.00
336.32	-75.33
336.32	46.00
336.32	10.67
336.32	-62.00
336.32	-54.67
336.32	-115.33
336.32	-92.00
336.32	-172.00
336.33	-132.67
336.33	-173.33
336.33	-119.34
336.33	-91.34
336.33	-165.33
336.33	-198.66
336.33	-139.34
336.33	-181.34
336.34	-61.34
336.34	-61.34
336.34	-29.33
336.34	-106.00
336.34	-89.34
336.34	-131.34
336.34	-192.00
336.34	-240.66
336.34	-212.67
336.35	-246.00
336.35	-92.00
336.35	-214.67
336.35	-203.33
336.35	-114.67
336.35	-154.00
336.35	-164.00
336.35	-117.33
336.36	-96.00
336.36	-81.34
336.36	-157.33
336.36	-126.67
336.36	-44.67
336.36	-76.67
336.36	-40.00
336.36	135.33
336.37	-7.33
336.37	-36.00
336.37	-58.66
336.37	-120.66
336.37	-172.00
336.37	-103.33
336.37	-108.00
336.37	-158.66
336.37	-123.33
336.38	-106.67
336.38	-87.33
336.38	-90.00
336.38	-84.67
336.38	-66.00
336.38	-65.33
336.38	-20.67
336.38	-94.00
336.39	-86.67
336.39	-52.67
336.39	-125.33
336.39	-237.33
336.39	-251.34
336.39	-95.33
336.39	-131.34
336.39	-164.67
336.39	-128.00
336.40	-42.67
336.40	-125.33
336.40	-203.33
336.40	-176.67
336.40	-122.00
336.40	-108.66
336.40	-154.67
336.40	-48.66
336.41	-182.00
336.41	-137.33
336.41	-52.00
336.41	-28.00
336.41	-43.33
336.41	64.00
336.41	-125.33
336.41	-106.67
336.42	-118.00
336.42	-84.00
336.42	-14.00
336.42	-52.00
336.42	-6.00
336.42	-62.67
336.42	-171.34
336.42	-227.33
336.42	-318.66
336.43	-218.66
336.43	11.33
336.43	-44.00
336.43	-17.33
336.43	52.67
336.43	86.00
336.43	-124.67
336.43	-157.33
336.44	-101.34
336.44	-71.34
336.44	-39.33
336.44	76.00
336.44	136.67
336.44	130.00
336.44	40.67
336.44	20.67
336.45	-1.33
336.45	-67.33
336.45	-220.66
336.45	-178.00
336.45	-68.00
336.45	-107.33
336.45	-90.66
336.45	-43.33
336.45	-50.00
336.46	-24.67
336.46	36.00
336.46	28.67
336.46	-48.00
336.46	-122.00
336.46	-104.00
336.46	-59.34
336.46	-98.00
336.47	-130.00
336.47	-52.67
336.47	-60.66
336.47	-86.67
336.47	-125.33
336.47	-43.33
336.47	-61.34
336.47	-54.67
336.47	14.00
336.48	-0.67
336.48	10.67
336.48	73.33
336.48	2.00
336.48	-85.33
336.48	-28.67
336.48	-100.00
336.48	-22.00
336.49	-33.33
336.49	36.00
336.49	-17.33
336.49	34.00
336.49	151.33
336.49	150.67
336.49	82.00
336.49	82.00
336.50	56.67
336.50	48.67
336.50	-2.00
336.50	-104.00
336.50	-125.33
336.50	-84.00
336.50	-79.34
336.50	-164.00
336.50	-124.67
336.51	-174.00
336.51	-123.33
336.51	-76.67
336.51	52.67
336.51	141.33
336.51	110.67
336.51	78.00
336.51	16.67
336.52	-15.33
336.52	-32.00
336.52	-39.33
336.52	-45.33
336.52	-24.67
336.52	84.00
336.52	138.67
336.52	-46.00
336.52	-125.33
336.53	-62.00
336.53	7.33
336.53	37.33
336.53	114.67
336.53	126.00
336.53	183.33
336.53	50.00
336.53	75.33
336.54	70.67
336.54	64.00
336.54	80.00
336.54	45.33
336.54	-23.33
336.54	-48.66
336.54	-70.00
336.54	17.33
336.55	79.33
336.55	-20.67
336.55	24.00
336.55	90.00
336.55	-1.33
336.55	-50.66
336.55	58.00
336.55	18.00
336.55	-2.67
336.56	112.67
336.56	156.67
336.56	170.00
336.56	223.33
336.56	189.33
336.56	99.33
336.56	152.67
336.56	229.33
336.57	142.67
336.57	86.67
336.57	6.67
336.57	30.67
336.57	43.33
336.57	-10.67
336.57	63.33
336.57	133.33
336.57	294.00
336.58	257.33
336.58	183.33
336.58	254.67
336.58	182.00
336.58	172.67
336.58	222.00
336.58	57.33
336.58	155.33
336.59	143.33
336.59	11.33
336.59	-61.34
336.59	110.00
336.59	238.67
336.59	266.67
336.59	186.00
336.59	215.33
336.60	276.67
336.60	227.33
336.60	190.00
336.60	270.00
336.60	278.00
336.60	339.33
336.60	329.33
336.60	364.00
336.60	288.67
336.61	337.33
336.61	390.67
336.61	257.33
336.61	140.67
336.61	179.33
336.61	248.67
336.61	424.67
336.61	360.67
336.62	316.67
336.62	254.00
336.62	360.67
336.62	309.33
336.62	318.67
336.62	396.00
336.62	364.00
336.62	385.33
336.63	379.33
336.63	356.67
336.63	310.00
336.63	358.67
336.63	342.00
336.63	281.33
336.63	206.67
336.63	264.67
336.63	325.33
336.64	218.67
336.64	231.33
336.64	273.33
336.64	287.33
336.64	231.33
336.64	399.33
336.64	374.67
336.64	276.00
336.65	339.33
336.65	404.00
336.65	345.33
336.65	271.33
336.65	310.67
336.65	366.00
336.65	358.00
336.65	300.67
336.65	215.33
336.66	282.67
336.66	312.67
336.66	226.67
336.66	291.33
336.66	320.67
336.66	336.67
336.66	364.67
336.66	464.00
336.67	454.67
336.67	393.33
336.67	334.00
336.67	282.67
336.67	252.67
336.67	230.00
336.67	234.67
336.67	236.00
336.68	270.67
336.68	207.33
336.68	236.00
336.68	242.67
336.68	204.67
336.68	242.67
336.68	206.67
336.68	214.00
336.68	372.67
336.69	274.00
336.69	226.67
336.69	277.33
336.69	249.33
336.69	177.33
336.69	248.00
336.69	334.00
336.69	330.00
336.70	297.33
336.70	296.00
336.70	228.67
336.70	233.33
336.70	263.33
336.70	258.00
336.70	240.67
336.70	391.33
336.70	455.33
336.71	522.00
336.71	618.00
336.71	564.00
336.71	555.33
336.71	531.33
336.71	466.00
336.71	542.00
336.71	506.00
336.72	486.00
336.72	486.67
336.72	443.33
336.72	525.33
336.72	546.00
336.72	599.33
336.72	696.67
336.72	686.00
336.73	755.33
336.73	839.33
336.73	738.00
336.73	656.00
336.73	587.33
336.73	703.33
336.73	764.00
336.73	754.67
336.73	635.33
336.74	712.67
336.74	674.67
336.74	573.33
336.74	569.33
336.74	710.00
336.74	738.67
336.74	699.33
336.74	730.00
336.75	772.67
336.75	764.00
336.75	795.33
336.75	748.67
336.75	710.00
336.75	818.67
336.75	834.00
336.75	892.67
336.76	931.33
336.76	920.67
336.76	838.00
336.76	912.00
336.76	852.67
336.76	828.00
336.76	757.33
336.76	789.33
336.76	763.33
336.77	784.67
336.77	839.33
336.77	856.00
336.77	872.67
336.77	910.00
336.77	846.00
336.77	799.33
336.77	770.67
336.78	666.00
336.78	610.00
336.78	768.00
336.78	810.67
336.78	807.33
336.78	800.00
336.78	788.00
336.78	703.33
336.78	619.33
336.79	564.67
336.79	554.00
336.79	475.33
336.79	484.00
336.79	446.00
336.79	532.00
336.79	590.67
336.79	505.33
336.80	406.67
336.80	381.33
336.80	364.67
336.80	418.00
336.80	356.00
336.80	286.00
336.80	262.00
336.80	158.00
336.81	237.33
336.81	162.67
336.81	60.67
336.81	61.33
336.81	58.67
336.81	46.00
336.81	147.33
336.81	221.33
336.81	140.00
336.82	46.67
336.82	102.00
336.82	107.33
336.82	26.67
336.82	-121.34
336.82	-71.34
336.82	20.67
336.82	-28.67
336.83	-50.00
336.83	-84.67
336.83	-125.33
336.83	-121.34
336.83	-178.00
336.83	-126.00
336.83	-78.66
336.83	92.67
336.83	5.33
336.84	-66.00
336.84	-38.67
336.84	-20.00
336.84	-54.67
336.84	-128.66
336.84	-0.67
336.84	-86.00
336.84	-106.67
336.85	-70.66
336.85	26.00
336.85	57.33
336.85	141.33
336.85	32.67
336.85	87.33
336.85	27.33
336.85	30.00
336.86	132.67
336.86	275.33
336.86	181.33
336.86	145.33
336.86	163.33
336.86	126.67
336.86	232.00
336.86	306.67
336.86	403.33
336.87	398.00
336.87	346.00
336.87	267.33
336.87	296.00
336.87	290.67
336.87	454.67
336.87	550.67
336.87	452.67
336.88	478.67
336.88	562.67
336.88	472.00
336.88	516.67
336.88	668.00
336.88	768.00
336.88	686.67
336.88	740.00
336.88	734.67
336.89	660.00
336.89	649.33
336.89	640.00
336.89	685.33
336.89	632.67
336.89	475.33
336.89	501.33
336.89	574.00
336.90	716.00
336.90	756.67
336.90	806.00
336.90	769.33
336.90	723.33
336.90	776.00
336.90	728.67
336.90	700.00
336.91	542.00
336.91	590.67
336.91	578.00
336.91	630.00
336.91	570.00
336.91	504.00
336.91	469.33
336.91	533.33
336.91	593.33
336.92	552.00
336.92	572.67
336.92	621.33
336.92	587.33
336.92	392.67
336.92	461.33
336.92	455.33
336.92	458.00
336.93	290.67
336.93	234.67
336.93	260.00
336.93	179.33
336.93	238.67
336.93	80.00
336.93	83.33
336.93	-12.00
336.94	-22.00
336.94	-129.34
336.94	-192.67
336.94	-207.33
336.94	-173.33
336.94	-332.67
336.94	-394.00
336.94	-398.00
336.94	-425.33
336.95	-443.33
336.95	-376.67
336.95	-438.66
336.95	-478.00
336.95	-478.00
336.95	-542.00
336.95	-574.67
336.95	-564.67
336.96	-684.67
336.96	-782.00
336.96	-811.34
336.96	-792.67
336.96	-786.67
336.96	-779.34
336.96	-732.00
336.96	-730.66
336.96	-804.00
336.97	-790.00
336.97	-775.33
336.97	-749.34
336.97	-836.67
336.97	-868.00
336.97	-879.34
336.97	-994.67
336.97	-954.00
336.98	-867.33
336.98	-884.00
336.98	-883.33
336.98	-899.34
336.98	-882.00
336.98	-781.34
336.98	-792.00
336.98	-894.67
336.99	-771.34
336.99	-790.00
336.99	-768.66
336.99	-762.00
336.99	-678.66
336.99	-506.00
336.99	-584.00
336.99	-713.33
336.99	-706.00
337.00	-638.00
337.00	-674.67
337.00	-652.67
337.00	-582.00
337.00	-658.66
337.00	-628.00
337.00	-602.00
337.00	-504.67
337.01	-397.33
337.01	-381.34
337.01	-492.67
337.01	-564.67
337.01	-469.34
337.01	-468.00
337.01	-473.33
337.01	-451.34
337.01	-338.66
337.02	-351.34
337.02	-341.34
337.02	-245.33
337.02	-347.33
337.02	-326.00
337.02	-156.00
337.02	-172.67
337.02	-276.67
337.03	-277.33
337.03	-331.34
337.03	-243.33
337.03	-186.67
337.03	-250.66
337.03	-176.00
337.03	-218.66
337.03	-234.00
337.04	-172.67
337.04	-192.67
337.04	-126.00
337.04	-136.00
337.04	-90.66
337.04	-107.33
337.04	-188.00
337.04	-181.34
337.04	-121.34
337.05	-158.66
337.05	-185.33
337.05	-113.33
337.05	-130.00
337.05	-219.34
337.05	-313.33
337.05	-261.34
337.05	-198.66
337.06	-200.66
337.06	-171.34
337.06	-219.34
337.06	-270.00
337.06	-205.33
337.06	-216.00
337.06	-332.00
337.06	-222.67
337.07	-260.66
337.07	-360.66
337.07	-454.67
337.07	-486.67
337.07	-457.33
337.07	-439.34
337.07	-496.00
337.07	-559.34
337.07	-581.34
337.08	-549.34
337.08	-571.34
337.08	-702.67
337.08	-763.33
337.08	-658.00
337.08	-714.67
337.08	-815.33
337.08	-818.66
337.09	-856.00
337.09	-941.34
337.09	-828.66
337.09	-707.33
337.09	-739.34
337.09	-713.33
337.09	-786.00
337.09	-977.33
337.09	-844.67
337.10	-856.00
337.10	-1004.00
337.10	-854.00
337.10	-874.00
337.10	-908.00
337.10	-937.33
337.10	-935.33
337.10	-966.67
337.11	-960.00
337.11	-1016.67
337.11	-1010.00
337.11	-1012.67
337.11	-969.34
337.11	-955.33
337.11	-897.33
337.11	-973.33
337.12	-1050.66
337.12	-1065.33
337.12	-1024.00
337.12	-974.67
337.12	-969.34
337.12	-1020.00
337.12	-963.33
337.12	-870.66
337.12	-806.00
337.13	-808.66
337.13	-715.33
337.13	-766.67
337.13	-776.00
337.13	-760.66
337.13	-800.66
337.13	-864.67
337.13	-803.33
337.14	-787.33
337.14	-830.00
337.14	-782.67
337.14	-583.33
337.14	-493.33
337.14	-682.00
337.14	-624.67
337.14	-482.67
337.14	-604.00
337.15	-633.33
337.15	-566.67
337.15	-629.34
337.15	-574.00
337.15	-553.33
337.15	-576.67
337.15	-572.67
337.15	-551.34
337.16	-567.33
337.16	-482.00
337.16	-394.00
337.16	-458.00
337.16	-405.33
337.16	-272.67
337.16	-258.00
337.16	-288.00
337.17	-421.34
337.17	-365.33
337.17	-310.00
337.17	-368.66
337.17	-279.34
337.17	-246.00
337.17	-334.00
337.17	-344.67
337.17	-221.34
337.18	-239.34
337.18	-166.67
337.18	-134.67
337.18	-186.67
337.18	-267.33
337.18	-258.66
337.18	-274.00
337.18	-154.67
337.19	-178.66
337.19	-180.66
337.19	-164.00
337.19	-72.00
337.19	-84.67
337.19	-142.67
337.19	-128.00
337.19	-26.00
337.19	-121.34
337.20	-208.00
337.20	-268.00
337.20	-146.00
337.20	-134.00
337.20	-175.33
337.20	-141.34
337.20	-255.33
337.20	-220.66
337.21	-164.00
337.21	-264.67
337.21	-296.67
337.21	-225.33
337.21	-154.67
337.21	-137.33
337.21	-72.00
337.21	-77.33
337.22	-166.00
337.22	-200.00
337.22	-200.66
337.22	-184.67
337.22	-174.00
337.22	-172.00
337.22	-122.67
337.22	-177.33
337.22	-125.33
337.23	-102.67
337.23	-134.67
337.23	-215.33
337.23	-219.34
337.23	-352.67
337.23	-318.66
337.23	-134.67
337.23	-185.33
337.24	-230.66
337.24	-195.33
337.24	-339.34
337.24	-267.33
337.24	-341.34
337.24	-260.00
337.24	-311.34
337.24	-263.33
337.25	-261.34
337.25	-236.00
337.25	-333.33
337.25	-268.66
337.25	-248.00
337.25	-226.67
337.25	-162.00
337.25	-222.00
337.25	-232.67
337.26	-153.33
337.26	-102.67
337.26	-270.00
337.26	-160.00
337.26	-208.66
337.26	-188.66
337.26	-152.67
337.26	-228.66
337.27	-268.66
337.27	-146.00
337.27	-124.67
337.27	-227.33
337.27	-261.34
337.27	-172.00
337.27	-50.66
337.27	-75.33
337.27	-20.67
337.28	-82.67
337.28	-26.67
337.28	-120.66
337.28	-137.33
337.28	-116.00
337.28	-110.66
337.28	38.67
337.28	66.67
337.29	-0.67
337.29	22.00
337.29	20.00
337.29	49.33
337.29	-18.67
337.29	66.67
337.29	90.00
337.29	126.67
337.30	104.00
337.30	98.00
337.30	58.00
337.30	128.00
337.30	196.67
337.30	248.67
337.30	281.33
337.30	348.67
337.30	238.67
337.31	214.67
337.31	276.00
337.31	230.67
337.31	272.67
337.31	276.00
337.31	276.00
337.31	255.33
337.31	406.67
337.32	438.00
337.32	463.33
337.32	550.67
337.32	560.67
337.32	542.00
337.32	459.33
337.32	451.33
337.32	543.33
337.32	580.67
337.33	574.00
337.33	508.67
337.33	509.33
337.33	627.33
337.33	541.33
337.33	515.33
337.33	559.33
337.33	610.67
337.34	622.67
337.34	677.33
337.34	584.67
337.34	566.67
337.34	690.00
337.34	713.33
337.34	595.33
337.34	628.67
337.35	660.67
337.35	682.67
337.35	670.00
337.35	569.33
337.35	490.00
337.35	433.33
337.35	488.00
337.35	501.33
337.35	392.67
337.36	533.33
337.36	550.67
337.36	484.00
337.36	484.00
337.36	456.67
337.36	464.67
337.36	326.67
337.36	275.33
337.37	308.67
337.37	250.67
337.37	90.00
337.37	6.67
337.37	30.67
337.37	91.33
337.37	136.67
337.37	198.67
337.38	25.33
337.38	-7.33
337.38	116.00
337.38	3.33
337.38	-119.34
337.38	-109.34
337.38	-45.33
337.38	-69.34
337.38	65.33
337.39	-81.34
337.39	-131.34
337.39	-102.67
337.39	-99.34
337.39	-121.34
337.39	-125.33
337.39	-77.33
337.39	-100.00
337.40	-119.34
337.40	-231.34
337.40	-318.66
337.40	-251.34
337.40	-252.67
337.40	-282.00
337.40	-253.33
337.40	-266.67
337.40	-187.33
337.41	-296.67
337.41	-281.34
337.41	-231.34
337.41	-166.00
337.41	-222.00
337.41	-249.34
337.41	-256.00
337.41	-301.34
337.42	-286.67
337.42	-192.67
337.42	-208.66
337.42	-125.33
337.42	-40.66
337.42	-100.00
337.42	-46.67
337.42	-62.67
337.43	-205.33
337.43	-202.00
337.43	-105.33
337.43	-12.67
337.43	-20.00
337.43	30.00
337.43	30.00
337.43	80.67
337.43	58.00
337.44	109.33
337.44	0.67
337.44	98.67
337.44	121.33
337.44	178.67
337.44	163.33
337.44	137.33
337.44	155.33
337.45	204.00
337.45	246.00
337.45	278.67
337.45	286.00
337.45	401.33
337.45	490.00
337.45	462.00
337.45	401.33
337.45	348.00
337.46	283.33
337.46	272.67
337.46	316.67
337.46	406.00
337.46	481.33
337.46	554.67
337.46	616.67
337.46	547.33
337.47	486.00
337.47	568.00
337.47	484.00
337.47	573.33
337.47	549.33
337.47	540.67
337.47	475.33
337.47	513.33
337.48	516.67
337.48	433.33
337.48	536.00
337.48	495.33
337.48	476.67
337.48	469.33
337.48	470.67
337.48	416.67
337.48	336.67
337.49	386.67
337.49	433.33
337.49	315.33
337.49	362.00
337.49	384.00
337.49	403.33
337.49	378.00
337.49	333.33
337.50	283.33
337.50	166.67
337.50	192.67
337.50	220.67
337.50	30.67
337.50	-48.66
337.50	2.00
337.50	4.67
337.50	-55.33
337.51	-95.33
337.51	-158.00
337.51	-204.67
337.51	-282.00
337.51	-234.00
337.51	-235.33
337.51	-301.34
337.51	-378.66
337.52	-408.00
337.52	-468.66
337.52	-378.66
337.52	-449.34
337.52	-543.33
337.52	-470.00
337.52	-590.66
337.52	-770.00
337.53	-770.00
337.53	-738.00
337.53	-798.00
337.53	-906.00
337.53	-962.67
337.53	-933.33
337.53	-978.66
337.53	-1028.00
337.53	-895.33
337.54	-925.33
337.54	-920.00
337.54	-913.33
337.54	-1032.00
337.54	-1033.33
337.54	-1026.00
337.54	-944.00
337.54	-992.67
337.55	-959.34
337.55	-1024.00
337.55	-1082.00
337.55	-1007.33
337.55	-1002.00
337.55	-1038.00
337.55	-1038.00
337.55	-970.00
337.56	-993.33
337.56	-934.67
337.56	-840.66
337.56	-921.34
337.56	-1133.33
337.56	-1016.67
337.56	-989.34
337.56	-1024.00
337.56	-1041.34
337.57	-993.33
337.57	-950.66
337.57	-940.00
337.57	-833.33
337.57	-823.33
337.57	-867.33
337.57	-787.33
337.57	-760.00
337.58	-804.00
337.58	-754.67
337.58	-669.34
337.58	-650.00
337.58	-608.66
337.58	-658.66
337.58	-688.00
337.58	-745.33
337.58	-715.33
337.59	-656.00
337.59	-680.66
337.59	-633.33
337.59	-481.34
337.59	-442.00
337.59	-435.33
337.59	-576.67
337.59	-556.00
337.60	-600.66
337.60	-463.33
337.60	-486.67
337.60	-486.00
337.60	-433.33
337.60	-395.33
337.60	-247.33
337.60	-266.67
337.61	-252.00
337.61	-388.66
337.61	-353.33
337.61	-314.67
337.61	-394.67
337.61	-420.00
337.61	-372.00
337.61	-404.00
337.61	-394.00
337.62	-363.33
337.62	-349.34
337.62	-316.67
337.62	-348.66
337.62	-262.67
337.62	-274.00
337.62	-331.34
337.62	-322.00
337.63	-354.00
337.63	-358.66
337.63	-366.00
337.63	-433.33
337.63	-563.33
337.63	-504.00
337.63	-408.00
337.63	-378.66
337.63	-394.00
337.64	-393.33
337.64	-516.00
337.64	-580.66
337.64	-526.67
337.64	-578.00
337.64	-670.66
337.64	-596.67
337.64	-577.33
337.65	-599.34
337.65	-628.66
337.65	-672.67
337.65	-750.66
337.65	-746.00
337.65	-744.67
337.65	-809.34
337.65	-798.66
337.66	-809.34
337.66	-821.34
337.66	-809.34
337.66	-952.00
337.66	-1021.34
337.66	-1060.00
337.66	-1045.33
337.66	-998.00
337.66	-1104.67
337.67	-1144.00
337.67	-912.67
337.67	-1016.67
337.67	-1038.66
337.67	-1106.67
337.67	-1129.34
337.67	-1182.00
337.67	-1082.67
337.68	-1083.33
337.68	-1182.00
337.68	-1167.33
337.68	-1205.33
337.68	-1154.67
337.68	-1183.33
337.68	-1096.67
337.68	-1281.34
337.68	-1340.66
337.69	-1250.66
337.69	-1184.00
337.69	-1310.66
337.69	-1220.66
337.69	-1216.67
337.69	-1240.00
337.69	-1261.34
337.69	-1222.00
337.70	-1314.67
337.70	-1276.67
337.70	-1079.34
337.70	-1189.34
337.70	-1314.67
337.70	-1252.00
337.70	-1180.66
337.70	-1150.66
337.71	-1125.33
337.71	-1044.00
337.71	-1073.33
337.71	-1130.66
337.71	-1091.34
337.71	-1081.34
337.71	-1042.67
337.71	-1016.67
337.71	-1072.67
337.72	-1116.67
337.72	-1040.00
337.72	-1003.33
337.72	-1040.66
337.72	-920.66
337.72	-966.00
337.72	-1146.67
337.72	-1163.33
337.73	-1004.67
337.73	-874.67
337.73	-863.33
337.73	-781.34
337.73	-790.00
337.73	-844.67
337.73	-832.00
337.73	-925.33
337.74	-1043.33
337.74	-1005.33
337.74	-964.00
337.74	-870.66
337.74	-886.00
337.74	-774.67
337.74	-670.66
337.74	-664.67
337.74	-746.67
337.75	-855.33
337.75	-743.33
337.75	-775.33
337.75	-707.33
337.75	-776.67
337.75	-763.33
337.75	-661.34
337.75	-690.00
337.76	-729.34
337.76	-715.33
337.76	-688.00
337.76	-793.33
337.76	-727.33
337.76	-686.00
337.76	-702.67
337.76	-714.00
337.76	-662.67
337.77	-656.67
337.77	-701.34
337.77	-669.34
337.77	-678.00
337.77	-728.00
337.77	-616.67
337.77	-613.33
337.77	-777.33
337.78	-802.67
337.78	-836.67
337.78	-766.00
337.78	-748.66
337.78	-750.00
337.78	-834.67
337.78	-890.66
337.78	-818.66
337.79	-777.33
337.79	-781.34
337.79	-717.33
337.79	-677.33
337.79	-703.33
337.79	-754.00
337.79	-756.00
337.79	-685.33
337.79	-800.66
337.80	-847.33
337.80	-779.34
337.80	-754.67
337.80	-756.67
337.80	-762.67
337.80	-726.67
337.80	-777.33
337.80	-864.00
337.81	-928.00
337.81	-802.00
337.81	-770.66
337.81	-864.00
337.81	-854.67
337.81	-852.67
337.81	-884.67
337.81	-756.67
337.81	-632.00
337.82	-634.00
337.82	-780.66
337.82	-739.34
337.82	-759.34
337.82	-768.00
337.82	-747.33
337.82	-699.34
337.82	-675.33
337.83	-764.00
337.83	-672.67
337.83	-718.66
337.83	-690.66
337.83	-687.33
337.83	-657.33
337.83	-670.66
337.83	-672.67
337.84	-653.33
337.84	-664.67
337.84	-597.33
337.84	-661.34
337.84	-572.00
337.84	-566.00
337.84	-566.67
337.84	-535.33
337.84	-652.00
337.85	-728.00
337.85	-633.33
337.85	-627.33
337.85	-628.00
337.85	-492.00
337.85	-491.34
337.85	-558.66
337.85	-592.67
337.86	-647.33
337.86	-650.00
337.86	-668.66
337.86	-556.00
337.86	-656.00
337.86	-582.67
337.86	-475.33
337.86	-444.00
337.86	-514.67
337.87	-524.67
337.87	-504.00
337.87	-503.33
337.87	-512.00
337.87	-482.00
337.87	-606.67
337.87	-604.00
337.87	-572.67
337.88	-679.34
337.88	-662.67
337.88	-535.33
337.88	-392.00
337.88	-534.00
337.88	-511.34
337.88	-508.66
337.88	-604.67
337.89	-559.34
337.89	-407.33
337.89	-392.00
337.89	-488.00
337.89	-376.67
337.89	-362.00
337.89	-342.67
337.89	-365.33
337.89	-430.00
337.90	-479.34
337.90	-484.00
337.90	-524.00
337.90	-468.00
337.90	-484.00
337.90	-446.00
337.90	-455.33
337.90	-424.00
337.91	-468.66
337.91	-497.33
337.91	-473.33
337.91	-470.00
337.91	-492.67
337.91	-566.00
337.91	-607.33
337.91	-541.34
337.92	-590.00
337.92	-506.67
337.92	-434.00
337.92	-420.00
337.92	-358.00
337.92	-370.00
337.92	-354.67
337.92	-462.00
337.92	-418.00
337.93	-458.00
337.93	-461.34
337.93	-375.33
337.93	-375.33
337.93	-433.33
337.93	-502.67
337.93	-402.67
337.93	-437.33
337.94	-538.00
337.94	-481.34
337.94	-349.34
337.94	-364.00
337.94	-408.66
337.94	-417.33
337.94	-490.00
337.94	-476.67
337.94	-321.34
337.95	-304.00
337.95	-416.67
337.95	-438.66
337.95	-478.00
337.95	-326.00
337.95	-351.34
337.95	-408.66
337.95	-420.00
337.96	-270.00
337.96	-279.34
337.96	-246.67
337.96	-348.00
337.96	-294.67
337.96	-298.66
337.96	-428.66
337.96	-420.00
337.97	-456.00
337.97	-499.34
337.97	-305.33
337.97	-204.00
337.97	-341.34
337.97	-422.00
337.97	-256.00
337.97	-174.67
337.97	-306.67
337.98	-270.00
337.98	-374.67
337.98	-524.00
337.98	-441.34
337.98	-396.67
337.98	-373.33
337.98	-392.67
337.98	-418.00
337.99	-366.00
337.99	-327.33
337.99	-270.00
337.99	-275.33
337.99	-285.33
337.99	-247.33
337.99	-280.00
337.99	-308.66
337.99	-364.67
338.00	-287.33
338.00	-318.66
338.00	-383.33
338.00	-304.00
338.00	-261.34
338.00	-309.34
338.00	-326.00
338.00	-388.00
338.01	-357.33
338.01	-273.33
338.01	-234.00
338.01	-240.66
338.01	-292.00
338.01	-178.00
338.01	-286.00
338.01	-234.67
338.02	-290.66
338.02	-296.67
338.02	-256.00
338.02	-277.33
338.02	-289.34
338.02	-360.66
338.02	-428.00
338.02	-352.00
338.02	-236.67
338.03	-240.66
338.03	-226.00
338.03	-342.67
338.03	-348.00
338.03	-274.67
338.03	-145.33
338.03	-248.66
338.03	-142.00
338.04	-158.66
338.04	-342.00
338.04	-345.33
338.04	-242.00
338.04	-318.66
338.04	-306.67
338.04	-313.33
338.04	-325.33
338.05	-319.34
338.05	-284.00
338.05	-258.00
338.05	-175.33
338.05	-255.33
338.05	-320.00
338.05	-368.66
338.05	-418.66
338.05	-331.34
338.06	-348.66
338.06	-337.33
338.06	-369.34
338.06	-295.33
338.06	-204.67
338.06	-218.00
338.06	-228.66
338.06	-243.33
338.07	-234.00
338.07	-234.67
338.07	-319.34
338.07	-322.00
338.07	-338.00
338.07	-328.00
338.07	-280.00
338.07	-260.66
338.07	-237.33
338.08	-267.33
338.08	-200.66
338.08	-228.66
338.08	-217.33
338.08	-241.34
338.08	-290.00
338.08	-272.00
338.08	-296.67
338.09	-337.33
338.09	-246.00
338.09	-246.00
338.09	-214.00
338.09	-168.66
338.09	-274.67
338.09	-335.33
338.09	-354.00
338.10	-248.00
338.10	-180.00
338.10	-150.00
338.10	-208.66
338.10	-218.00
338.10	-208.00
338.10	-202.67
338.10	-262.67
338.10	-224.67
338.11	-187.33
338.11	-182.00
338.11	-136.00
338.11	-156.67
338.11	-246.00
338.11	-244.00
338.11	-256.67
338.11	-204.67
338.12	-214.67
338.12	-214.00
338.12	-254.67
338.12	-235.33
338.12	-169.34
338.12	-194.67
338.12	-264.67
338.12	-300.66
338.12	-375.33
338.13	-398.66
338.13	-391.34
338.13	-344.67
338.13	-336.67
338.13	-300.00
338.13	-174.67
338.13	-83.33
338.13	-124.67
338.14	-190.66
338.14	-220.66
338.14	-308.66
338.14	-266.67
338.14	-274.67
338.14	-366.00
338.14	-416.67
338.14	-338.66
338.15	-270.66
338.15	-280.66
338.15	-154.00
338.15	-148.00
338.15	-234.67
338.15	-321.34
338.15	-355.33
338.15	-311.34
338.15	-335.33
338.16	-300.00
338.16	-281.34
338.16	-296.67
338.16	-338.00
338.16	-261.34
338.16	-238.66
338.16	-213.33
338.16	-268.66
338.17	-343.33
338.17	-322.00
338.17	-218.00
338.17	-186.00
338.17	-302.00
338.17	-241.34
338.17	-185.33
338.17	-256.00
338.17	-159.34
338.18	-81.34
338.18	-163.33
338.18	-220.66
338.18	-264.67
338.18	-268.66
338.18	-279.34
338.18	-230.66
338.18	-185.33
338.19	-244.67
338.19	-212.67
338.19	-209.34
338.19	-316.67
338.19	-226.00
338.19	-197.33
338.19	-282.00
338.19	-278.66
338.20	-273.33
338.20	-284.67
338.20	-209.34
338.20	-284.00
338.20	-257.33
338.20	-225.33
338.20	-264.67
338.20	-275.33
338.20	-330.00
338.21	-207.33
338.21	-232.67
338.21	-186.67
338.21	-194.00
338.21	-233.33
338.21	-97.33
338.21	-212.67
338.21	-196.67
338.22	-256.67
338.22	-253.33
338.22	-344.67
338.22	-344.00
338.22	-244.67
338.22	-249.34
338.22	-354.00
338.22	-264.00
338.23	-290.66
338.23	-228.66
338.23	-242.00
338.23	-258.00
338.23	-222.67
338.23	-175.33
338.23	-152.00
338.23	-71.34
338.23	-173.33
338.24	-210.00
338.24	-234.67
338.24	-250.66
338.24	-206.00
338.24	-228.66
338.24	-280.00
338.24	-323.33
338.24	-352.67
338.25	-272.00
338.25	-142.67
338.25	-189.34
338.25	-129.34
338.25	-166.67
338.25	-167.33
338.25	-168.66
338.25	-221.34
338.25	-195.33
338.26	-265.33
338.26	-206.00
338.26	-177.33
338.26	-240.00
338.26	-222.67
338.26	-188.66
338.26	-266.00
338.26	-262.67
338.27	-228.00
338.27	-258.00
338.27	-327.33
338.27	-272.67
338.27	-197.33
338.27	-113.33
338.27	-91.34
338.27	-110.00
338.28	-216.00
338.28	-244.00
338.28	-206.67
338.28	-229.34
338.28	-177.33
338.28	-232.00
338.28	-291.34
338.28	-251.34
338.28	-238.00
338.29	-295.33
338.29	-178.66
338.29	-210.66
338.29	-155.33
338.29	-226.67
338.29	-266.00
338.29	-172.67
338.29	-105.33
338.30	-200.00
338.30	-234.00
338.30	-195.33
338.30	-148.66
338.30	-98.66
338.30	-167.33
338.30	-286.00
338.30	-228.66
338.30	-137.33
338.31	-174.67
338.31	-198.00
338.31	-72.67
338.31	-210.00
338.31	-194.67
338.31	-167.33
338.31	-224.67
338.31	-262.67
338.32	-274.00
338.32	-149.34
338.32	-180.00
338.32	-162.00
338.32	-182.00
338.32	-199.34
338.32	-207.33
338.32	-188.00
338.33	-184.67
338.33	-337.33
338.33	-270.66
338.33	-214.67
338.33	-259.34
338.33	-185.33
338.33	-214.00
338.33	-269.34
338.33	-236.67
338.34	-228.00
338.34	-354.67
338.34	-405.33
338.34	-161.34
338.34	-99.34
338.34	-115.33
338.34	-194.67
338.34	-142.67
338.35	-226.67
338.35	-261.34
338.35	-248.00
338.35	-280.00
338.35	-186.67
338.35	-170.00
338.35	-247.33
338.35	-285.33
338.36	-412.00
338.36	-248.00
338.36	-288.66
338.36	-274.00
338.36	-260.66
338.36	-306.00
338.36	-335.33
338.36	-236.67
338.36	-222.00
338.37	-230.00
338.37	-282.00
338.37	-258.66
338.37	-298.66
338.37	-262.00
338.37	-184.67
338.37	-194.67
338.37	-250.00
338.38	-242.00
338.38	-246.00
338.38	-166.00
338.38	-197.33
338.38	-262.67
338.38	-266.67
338.38	-244.67
338.38	-248.66
338.38	-243.33
338.39	-170.66
338.39	-112.67
338.39	-161.34
338.39	-234.67
338.39	-179.34
338.39	-251.34
338.39	-182.67
338.39	-200.66
338.40	-212.67
338.40	-172.00
338.40	-259.34
338.40	-159.34
338.40	-232.67
338.40	-182.67
338.40	-88.66
338.40	-114.00
338.41	-78.66
338.41	-122.67
338.41	-116.67
338.41	-112.00
338.41	-145.33
338.41	-107.33
338.41	-175.33
338.41	-147.33
338.41	-168.00
338.42	-178.00
338.42	-155.33
338.42	-144.67
338.42	-232.00
338.42	-250.00
338.42	-236.00
338.42	-228.00
338.42	-296.67
338.43	-283.33
338.43	-240.00
338.43	-310.66
338.43	-341.34
338.43	-222.67
338.43	-219.34
338.43	-245.33
338.43	-133.33
338.43	-94.67
338.44	-156.00
338.44	-98.00
338.44	-108.00
338.44	-102.67
338.44	-97.33
338.44	-144.00
338.44	-292.00
338.44	-330.66
338.45	-332.67
338.45	-317.33
338.45	-302.00
338.45	-234.67
338.45	-259.34
338.45	-249.34
338.45	-217.33
338.45	-208.00
338.46	-192.67
338.46	-165.33
338.46	-156.67
338.46	-198.66
338.46	-238.00
338.46	-164.67
338.46	-224.00
338.46	-249.34
338.46	-244.00
338.47	-226.67
338.47	-294.67
338.47	-180.00
338.47	-248.66
338.47	-292.67
338.47	-285.33
338.47	-211.34
338.47	-216.67
338.48	-188.00
338.48	-192.67
338.48	-214.67
338.48	-266.00
338.48	-294.00
338.48	-238.66
338.48	-167.33
338.48	-142.67
338.48	-142.67
338.49	-220.66
338.49	-144.00
338.49	-146.00
338.49	-225.33
338.49	-298.00
338.49	-175.33
338.49	-100.00
338.49	-107.33
338.50	-176.00
338.50	-150.66
338.50	-196.67
338.50	-151.34
338.50	-182.67
338.50	-194.67
338.50	-208.00
338.50	-143.33
338.51	-261.34
338.51	-312.67
338.51	-215.33
338.51	-203.33
338.51	-166.00
338.51	-130.66
338.51	-118.00
338.51	-75.33
338.51	-105.33
338.52	-246.67
338.52	-196.00
338.52	-190.00
338.52	-278.00
338.52	-223.33
338.52	-264.00
338.52	-223.33
338.52	-178.66
338.53	-193.33
338.53	-298.00
338.53	-292.67
338.53	-296.00
338.53	-290.00
338.53	-170.66
338.53	-202.67
338.53	-294.67
338.54	-188.66
338.54	-112.67
338.54	-206.00
338.54	-287.33
338.54	-200.66
338.54	-148.00
338.54	-252.00
338.54	-241.34
338.54	-208.00
338.55	-168.00
338.55	-190.00
338.55	-288.66
338.55	-227.33
338.55	-207.33
338.55	-264.00
338.55	-323.33
338.55	-318.00
338.56	-345.33
338.56	-290.66
338.56	-151.34
338.56	-213.33
338.56	-232.67
338.56	-176.00
338.56	-182.67
338.56	-208.00
338.56	-273.33
338.57	-272.67
338.57	-171.34
338.57	-123.33
338.57	-224.67
338.57	-180.66
338.57	-221.34
338.57	-256.00
338.57	-178.00
338.58	-155.33
338.58	-211.34
338.58	-185.33
338.58	-143.33
338.58	-224.67
338.58	-140.00
338.58	-184.67
338.58	-246.67
338.59	-275.33
338.59	-282.00
338.59	-274.67
338.59	-244.67
338.59	-221.34
338.59	-260.66
338.59	-254.67
338.59	-266.00
338.59	-221.34
338.60	-236.67
338.60	-278.00
338.60	-250.00
338.60	-230.00
338.60	-169.34
338.60	-236.00
338.60	-144.67
338.60	-244.67
338.61	-247.33
338.61	-221.34
338.61	-165.33
338.61	-108.00
338.61	-155.33
338.61	-220.00
338.61	-168.00
338.61	-198.00
338.61	-134.00
338.62	-166.00
338.62	-16.67
338.62	-129.34
338.62	-188.66
338.62	-214.67
338.62	-285.33
338.62	-296.67
338.62	-274.67
338.63	-250.00
338.63	-187.33
338.63	-130.66
338.63	-21.33
338.63	-163.33
338.63	-250.00
338.63	-139.34
338.63	-129.34
338.64	-234.67
338.64	-310.66
338.64	-251.34
338.64	-314.67
338.64	-218.66
338.64	-166.67
338.64	-206.67
338.64	-274.67
338.64	-120.00
338.65	-129.34
338.65	-97.33
338.65	-110.00
338.65	-230.66
338.65	-286.67
338.65	-234.67
338.65	-174.00
338.65	-186.00
338.66	-154.67
338.66	-60.66
338.66	-182.67
338.66	-278.66
338.66	-221.34
338.66	-294.67
338.66	-258.66
338.66	-304.00
338.66	-290.00
338.67	-222.00
338.67	-134.00
338.67	-230.66
338.67	-223.33
338.67	-188.00
338.67	-142.67
338.67	-186.00
338.67	-166.67
338.68	-83.33
338.68	-161.34
338.68	-172.00
338.68	-125.33
338.68	-149.34
338.68	-205.33
338.68	-250.66
338.68	-263.33
338.69	-182.67
338.69	-184.00
338.69	-162.00
338.69	-228.00
338.69	-250.66
338.69	-108.00
338.69	-76.00
338.69	-103.33
338.69	-96.00
338.70	-101.34
338.70	-171.34
338.70	-176.67
338.70	-240.66
338.70	-276.67
338.70	-188.00
338.70	-118.00
338.70	-102.00
338.71	-99.34
338.71	-98.66
338.71	-127.33
338.71	-197.33
338.71	-222.67
338.71	-134.00
338.71	-236.67
338.71	-207.33
338.72	-222.00
338.72	-194.67
338.72	-238.66
338.72	-246.67
338.72	-223.33
338.72	-126.00
338.72	-186.67
338.72	-140.66
338.72	-169.34
338.73	-190.00
338.73	-268.00
338.73	-324.00
338.73	-258.66
338.73	-214.00
338.73	-207.33
338.73	-88.66
338.73	4.67
338.74	-46.00
338.74	-68.66
338.74	-78.66
338.74	-55.33
338.74	-94.00
338.74	-131.34
338.74	-97.33
338.74	-128.00
338.74	-216.00
338.75	-282.67
338.75	-228.66
338.75	-258.00
338.75	-254.00
338.75	-232.00
338.75	-310.66
338.75	-408.00
338.75	-195.33
338.76	-174.00
338.76	-180.00
338.76	-100.66
338.76	-72.67
338.76	-142.00
338.76	-88.00
338.76	-80.66
338.76	-182.00
338.77	-236.00
338.77	-273.33
338.77	-295.33
338.77	-186.00
338.77	-104.00
338.77	-50.00
338.77	-108.66
338.77	-146.67
338.77	-121.34
338.78	-124.67
338.78	-176.00
338.78	-36.67
338.78	-123.33
338.78	-109.34
338.78	-150.00
338.78	-139.34
338.78	-175.33
338.79	-180.66
338.79	-213.33
338.79	-170.66
338.79	-240.00
338.79	-268.66
338.79	-254.00
338.79	-236.67
338.79	-148.66
338.79	-196.67
338.80	-176.00
338.80	-122.00
338.80	-168.66
338.80	-156.67
338.80	-182.00
338.80	-188.00
338.80	-230.00
338.80	-222.67
338.81	-188.00
338.81	-201.34
338.81	-178.66
338.81	-112.00
338.81	-136.67
338.81	-230.00
338.81	-94.00
338.81	-130.00
338.82	-195.33
338.82	-149.34
338.82	-123.33
338.82	-140.66
338.82	-104.67
338.82	-208.66
338.82	-274.67
338.82	-233.33
338.82	-162.67
338.83	-233.33
338.83	-228.00
338.83	-205.33
338.83	-222.67
338.83	-225.33
338.83	-221.34
338.83	-228.00
338.83	-210.66
338.84	-206.00
338.84	-278.00
338.84	-378.66
338.84	-384.00
338.84	-308.66
338.84	-344.67
338.84	-263.33
338.84	-250.66
338.85	-266.67
338.85	-360.66
338.85	-359.34
338.85	-362.00
338.85	-307.33
338.85	-377.33
338.85	-264.67
338.85	-205.33
338.85	-186.00
338.86	-190.66
338.86	-193.33
338.86	-118.66
338.86	-140.00
338.86	-107.33
338.86	-192.67
338.86	-179.34
338.86	-223.33
338.87	-266.00
338.87	-338.00
338.87	-248.66
338.87	-228.00
338.87	-267.33
338.87	-202.67
338.87	-265.33
338.87	-384.67
338.87	-371.34
338.88	-299.34
338.88	-181.34
338.88	-161.34
338.88	-148.00
338.88	-169.34
338.88	-192.00
338.88	-202.67
338.88	-160.00
338.89	-146.67
338.89	-104.67
338.89	-94.67
338.89	-253.33
338.89	-332.00
338.89	-294.00
338.89	-345.33
338.89	-256.67
338.90	-108.00
338.90	-182.67
338.90	-166.67
338.90	-134.67
338.90	-118.00
338.90	-114.00
338.90	-173.33
338.90	-164.67
338.90	-205.33
338.91	-147.33
338.91	-170.00
338.91	-174.00
338.91	-278.66
338.91	-292.00
338.91	-240.66
338.91	-205.33
338.91	-74.67
338.92	-130.66
338.92	-88.66
338.92	-216.67
338.92	-148.66
338.92	-150.00
338.92	-238.00
338.92	-151.34
338.92	-58.00
338.92	-162.00
338.93	-209.34
338.93	-247.33
338.93	-280.00
338.93	-282.00
338.93	-283.33
338.93	-251.34
338.93	-202.00
338.93	-218.00
338.94	-199.34
338.94	-216.67
338.94	-91.34
338.94	-175.33
338.94	-156.67
338.94	-50.00
338.94	-211.34
338.94	-217.33
338.95	-204.67
338.95	-278.66
338.95	-172.67
338.95	-140.66
338.95	-154.67
338.95	-158.00
338.95	-66.67
338.95	-16.67
338.95	-58.00
338.96	-133.33
338.96	-176.00
338.96	-117.33
338.96	-116.67
338.96	-146.00
338.96	-184.67
338.96	-152.00
338.96	-230.00
338.97	-176.00
338.97	-190.00
338.97	-170.00
338.97	-150.00
338.97	-201.34
338.97	-266.00
338.97	-259.34
338.97	-256.67
338.97	-295.33
338.98	-302.00
338.98	-230.66
338.98	-210.00
338.98	-204.00
338.98	-176.00
338.98	-248.66
338.98	-146.00
338.98	-61.34
338.99	-138.00
338.99	-224.67
338.99	-168.00
338.99	-230.66
338.99	-244.00
338.99	-192.67
338.99	-300.66
338.99	-243.33
339.00	-242.00
339.00	-137.33
339.00	-169.34
339.00	-198.00
339.00	-130.66
339.00	-105.33
339.00	-223.33
339.00	-170.00
339.00	-243.33
339.01	-253.33
339.01	-251.34
339.01	-126.67
339.01	-184.00
339.01	-194.67
339.01	-115.33
339.01	-153.33
339.01	-228.00
339.02	-241.34
339.02	-278.00
339.02	-126.67
339.02	-137.33
339.02	-154.00
339.02	-206.67
339.02	-246.00
339.02	-270.66
339.03	-215.33
339.03	-206.00
339.03	-144.67
339.03	-93.33
339.03	-118.00
339.03	-149.34
339.03	-116.67
339.03	-126.00
339.03	-154.00
339.04	-84.67
339.04	-83.33
339.04	-188.66
339.04	-186.67
339.04	-282.67
339.04	-242.67
339.04	-120.00
339.04	-114.67
339.05	-106.67
339.05	-146.00
339.05	-190.66
339.05	-249.34
339.05	-210.66
339.05	-271.34
339.05	-299.34
339.05	-281.34
339.05	-190.00
339.06	-168.00
339.06	-208.00
339.06	-258.00
339.06	-190.66
339.06	-174.00
339.06	-277.33
339.06	-219.34
339.06	-255.33
339.07	-249.34
339.07	-136.00
339.07	-49.34
339.07	-70.00
339.07	-129.34
339.07	-167.33
339.07	-222.00
339.07	-240.00
339.08	-248.00
339.08	-265.33
339.08	-236.00
339.08	-294.00
339.08	-204.00
339.08	-262.67
339.08	-245.33
339.08	-248.66
339.08	-221.34
339.09	-187.33
339.09	-43.33
339.09	-159.34
339.09	-104.00
339.09	-186.00
339.09	-231.34
339.09	-235.33
339.09	-142.67
339.10	-112.67
339.10	-212.67
339.10	-170.00
339.10	-169.34
339.10	-186.00
339.10	-199.34
339.10	-175.33
339.10	-242.67
339.10	-140.00
339.11	-143.33
339.11	-250.00
339.11	-272.00
339.11	-220.66
339.11	-162.67
339.11	-209.34
339.11	-252.00
339.11	-304.00
339.12	-220.00
339.12	-168.66
339.12	-176.67
339.12	-203.33
339.12	-266.00
339.12	-257.33
339.12	-182.00
339.12	-209.34
339.13	-130.00
339.13	-96.67
339.13	-209.34
339.13	-264.67
339.13	-321.34
339.13	-213.33
339.13	-118.00
339.13	-54.67
339.13	-99.34
339.14	-86.00
339.14	-67.33
339.14	-157.33
339.14	-258.00
339.14	-270.00
339.14	-297.33
339.14	-298.00
339.14	-224.00
339.15	-167.33
339.15	-200.00
339.15	-127.33
339.15	-42.67
339.15	-127.33
339.15	-204.00
339.15	-259.34
339.15	-171.34
339.15	-115.33
339.16	-88.66
339.16	-81.34
339.16	-120.66
339.16	-186.67
339.16	-184.00
339.16	-115.33
339.16	-94.00
339.16	-146.67
339.17	-151.34
339.17	-219.34
339.17	-189.34
339.17	-214.00
339.17	-144.00
339.17	-168.00
339.17	-204.00
339.17	-190.66
339.18	-314.67
339.18	-180.66
339.18	-167.33
339.18	-212.67
339.18	-332.00
339.18	-168.66
339.18	-257.33
339.18	-412.00
339.18	-356.00
339.19	-348.00
339.19	-352.67
339.19	-237.33
339.19	-165.33
339.19	-327.33
339.19	-348.66
339.19	-208.00
339.19	-252.67
339.20	-319.34
339.20	-359.34
339.20	-382.00
339.20	-350.00
339.20	-226.67
339.20	-264.67
339.20	-238.00
339.20	-259.34
339.21	-270.00
339.21	-290.00
339.21	-227.33
339.21	-166.00
339.21	-260.00
339.21	-332.00
339.21	-321.34
339.21	-174.00
339.21	-161.34
339.22	-128.00
339.22	-182.67
339.22	-297.33
339.22	-246.00
339.22	-186.00
339.22	-265.33
339.22	-315.33
339.22	-124.67
339.23	-78.66
339.23	-148.00
339.23	-176.67
339.23	-253.33
339.23	-182.67
339.23	-178.66
339.23	-131.34
339.23	-161.34
339.23	-139.34
339.24	-202.00
339.24	-226.67
339.24	-161.34
339.24	-198.00
339.24	-202.00
339.24	-188.66
339.24	-168.66
339.24	-155.33
339.25	-176.67
339.25	-81.34
339.25	-192.00
339.25	-211.34
339.25	-195.33
339.25	-220.00
339.25	-204.00
339.25	-293.33
339.26	-207.33
339.26	-148.00
339.26	-150.66
339.26	-162.00
339.26	-203.33
339.26	-140.66
339.26	-127.33
339.26	-141.34
339.26	-216.00
339.27	-117.33
339.27	-101.34
339.27	-214.67
339.27	-302.00
339.27	-254.67
339.27	-224.67
339.27	-233.33
339.27	-196.00
339.28	-228.00
339.28	-197.33
339.28	-222.67
339.28	-157.33
339.28	-154.00
339.28	-232.67
339.28	-242.00
339.28	-194.00
339.28	-233.33
339.29	-172.00
339.29	-145.33
339.29	-184.00
339.29	-182.00
339.29	-197.33
339.29	-237.33
339.29	-134.00
339.29	-116.67
339.30	-159.34
339.30	-161.34
339.30	-74.00
339.30	-194.67
339.30	-164.00
339.30	-138.66
339.30	-188.00
339.30	-318.00
339.31	-286.00
339.31	-370.66
339.31	-348.00
339.31	-257.33
339.31	-235.33
339.31	-271.34
339.31	-257.33
339.31	-240.66
339.31	-150.66
339.32	-69.34
339.32	-113.33
339.32	-140.66
339.32	-123.33
339.32	-78.00
339.32	-142.00
339.32	-224.67
339.32	-350.00
339.33	-229.34
339.33	-185.33
339.33	-252.67
339.33	-220.66
339.33	-221.34
339.33	-251.34
339.33	-222.00
339.33	-230.66
339.34	-241.34
339.34	-160.66
339.34	-158.66
339.34	-213.33
339.34	-241.34
339.34	-252.67
339.34	-272.67
339.34	-212.00
339.34	-172.00
339.35	-262.67
339.35	-361.34
339.35	-312.00
339.35	-276.67
339.35	-171.34
339.35	-252.67
339.35	-249.34
339.35	-319.34
339.36	-217.33
339.36	-140.66
339.36	-183.33
339.36	-140.66
339.36	-65.33
339.36	-77.33
339.36	-289.34
339.36	-218.00
339.36	-62.67
339.37	-166.00
339.37	-183.33
339.37	-230.66
339.37	-220.66
339.37	-260.66
339.37	-239.34
339.37	-243.33
339.37	-260.00
339.38	-173.33
339.38	-182.00
339.38	-227.33
339.38	-252.67
339.38	-233.33
339.38	-173.33
339.38	-190.00
339.38	-174.00
339.39	-64.00
339.39	-88.66
339.39	-49.34
339.39	-43.33
339.39	-192.67
339.39	-215.33
339.39	-185.33
339.39	-217.33
339.39	-279.34
339.40	-214.00
339.40	-168.00
339.40	-172.67
339.40	-150.00
339.40	-224.67
339.40	-347.33
339.40	-384.67
339.40	-362.67
339.41	-305.33
339.41	-280.00
339.41	-284.00
339.41	-286.00
339.41	-110.66
339.41	-178.66
339.41	-224.00
339.41	-236.67
339.41	-280.66
339.42	-282.00
339.42	-253.33
339.42	-191.34
339.42	-164.67
339.42	-221.34
339.42	-152.00
339.42	-149.34
339.42	-175.33
339.43	-228.66
339.43	-121.34
339.43	-182.67
339.43	-234.67
339.43	-218.00
339.43	-137.33
339.43	-174.67
339.43	-138.00
339.44	-189.34
339.44	-237.33
339.44	-185.33
339.44	-170.00
339.44	-187.33
339.44	-132.67
339.44	-128.00
339.44	-186.00
