334.56	-57.33
334.56	-109.34
334.56	-190.00
334.56	-136.67
334.57	-251.34
334.57	-284.67
334.57	-165.33
334.57	-124.67
334.57	-86.00
334.57	-224.67
334.57	-173.33
334.57	-192.00
334.58	-133.33
334.58	-46.67
334.58	-120.66
334.58	-10.00
334.58	-72.00
334.58	-72.67
334.58	13.33
334.58	18.00
334.59	-127.33
334.59	-298.00
334.59	-191.34
334.59	-183.33
334.59	-65.33
334.59	-34.67
334.59	-54.67
334.59	-96.00
334.59	48.00
334.60	-17.33
334.60	-59.34
334.60	-110.00
334.60	-182.00
334.60	-128.00
334.60	-113.33
334.60	-118.66
334.60	-138.66
334.61	-212.00
334.61	-194.67
334.61	-325.33
334.61	-312.00
334.61	-236.67
334.61	-95.33
334.61	-14.67
334.61	-52.67
334.61	-62.67
334.62	-106.67
334.62	-106.00
334.62	-62.67
334.62	-21.33
334.62	-116.00
334.62	-183.33
334.62	-138.66
334.62	-146.67
334.63	-149.34
334.63	-136.00
334.63	-137.33
334.63	-194.00
334.63	-276.67
334.63	-128.00
334.63	-116.67
334.63	-66.00
334.64	-133.33
334.64	-256.00
334.64	-232.67
334.64	-118.00
334.64	-115.33
334.64	-30.00
334.64	-36.67
334.64	-140.00
334.64	-202.00
334.65	-114.00
334.65	-52.00
334.65	-69.34
334.65	-112.67
334.65	-118.00
334.65	-209.34
334.65	-160.66
334.65	-76.00
334.66	-66.67
334.66	-181.34
334.66	-104.67
334.66	-225.33
334.66	-188.00
334.66	-136.00
334.66	-124.67
334.66	-198.00
334.67	-131.34
334.67	-135.33
334.67	-223.33
334.67	-248.66
334.67	-100.66
334.67	-62.00
334.67	-115.33
334.67	-141.34
334.67	-101.34
334.68	-168.00
334.68	-64.00
334.68	-123.33
334.68	-213.33
334.68	-238.00
334.68	-176.67
334.68	-112.00
334.68	-135.33
334.69	-152.67
334.69	-183.33
334.69	-192.67
334.69	-319.34
334.69	-135.33
334.69	-191.34
334.69	-150.00
334.69	-114.00
334.69	-168.00
334.70	-114.67
334.70	-154.00
334.70	-180.66
334.70	-217.33
334.70	-266.00
334.70	-115.33
334.70	-100.66
334.70	-289.34
334.71	-203.33
334.71	-203.33
334.71	-153.33
334.71	-200.00
334.71	-278.66
334.71	-246.67
334.71	-256.00
334.71	-259.34
334.72	-290.66
334.72	-322.00
334.72	-328.66
334.72	-272.67
334.72	-218.00
334.72	-112.00
334.72	-76.67
334.72	-57.33
334.72	32.67
334.73	-36.67
334.73	-138.00
334.73	-73.33
334.73	18.00
334.73	-93.33
334.73	-88.66
334.73	-72.00
334.73	-133.33
334.74	-190.66
334.74	-156.00
334.74	-74.00
334.74	-47.33
334.74	-32.00
334.74	-55.33
334.74	-26.00
334.74	-52.67
334.74	-82.67
334.75	-105.33
334.75	-204.00
334.75	-242.67
334.75	-232.00
334.75	-220.66
334.75	-167.33
334.75	-164.67
334.75	-55.33
334.76	-53.33
334.76	-54.67
334.76	-186.67
334.76	-263.33
334.76	-206.67
334.76	-242.00
334.76	-172.00
334.76	-121.34
334.77	-143.33
334.77	-150.00
334.77	-170.66
334.77	-48.66
334.77	-286.67
334.77	-288.00
334.77	-221.34
334.77	-240.66
334.77	-259.34
334.78	-128.66
334.78	-92.67
334.78	-99.34
334.78	2.67
334.78	-6.67
334.78	-100.66
334.78	-102.67
334.78	-24.00
334.79	-112.00
334.79	-134.67
334.79	-86.00
334.79	-76.00
334.79	-99.34
334.79	-159.34
334.79	-257.33
334.79	-184.67
334.79	-72.00
334.80	-229.34
334.80	-142.00
334.80	-136.00
334.80	-182.00
334.80	-256.00
334.80	-262.00
334.80	-166.67
334.80	-307.33
334.81	-217.33
334.81	-187.33
334.81	-89.34
334.81	-76.67
334.81	-322.00
334.81	-194.00
334.81	-101.34
334.81	-54.00
334.82	-104.00
334.82	-178.66
334.82	-174.67
334.82	-129.34
334.82	-124.67
334.82	-87.33
334.82	-2.67
334.82	92.00
334.82	-14.67
334.83	-116.00
334.83	-106.67
334.83	-135.33
334.83	-203.33
334.83	-155.33
334.83	-128.66
334.83	-165.33
334.83	-162.00
334.84	-182.67
334.84	-120.66
334.84	-8.00
334.84	-28.00
334.84	-130.00
334.84	-163.33
334.84	-113.33
334.84	-182.00
334.85	-204.00
334.85	-249.34
334.85	-320.66
334.85	-153.33
334.85	-73.33
334.85	-215.33
334.85	-253.33
334.85	-155.33
334.85	-234.67
334.86	-218.00
334.86	-125.33
334.86	-108.00
334.86	-164.00
334.86	-181.34
334.86	-115.33
334.86	-217.33
334.86	-192.00
334.87	-117.33
334.87	-194.00
334.87	-143.33
334.87	-178.66
334.87	-228.00
334.87	-264.67
334.87	-318.66
334.87	-187.33
334.87	-179.34
334.88	-176.67
334.88	4.00
334.88	-137.33
334.88	-71.34
334.88	-30.00
334.88	15.33
334.88	-32.67
334.88	-4.67
334.89	-59.34
334.89	-179.34
334.89	-172.00
334.89	-151.34
334.89	-86.67
334.89	-131.34
334.89	-18.00
334.89	-134.67
334.90	-236.00
334.90	-106.67
334.90	-90.66
334.90	-93.33
334.90	-46.00
334.90	-81.34
334.90	-156.67
334.90	-142.00
334.90	-78.00
334.91	-82.00
334.91	-116.00
334.91	-127.33
334.91	-170.00
334.91	-120.00
334.91	-199.34
334.91	-220.00
334.91	-159.34
334.92	-126.00
334.92	-103.33
334.92	-162.00
334.92	-308.00
334.92	-212.00
334.92	-142.00
334.92	-122.00
334.92	-101.34
334.92	-94.00
334.93	-121.34
334.93	-139.34
334.93	-116.00
334.93	-114.67
334.93	-210.00
334.93	-161.34
334.93	-91.34
334.93	-130.66
334.94	-112.00
334.94	-96.00
334.94	-105.33
334.94	-87.33
334.94	-156.67
334.94	-139.34
334.94	-176.00
334.94	-146.67
334.95	-178.00
334.95	-178.00
334.95	-121.34
334.95	-27.33
334.95	-44.67
334.95	-32.67
334.95	-93.33
334.95	-180.00
334.95	-119.34
334.96	-141.34
334.96	-218.66
334.96	-149.34
334.96	-179.34
334.96	-248.00
334.96	-152.67
334.96	-145.33
334.96	-282.00
334.97	-192.67
334.97	-22.67
334.97	22.00
334.97	-60.66
334.97	-146.00
334.97	-150.66
334.97	-181.34
334.97	-125.33
334.98	-136.00
334.98	-230.00
334.98	-211.34
334.98	-244.00
334.98	-264.67
334.98	-255.33
334.98	-286.00
334.98	-302.67
334.98	-288.66
334.99	-146.00
334.99	-138.66
334.99	-66.00
334.99	-62.67
334.99	-12.67
334.99	-76.67
334.99	-80.00
334.99	-39.33
335.00	-89.34
335.00	-142.67
335.00	-189.34
335.00	-114.00
335.00	-169.34
335.00	-143.33
335.00	-52.00
335.00	-112.67
335.00	-182.00
335.01	-254.67
335.01	-174.00
335.01	-102.67
335.01	-62.67
335.01	-123.33
335.01	-186.00
335.01	-245.33
335.01	-174.67
335.02	-132.00
335.02	-120.00
335.02	-183.33
335.02	-172.67
335.02	-243.33
335.02	-171.34
335.02	-214.00
335.02	-216.67
335.03	-149.34
335.03	-146.67
335.03	-170.66
335.03	-167.33
335.03	-122.67
335.03	-68.66
335.03	-153.33
335.03	-106.00
335.03	-164.00
335.04	-186.00
335.04	-161.34
335.04	-187.33
335.04	-322.67
335.04	-308.00
335.04	-265.33
335.04	-316.00
335.04	-46.67
335.05	-75.33
335.05	-187.33
335.05	-184.00
335.05	-124.00
335.05	-87.33
335.05	-130.66
335.05	-170.00
335.05	-159.34
335.05	-105.33
335.06	-35.33
335.06	-92.00
335.06	-86.67
335.06	-160.00
335.06	-155.33
335.06	-47.33
335.06	-152.00
335.06	-131.34
335.07	-171.34
335.07	-181.34
335.07	-260.00
335.07	-226.67
335.07	-264.00
335.07	-178.66
335.07	-188.00
335.07	-148.00
335.08	-152.00
335.08	-99.34
335.08	-182.00
335.08	-176.67
335.08	-145.33
335.08	-136.00
335.08	-244.00
335.08	-196.67
335.08	-137.33
335.09	-89.34
335.09	-158.66
335.09	-106.00
335.09	-80.66
335.09	-138.00
335.09	-86.00
335.09	-102.00
335.09	-124.00
335.10	-227.33
335.10	-180.00
335.10	-160.66
335.10	-49.34
335.10	-50.00
335.10	-106.67
335.10	-60.66
335.10	22.67
335.10	-71.34
335.11	-106.67
335.11	-134.67
335.11	-156.67
335.11	-115.33
335.11	-125.33
335.11	-122.67
335.11	-116.67
335.11	-96.00
335.12	-72.67
335.12	-110.66
335.12	-118.66
335.12	-123.33
335.12	-240.00
335.12	-198.00
335.12	-204.67
335.12	-210.66
335.13	-160.66
335.13	-145.33
335.13	-181.34
335.13	-220.66
335.13	-271.34
335.13	-237.33
335.13	-172.00
335.13	-218.66
335.13	-186.67
335.14	-255.33
335.14	-302.00
335.14	-296.67
335.14	-281.34
335.14	-288.00
335.14	-233.33
335.14	-230.00
335.14	-256.67
335.15	-290.00
335.15	-248.66
335.15	-208.00
335.15	-271.34
335.15	-114.67
335.15	-172.00
335.15	-190.00
335.15	-184.67
335.16	-149.34
335.16	-138.00
335.16	-179.34
335.16	-156.67
335.16	-184.00
335.16	-62.00
335.16	-49.34
335.16	-34.67
335.16	-155.33
335.17	-211.34
335.17	-109.34
335.17	-121.34
335.17	-155.33
335.17	-32.67
335.17	-164.00
335.17	-220.66
335.17	-154.00
335.18	-222.67
335.18	-116.00
335.18	-110.00
335.18	-170.00
335.18	-170.66
335.18	-200.66
335.18	-136.67
335.18	-135.33
335.18	-224.67
335.19	-169.34
335.19	-112.00
335.19	-166.00
335.19	-160.00
335.19	-117.33
335.19	-82.67
335.19	-144.00
335.19	-89.34
335.20	-118.00
335.20	-170.00
335.20	-264.67
335.20	-230.66
335.20	-306.00
335.20	-159.34
335.20	-100.66
335.20	-134.00
335.21	-183.33
335.21	-130.66
335.21	-298.00
335.21	-250.66
335.21	-155.33
335.21	-157.33
335.21	-139.34
335.21	-77.33
335.21	-94.00
335.22	-197.33
335.22	-139.34
335.22	-188.00
335.22	-136.00
335.22	-105.33
335.22	-126.00
335.22	-148.00
335.22	-188.66
335.23	-163.33
335.23	-211.34
335.23	-189.34
335.23	-185.33
335.23	-108.00
335.23	-164.00
335.23	-117.33
335.23	-220.00
335.23	-271.34
335.24	-276.00
335.24	-241.34
335.24	-266.67
335.24	-280.66
335.24	-175.33
335.24	-152.67
335.24	-244.67
335.24	-222.00
335.25	-184.00
335.25	-206.00
335.25	-137.33
335.25	-141.34
335.25	-176.67
335.25	-170.66
335.25	-92.00
335.25	-134.67
335.26	-204.00
335.26	-127.33
335.26	-138.66
335.26	-196.67
335.26	-107.33
335.26	-119.34
335.26	-148.66
335.26	-234.00
335.26	-246.67
335.27	-296.67
335.27	-216.00
335.27	-104.00
335.27	-210.66
335.27	-204.00
335.27	-254.67
335.27	-130.66
335.27	-178.00
335.28	-58.00
335.28	-51.34
335.28	-142.00
335.28	-146.00
335.28	-103.33
335.28	-126.00
335.28	-134.00
335.28	-49.34
335.29	-71.34
335.29	-150.66
335.29	-167.33
335.29	-233.33
335.29	-230.66
335.29	-101.34
335.29	-19.33
335.29	-151.34
335.29	-120.00
335.30	-58.00
335.30	-86.00
335.30	-138.66
335.30	-194.67
335.30	-186.00
335.30	-268.00
335.30	-287.33
335.30	-357.33
335.31	-260.66
335.31	-164.67
335.31	-196.00
335.31	-146.67
335.31	-140.00
335.31	-174.00
335.31	-197.33
335.31	-179.34
335.31	-204.00
335.32	-174.00
335.32	-168.00
335.32	-56.67
335.32	35.33
335.32	-73.33
335.32	-100.00
335.32	-128.66
335.32	-288.66
335.33	-296.00
335.33	-143.33
335.33	-144.00
335.33	-184.00
335.33	-154.67
335.33	-96.67
335.33	-74.00
335.33	49.33
335.34	-53.33
335.34	-112.67
335.34	-160.66
335.34	-192.00
335.34	-172.00
335.34	-166.00
335.34	-186.67
335.34	-95.33
335.34	-168.66
335.35	-299.34
335.35	-216.67
335.35	-205.33
335.35	-209.34
335.35	-194.67
335.35	-126.67
335.35	-103.33
335.35	17.33
335.36	-67.33
335.36	-126.00
335.36	-114.00
335.36	-133.33
335.36	-215.33
335.36	-170.66
335.36	-145.33
335.36	-248.66
335.36	-184.00
335.37	-86.00
335.37	-128.00
335.37	-183.33
335.37	-82.67
335.37	-208.00
335.37	-165.33
335.37	17.33
335.37	-118.00
335.38	-232.00
335.38	-232.67
335.38	-52.00
335.38	-147.33
335.38	-133.33
335.38	-99.34
335.38	-164.67
335.38	-96.67
335.39	-28.00
335.39	-82.00
335.39	-188.66
335.39	-200.66
335.39	-172.00
335.39	-102.67
335.39	-149.34
335.39	-100.66
335.39	-164.00
335.40	-261.34
335.40	-141.34
335.40	-238.66
335.40	-249.34
335.40	-122.67
335.40	-126.67
335.40	-168.00
335.40	-142.00
335.41	-128.66
335.41	-174.67
335.41	-252.00
335.41	-170.66
335.41	-79.34
335.41	-42.00
335.41	-109.34
335.41	-7.33
335.41	-78.00
335.42	-98.00
335.42	-128.00
335.42	-88.00
335.42	-98.66
335.42	-24.00
335.42	-82.67
335.42	-52.67
335.42	-108.66
335.43	-145.33
335.43	-165.33
335.43	-138.66
335.43	-188.00
335.43	-226.00
335.43	-64.67
335.43	22.67
335.43	-70.66
335.44	-197.33
335.44	-133.33
335.44	-154.67
335.44	-246.67
335.44	-162.67
335.44	-231.34
335.44	-225.33
335.44	-287.33
335.44	-240.00
335.45	-198.66
335.45	-127.33
335.45	-150.66
335.45	-173.33
335.45	-111.34
335.45	-128.66
335.45	-177.33
335.45	-182.00
335.46	-158.00
335.46	-161.34
335.46	-83.33
335.46	-110.66
335.46	-212.67
335.46	-217.33
335.46	-230.66
335.46	-2.67
335.47	-70.66
335.47	-137.33
335.47	-142.67
335.47	-198.66
335.47	-250.66
335.47	-238.66
335.47	-136.00
335.47	-136.00
335.47	-98.66
335.48	-100.00
335.48	-160.00
335.48	-72.00
335.48	-72.00
335.48	-178.66
335.48	-296.67
335.48	-188.66
335.48	-254.67
335.49	-156.67
335.49	-162.67
335.49	-252.00
335.49	-276.67
335.49	-179.34
335.49	-118.66
335.49	-92.67
335.49	-30.67
335.49	-101.34
335.50	-48.00
335.50	-216.00
335.50	-170.66
335.50	-138.00
335.50	-169.34
335.50	-294.00
335.50	-193.33
335.50	-99.34
335.51	-125.33
335.51	-68.66
335.51	-8.00
335.51	-26.67
335.51	-66.67
335.51	-125.33
335.51	-104.67
335.51	-34.67
335.52	22.67
335.52	10.00
335.52	115.33
335.52	-71.34
335.52	-154.67
335.52	-212.67
335.52	-272.67
335.52	-269.34
335.52	-230.66
335.53	-192.00
335.53	-123.33
335.53	-210.00
335.53	-175.33
335.53	-67.33
335.53	-196.67
335.53	-166.00
335.53	-103.33
335.54	-56.67
335.54	-165.33
335.54	-153.33
335.54	-38.67
335.54	-96.67
335.54	-96.67
335.54	-45.33
335.54	-156.67
335.54	-100.00
335.55	-27.33
335.55	-83.33
335.55	-142.67
335.55	-64.67
335.55	-196.67
335.55	-208.00
335.55	-156.67
335.55	-279.34
335.56	-242.67
335.56	-169.34
335.56	-136.67
335.56	-133.33
335.56	-192.67
335.56	-143.33
335.56	-89.34
335.56	-298.66
335.57	-184.67
335.57	-112.67
335.57	-114.67
335.57	-202.00
335.57	-240.66
335.57	-201.34
335.57	-240.66
335.57	-150.00
335.57	-97.33
335.58	-80.66
335.58	-83.33
335.58	-52.00
335.58	30.67
335.58	1.33
335.58	-61.34
335.58	-171.34
335.58	-150.00
335.59	-95.33
335.59	-148.00
335.59	-242.67
335.59	-155.33
335.59	-224.00
335.59	-144.00
335.59	-91.34
335.59	-114.00
335.59	-88.00
335.60	-158.00
335.60	-222.00
335.60	-170.00
335.60	-111.34
335.60	-232.67
335.60	-194.00
335.60	-179.34
335.60	-167.33
335.61	-85.33
335.61	-60.66
335.61	-26.67
335.61	-94.00
335.61	-143.33
335.61	-34.67
335.61	-74.00
335.61	-153.33
335.62	-189.34
335.62	-181.34
335.62	-144.00
335.62	-220.66
335.62	-216.00
335.62	-176.67
335.62	-200.66
335.62	-134.00
335.62	-48.66
335.63	-215.33
335.63	-156.67
335.63	-108.00
335.63	-92.67
335.63	-59.34
335.63	-94.67
335.63	-211.34
335.63	-164.67
335.64	-185.33
335.64	-162.67
335.64	-177.33
335.64	-224.00
335.64	-84.67
335.64	-125.33
335.64	-247.33
335.64	-307.33
335.65	-369.34
335.65	-410.00
335.65	-268.66
335.65	-126.00
335.65	-123.33
335.65	-77.33
335.65	-196.67
335.65	-166.00
335.65	-126.00
335.66	-124.67
335.66	-150.66
335.66	-235.33
335.66	-230.00
335.66	-170.66
335.66	-103.33
335.66	-84.67
335.66	-195.33
335.67	-216.67
335.67	-210.66
335.67	-158.66
335.67	-77.33
335.67	-52.00
335.67	8.00
335.67	-82.00
335.67	-130.00
335.67	-166.00
335.68	-184.67
335.68	-112.00
335.68	-70.66
335.68	-130.00
335.68	-196.00
335.68	-170.00
335.68	-191.34
335.68	-188.66
335.69	-148.66
335.69	-145.33
335.69	-164.67
335.69	-98.66
335.69	-30.00
335.69	-94.67
335.69	-156.00
335.69	-124.67
335.70	-140.66
335.70	-177.33
335.70	-210.00
335.70	-234.67
335.70	-233.33
335.70	-203.33
335.70	-126.67
335.70	-119.34
335.70	-44.67
335.71	-72.00
335.71	-153.33
335.71	-330.66
335.71	-366.00
335.71	-232.67
335.71	-249.34
335.71	-188.66
335.71	-82.67
335.72	-59.34
335.72	-104.67
335.72	-152.67
335.72	-195.33
335.72	-82.67
335.72	-104.00
335.72	-133.33
335.72	-198.66
335.72	-209.34
335.73	40.00
335.73	-38.00
335.73	-126.00
335.73	-166.00
335.73	-204.67
335.73	-120.66
335.73	-44.67
335.73	-89.34
335.74	-66.00
335.74	-106.00
335.74	-104.67
335.74	-92.00
335.74	-184.00
335.74	-180.00
335.74	-239.34
335.74	-254.00
335.75	-234.00
335.75	-177.33
335.75	-235.33
335.75	-168.00
335.75	-29.33
335.75	-160.00
335.75	-60.00
335.75	-46.67
335.75	-84.00
335.76	-208.66
335.76	-151.34
335.76	-124.00
335.76	-82.00
335.76	-135.33
335.76	-72.67
335.76	-133.33
335.76	-106.00
335.77	-240.00
335.77	-262.67
335.77	-278.00
335.77	-67.33
335.77	-72.00
335.77	-234.00
335.77	-219.34
335.77	-175.33
335.77	-195.33
335.78	-205.33
335.78	-167.33
335.78	-223.33
335.78	-156.00
335.78	-221.34
335.78	-213.33
335.78	-130.00
335.78	-172.00
335.79	-232.67
335.79	-222.00
335.79	-66.67
335.79	-88.66
335.79	-153.33
335.79	-150.00
335.79	-168.00
335.79	-283.33
335.80	-215.33
335.80	-126.67
335.80	-142.67
335.80	-218.00
335.80	-179.34
335.80	-178.66
335.80	-304.67
335.80	-198.00
335.80	-98.66
335.81	-194.00
335.81	-140.00
335.81	-180.66
335.81	-218.00
335.81	-164.00
335.81	-104.67
335.81	-112.67
335.81	-130.66
335.82	-66.67
335.82	-64.00
335.82	-164.67
335.82	-170.66
335.82	-173.33
335.82	-283.33
335.82	-225.33
335.82	-154.00
335.83	-150.00
335.83	-125.33
335.83	-4.67
335.83	134.00
335.83	85.33
335.83	-52.67
335.83	-217.33
335.83	-232.00
335.83	-186.67
335.84	-210.00
335.84	-220.00
335.84	-158.66
335.84	-144.67
335.84	-261.34
335.84	-250.66
335.84	-162.67
335.84	-178.00
335.85	-252.00
335.85	-292.00
335.85	-287.33
335.85	-222.67
335.85	-186.00
335.85	-126.00
335.85	-183.33
335.85	-266.00
335.85	-174.00
335.86	-24.00
335.86	-9.33
335.86	-66.67
335.86	-58.66
335.86	-236.67
335.86	-194.67
335.86	-157.33
335.86	-165.33
335.87	-77.33
335.87	36.67
335.87	-44.00
335.87	-201.34
335.87	-218.00
335.87	-188.66
335.87	-128.00
335.87	-138.66
335.88	-224.67
335.88	-228.66
335.88	-237.33
335.88	-137.33
335.88	-106.67
335.88	-108.66
335.88	-196.00
335.88	-272.00
335.88	-247.33
335.89	-212.67
335.89	-164.67
335.89	-128.00
335.89	-146.67
335.89	-129.34
335.89	-154.00
335.89	-142.00
335.89	-58.00
335.90	-107.33
335.90	-145.33
335.90	-27.33
335.90	8.00
335.90	-122.00
335.90	-143.33
335.90	-108.66
335.90	-144.67
335.90	-245.33
335.91	-162.67
335.91	-153.33
335.91	-166.67
335.91	-84.67
335.91	-92.67
335.91	-74.00
335.91	-44.00
335.91	-104.67
335.92	-49.34
335.92	0.00
335.92	-106.67
335.92	-228.66
335.92	-218.00
335.92	-252.67
335.92	-266.67
335.92	-277.33
335.93	-273.33
335.93	-126.67
335.93	-93.33
335.93	-39.33
335.93	-122.00
335.93	-129.34
335.93	-204.67
335.93	-196.00
335.93	-133.33
335.94	-218.00
335.94	-146.00
335.94	-89.34
335.94	-218.00
335.94	-249.34
335.94	-140.00
335.94	-123.33
335.94	-80.00
335.95	-54.00
335.95	-112.00
335.95	-32.67
335.95	-62.00
335.95	-81.34
335.95	78.67
335.95	-15.33
335.95	-46.67
335.96	-113.33
335.96	-94.67
335.96	-67.33
335.96	-105.33
335.96	-127.33
335.96	-232.00
335.96	-173.33
335.96	-149.34
335.96	-91.34
335.97	-132.00
335.97	-341.34
335.97	-328.66
335.97	-272.67
335.97	-368.66
335.97	-320.66
335.97	-176.67
335.97	-233.33
335.98	-206.67
335.98	-181.34
335.98	-146.67
335.98	-120.66
335.98	-31.33
335.98	-134.67
335.98	-176.67
335.98	-89.34
335.98	-136.00
335.99	-174.00
335.99	-223.33
335.99	-216.00
335.99	-122.67
335.99	-99.34
335.99	-228.00
335.99	-228.66
335.99	-223.33
336.00	-120.00
336.00	-127.33
336.00	-198.00
336.00	-257.33
336.00	-183.33
336.00	-226.00
336.00	-256.00
336.00	-120.00
336.01	-149.34
336.01	-73.33
336.01	-50.00
336.01	-96.67
336.01	-53.33
336.01	-123.33
336.01	-172.00
336.01	-133.33
336.01	-206.00
336.02	-233.33
336.02	-255.33
336.02	-157.33
336.02	-96.00
336.02	-219.34
336.02	-336.00
336.02	-128.66
336.02	-115.33
336.03	-142.00
336.03	-78.00
336.03	-86.67
336.03	-34.00
336.03	-92.67
336.03	-72.67
336.03	-48.66
336.03	-48.00
336.03	-190.66
336.04	-183.33
336.04	-125.33
336.04	-157.33
336.04	-152.67
336.04	-124.67
336.04	-118.00
336.04	-107.33
336.04	-76.00
336.05	-137.33
336.05	-229.34
336.05	-124.00
336.05	-194.67
336.05	-93.33
336.05	-78.00
336.05	-191.34
336.05	-323.33
336.06	-334.00
336.06	-358.00
336.06	-320.66
336.06	-70.66
336.06	-138.00
336.06	-95.33
336.06	-142.00
336.06	-240.00
336.06	-190.66
336.07	-194.00
336.07	-107.33
336.07	-113.33
336.07	-90.66
336.07	-88.66
336.07	-204.67
336.07	-273.33
336.07	-204.67
336.08	-175.33
336.08	-157.33
336.08	-172.00
336.08	-90.00
336.08	-134.00
336.08	-64.67
336.08	-22.67
336.08	9.33
336.08	36.00
336.09	87.33
336.09	-86.00
336.09	-298.66
336.09	-196.67
336.09	-194.00
336.09	-262.00
336.09	-260.00
336.09	-215.33
336.10	-107.33
336.10	-85.33
336.10	-80.66
336.10	-180.66
336.10	-115.33
336.10	-149.34
336.10	-141.34
336.10	-158.66
336.11	-63.33
336.11	-115.33
336.11	-126.00
336.11	-133.33
336.11	-205.33
336.11	-323.33
336.11	-208.66
336.11	-287.33
336.11	-281.34
336.12	-318.66
336.12	-189.34
336.12	-122.67
336.12	-257.33
336.12	-226.00
336.12	-124.67
336.12	-62.00
336.12	-60.66
336.13	-25.33
336.13	-70.66
336.13	-120.66
336.13	-210.00
336.13	-223.33
336.13	-97.33
336.13	-145.33
336.13	-99.34
336.14	-181.34
336.14	-108.66
336.14	-91.34
336.14	-156.67
336.14	-114.67
336.14	-116.00
336.14	-210.66
336.14	-276.00
336.14	-226.67
336.15	-176.67
336.15	-154.67
336.15	-54.00
336.15	-114.67
336.15	-170.66
336.15	-233.33
336.15	-288.00
336.15	-332.00
336.16	-185.33
336.16	-202.67
336.16	-112.67
336.16	-260.00
336.16	-206.00
336.16	-155.33
336.16	-128.00
336.16	-194.00
336.16	-91.34
336.17	-58.66
336.17	-67.33
336.17	4.67
336.17	-46.67
336.17	-67.33
336.17	-46.67
336.17	-214.00
336.17	-236.00
336.18	-244.00
336.18	-236.00
336.18	-176.67
336.18	-110.00
336.18	-74.00
336.18	-114.00
336.18	-58.00
336.18	-57.33
336.19	-70.00
336.19	-132.00
336.19	-107.33
336.19	-157.33
336.19	-141.34
336.19	-112.67
336.19	-154.67
336.19	-260.00
336.19	-183.33
336.20	-188.66
336.20	-205.33
336.20	-242.00
336.20	-218.66
336.20	-272.00
336.20	-225.33
336.20	-146.67
336.20	-11.33
336.21	-82.00
336.21	-202.67
336.21	-88.66
336.21	-77.33
336.21	-119.34
336.21	-146.00
336.21	-397.33
336.21	-314.00
336.21	-154.00
336.22	-120.66
336.22	-126.00
336.22	-59.34
336.22	-198.00
336.22	-144.00
336.22	-192.67
336.22	-169.34
336.22	-198.00
336.23	-267.33
336.23	-119.34
336.23	-140.66
336.23	-78.00
336.23	-7.33
336.23	-60.00
336.23	-112.00
336.23	-190.66
336.24	-230.66
336.24	-316.00
336.24	-242.67
336.24	-141.34
336.24	-174.00
336.24	-215.33
336.24	-144.67
336.24	-174.67
336.24	-101.34
336.25	-46.67
336.25	-21.33
336.25	-29.33
336.25	78.67
336.25	80.00
336.25	-14.67
336.25	-96.67
336.25	-15.33
336.26	-164.00
336.26	-217.33
336.26	-256.00
336.26	-130.66
336.26	-118.66
336.26	-120.00
336.26	5.33
336.26	-172.00
336.27	-169.34
336.27	-167.33
336.27	-74.67
336.27	-70.00
336.27	-175.33
336.27	-222.67
336.27	-126.67
336.27	-102.67
336.27	-227.33
336.28	-270.00
336.28	-135.33
336.28	-24.00
336.28	-77.33
336.28	-88.00
336.28	-40.00
336.28	-84.00
336.28	-162.67
336.29	-103.33
336.29	-152.00
336.29	-207.33
336.29	-47.33
336.29	-106.67
336.29	-111.34
336.29	-66.67
336.29	-72.67
336.29	-123.33
336.30	59.33
336.30	-8.00
336.30	-150.66
336.30	-202.00
336.30	-187.33
336.30	-160.66
336.30	-173.33
336.30	-110.66
336.31	-133.33
336.31	-264.00
336.31	-293.33
336.31	-156.00
336.31	-103.33
336.31	-37.33
336.31	50.67
336.31	-43.33
336.32	-132.00
336.32	-197.33
336.32	-220.66
336.32	-268.00
336.32	-194.67
336.32	-80.66
336.32	-152.00
336.32	-178.66
336.32	-132.67
336.33	-73.33
336.33	7.33
336.33	30.00
336.33	23.33
336.33	-186.67
336.33	-230.66
336.33	-242.67
336.33	-286.67
336.34	-268.66
336.34	-145.33
336.34	-171.34
336.34	-164.67
336.34	-82.67
336.34	-196.67
336.34	-144.67
336.34	-196.00
336.34	-93.33
336.35	-76.67
336.35	-60.66
336.35	-124.00
336.35	-181.34
336.35	-210.66
336.35	-147.33
336.35	-195.33
336.35	-244.67
336.36	-348.66
336.36	-187.33
336.36	-260.00
336.36	-168.00
336.36	-22.67
336.36	3.33
336.36	-8.00
336.36	-42.00
336.37	-145.33
336.37	-174.67
336.37	-202.00
336.37	-187.33
336.37	-136.00
336.37	-22.67
336.37	22.00
336.37	-36.00
336.37	-50.66
336.38	-122.00
336.38	-131.34
336.38	-86.00
336.38	-76.67
336.38	-122.00
336.38	-149.34
336.38	-149.34
336.38	-122.00
336.39	-125.33
336.39	-57.33
336.39	19.33
336.39	-54.00
336.39	-37.33
336.39	-12.00
336.39	-16.00
336.39	-52.00
336.39	-58.00
336.40	-92.00
336.40	-74.67
336.40	-96.00
336.40	-131.34
336.40	-180.66
336.40	-124.00
336.40	-100.66
336.40	-78.66
336.41	-51.34
336.41	-83.33
336.41	-128.00
336.41	-78.66
336.41	-49.34
336.41	-88.66
336.41	-45.33
336.41	-52.67
336.42	-80.66
336.42	-153.33
336.42	-272.00
336.42	-157.33
336.42	-170.00
336.42	-180.00
336.42	-97.33
336.42	-92.00
336.42	-162.67
336.43	-147.33
336.43	-136.67
336.43	-117.33
336.43	-54.67
336.43	-82.00
336.43	-148.66
336.43	-120.66
336.43	-126.67
336.44	-122.00
336.44	-52.67
336.44	-52.00
336.44	-106.67
336.44	-118.00
336.44	-107.33
336.44	-156.67
336.44	-70.00
336.45	-66.00
336.45	-86.00
336.45	-6.67
336.45	-84.67
336.45	-91.34
336.45	-117.33
336.45	-85.33
336.45	-70.66
336.45	-106.00
336.46	-172.67
336.46	-174.67
336.46	-111.34
336.46	-138.00
336.46	-148.66
336.46	-198.66
336.46	-119.34
336.46	-45.33
336.47	4.00
336.47	-81.34
336.47	-118.00
336.47	-130.66
336.47	-116.00
336.47	-168.00
336.47	-97.33
336.47	-91.34
336.47	-84.67
336.48	-112.00
336.48	-12.00
336.48	-54.00
336.48	-96.67
336.48	-110.66
336.48	-103.33
336.48	-194.67
336.48	-124.67
336.49	-188.66
336.49	-182.00
336.49	-117.33
336.49	-85.33
336.49	-115.33
336.49	-80.00
336.49	-108.66
336.49	-200.66
336.50	-163.33
336.50	-35.33
336.50	-40.66
336.50	-174.67
336.50	-211.34
336.50	-190.00
336.50	-204.00
336.50	-180.00
336.50	-214.67
336.51	-246.67
336.51	-186.67
336.51	-112.67
336.51	-113.33
336.51	-120.00
336.51	-41.34
336.51	15.33
336.51	-106.67
336.52	-173.33
336.52	-162.67
336.52	-204.67
336.52	-104.67
336.52	-122.67
336.52	-157.33
336.52	-196.00
336.52	-156.00
336.52	28.00
336.53	-63.33
336.53	-127.33
336.53	-217.33
336.53	-231.34
336.53	-112.67
336.53	-117.33
336.53	-194.00
336.53	-128.00
336.54	-30.00
336.54	24.00
336.54	-50.66
336.54	-100.00
336.54	-84.00
336.54	-110.66
336.54	-184.00
336.54	-164.67
336.55	-154.67
336.55	-136.00
336.55	-112.67
336.55	-181.34
336.55	-186.67
336.55	-64.00
336.55	-60.66
336.55	-96.00
336.55	-90.66
336.56	-134.67
336.56	-220.66
336.56	-134.00
336.56	-43.33
336.56	-174.00
336.56	-247.33
336.56	-242.00
336.56	-130.00
336.57	-118.66
336.57	-57.33
336.57	-150.66
336.57	-265.33
336.57	-340.00
336.57	-239.34
336.57	-213.33
336.57	-131.34
336.57	-76.00
336.58	-82.00
336.58	-155.33
336.58	-184.00
336.58	-172.00
336.58	-220.66
336.58	-196.67
336.58	-132.00
336.58	-98.00
336.59	-132.67
336.59	-195.33
336.59	-126.00
336.59	-168.00
336.59	-89.34
336.59	-122.00
336.59	-113.33
336.59	-89.34
336.60	-116.67
336.60	-88.66
336.60	-29.33
336.60	-145.33
336.60	-318.66
336.60	-242.67
336.60	-122.00
336.60	-136.00
336.60	-250.00
336.61	-140.00
336.61	-120.66
336.61	-52.67
336.61	173.33
336.61	8.00
336.61	-159.34
336.61	-91.34
336.61	-96.67
336.62	-206.67
336.62	-250.00
336.62	-134.00
336.62	-158.00
336.62	-188.00
336.62	-190.66
336.62	-120.66
336.62	-78.00
336.63	-76.67
336.63	-112.00
336.63	-116.67
336.63	-130.00
336.63	-174.00
336.63	-29.33
336.63	-16.67
336.63	-87.33
336.63	-168.66
336.64	-183.33
336.64	-215.33
336.64	-179.34
336.64	-224.00
336.64	-140.66
336.64	-126.00
336.64	-203.33
336.64	-147.33
336.65	-144.67
336.65	-150.66
336.65	-180.66
336.65	-182.67
336.65	-135.33
336.65	-140.00
336.65	-67.33
336.65	-125.33
336.65	-44.00
336.66	-62.67
336.66	-80.66
336.66	-112.67
336.66	-156.67
336.66	-104.00
336.66	-165.33
336.66	-120.00
336.66	-30.00
336.67	-112.67
336.67	-100.00
336.67	23.33
336.67	52.67
336.67	0.67
336.67	-28.67
336.67	-46.67
336.67	-52.00
336.68	-30.67
336.68	-51.34
336.68	15.33
336.68	-102.67
336.68	-168.00
336.68	-183.33
336.68	37.33
336.68	-18.00
336.68	-38.67
336.69	-71.34
336.69	-4.67
336.69	-43.33
336.69	-59.34
336.69	-33.33
336.69	-28.00
336.69	-94.67
336.69	-84.67
336.70	-88.66
336.70	-82.00
336.70	-46.00
336.70	43.33
336.70	-54.00
336.70	-110.66
336.70	-81.34
336.70	-52.67
336.70	-14.00
336.71	-28.67
336.71	-192.00
336.71	-172.00
336.71	-215.33
336.71	-138.66
336.71	-62.00
336.71	-116.67
336.71	-58.66
336.72	-34.67
336.72	-55.33
336.72	-74.00
336.72	-80.66
336.72	-130.00
336.72	-162.67
336.72	7.33
336.72	-170.00
336.73	-140.66
336.73	-144.67
336.73	-183.33
336.73	-191.34
336.73	-125.33
336.73	-111.34
336.73	-62.00
336.73	-57.33
336.73	39.33
336.74	26.67
336.74	-72.00
336.74	-32.00
336.74	-61.34
336.74	-78.00
336.74	-74.00
336.74	-203.33
336.74	-151.34
336.75	-65.33
336.75	-81.34
336.75	-91.34
336.75	-186.67
336.75	-151.34
336.75	-14.67
336.75	-95.33
336.75	-94.67
336.76	-2.67
336.76	-15.33
336.76	-6.67
336.76	-45.33
336.76	-136.67
336.76	-130.66
336.76	-106.00
336.76	-64.67
336.76	-129.34
336.77	-5.33
336.77	42.00
336.77	-55.33
336.77	-2.67
336.77	84.67
336.77	20.00
336.77	112.00
336.77	132.00
336.78	4.67
336.78	-57.33
336.78	-58.66
336.78	-90.00
336.78	-126.00
336.78	-41.34
336.78	61.33
336.78	-49.34
336.78	-128.00
336.79	-190.66
336.79	-48.00
336.79	-64.00
336.79	-67.33
336.79	-94.67
336.79	-125.33
336.79	-4.67
336.79	-136.00
336.80	-223.33
336.80	-102.00
336.80	-72.67
336.80	-62.67
336.80	38.00
336.80	-83.33
336.80	-153.33
336.80	-90.66
336.81	-76.00
336.81	-13.33
336.81	22.67
336.81	36.00
336.81	-24.00
336.81	-105.33
336.81	-64.00
336.81	54.67
336.81	-1.33
336.82	-14.67
336.82	-12.67
336.82	-75.33
336.82	49.33
336.82	12.67
336.82	-62.67
336.82	-91.34
336.82	-24.00
336.83	-6.00
336.83	5.33
336.83	66.67
336.83	61.33
336.83	56.00
336.83	42.00
336.83	152.00
336.83	213.33
336.83	56.67
336.84	-16.00
336.84	54.00
336.84	125.33
336.84	170.00
336.84	80.00
336.84	-49.34
336.84	-90.00
336.84	-76.00
336.85	-116.00
336.85	-146.00
336.85	-90.66
336.85	4.00
336.85	34.67
336.85	124.67
336.85	127.33
336.85	-63.33
336.86	-52.00
336.86	46.67
336.86	-32.67
336.86	34.00
336.86	120.00
336.86	82.67
336.86	-23.33
336.86	-72.67
336.86	-52.00
336.87	-42.00
336.87	90.00
336.87	72.00
336.87	-189.34
336.87	-144.67
336.87	120.00
336.87	50.67
336.87	102.67
336.88	170.67
336.88	133.33
336.88	113.33
336.88	159.33
336.88	136.67
336.88	4.00
336.88	36.67
336.88	-16.00
336.88	-112.67
336.89	-7.33
336.89	21.33
336.89	178.00
336.89	159.33
336.89	35.33
336.89	25.33
336.89	-39.33
336.89	45.33
336.90	18.00
336.90	58.00
336.90	172.67
336.90	121.33
336.90	86.67
336.90	135.33
336.90	32.00
336.90	105.33
336.91	105.33
336.91	70.00
336.91	264.00
336.91	205.33
336.91	157.33
336.91	221.33
336.91	119.33
336.91	199.33
336.91	221.33
336.92	2.67
336.92	57.33
336.92	68.67
336.92	86.67
336.92	-83.33
336.92	-45.33
336.92	51.33
336.92	83.33
336.93	77.33
336.93	206.67
336.93	113.33
336.93	106.00
336.93	78.00
336.93	66.00
336.93	123.33
336.93	77.33
336.94	70.00
336.94	172.67
336.94	212.67
336.94	264.67
336.94	217.33
336.94	186.67
336.94	230.00
336.94	52.00
336.94	154.00
336.95	115.33
336.95	165.33
336.95	216.00
336.95	158.67
336.95	154.00
336.95	200.67
336.95	276.00
336.95	194.67
336.96	132.00
336.96	46.67
336.96	140.67
336.96	45.33
336.96	-26.67
336.96	74.00
336.96	30.67
336.96	71.33
336.96	170.67
336.97	288.00
336.97	270.67
336.97	220.67
336.97	184.67
336.97	187.33
336.97	276.67
336.97	300.00
336.97	439.33
336.98	475.33
336.98	380.67
336.98	350.67
336.98	296.00
336.98	212.67
336.98	188.00
336.98	286.00
336.98	458.67
336.99	407.33
336.99	402.67
336.99	372.00
336.99	307.33
336.99	224.67
336.99	190.67
336.99	224.00
336.99	204.67
336.99	89.33
337.00	198.67
337.00	270.67
337.00	168.67
337.00	247.33
337.00	271.33
337.00	284.00
337.00	280.67
337.00	437.33
337.01	503.33
337.01	384.00
337.01	398.67
337.01	404.00
337.01	295.33
337.01	260.67
337.01	299.33
337.01	260.00
337.01	371.33
337.02	301.33
337.02	218.67
337.02	113.33
337.02	242.67
337.02	364.00
337.02	474.00
337.02	450.00
337.02	343.33
337.03	349.33
337.03	439.33
337.03	325.33
337.03	216.67
337.03	289.33
337.03	375.33
337.03	355.33
337.03	291.33
337.04	350.00
337.04	315.33
337.04	282.00
337.04	345.33
337.04	304.67
337.04	215.33
337.04	269.33
337.04	329.33
337.04	207.33
337.05	204.00
337.05	361.33
337.05	264.00
337.05	236.00
337.05	337.33
337.05	392.67
337.05	366.00
337.05	359.33
337.06	407.33
337.06	259.33
337.06	294.00
337.06	299.33
337.06	400.00
337.06	404.00
337.06	267.33
337.06	244.67
337.07	285.33
337.07	324.00
337.07	312.00
337.07	234.67
337.07	306.00
337.07	332.00
337.07	373.33
337.07	383.33
337.07	409.33
337.08	370.67
337.08	240.00
337.08	289.33
337.08	504.00
337.08	435.33
337.08	414.00
337.08	480.67
337.08	462.67
337.09	575.33
337.09	546.00
337.09	552.67
337.09	656.00
337.09	646.00
337.09	568.67
337.09	594.67
337.09	444.00
337.09	431.33
337.10	566.00
337.10	709.33
337.10	784.67
337.10	704.00
337.10	644.00
337.10	472.00
337.10	462.67
337.10	523.33
337.11	614.00
337.11	549.33
337.11	518.67
337.11	601.33
337.11	706.67
337.11	676.00
337.11	571.33
337.11	592.00
337.12	608.67
337.12	670.67
337.12	613.33
337.12	606.00
337.12	776.67
337.12	696.67
337.12	604.67
337.12	558.67
337.12	610.00
337.13	576.00
337.13	545.33
337.13	618.67
337.13	618.00
337.13	590.67
337.13	658.00
337.13	633.33
337.13	632.00
337.14	541.33
337.14	691.33
337.14	768.00
337.14	738.00
337.14	800.00
337.14	713.33
337.14	668.00
337.14	547.33
337.14	563.33
337.15	577.33
337.15	617.33
337.15	496.67
337.15	472.00
337.15	420.67
337.15	408.67
337.15	483.33
337.15	470.00
337.16	570.00
337.16	570.00
337.16	515.33
337.16	477.33
337.16	608.67
337.16	524.00
337.16	590.67
337.16	522.00
337.17	378.67
337.17	449.33
337.17	531.33
337.17	542.67
337.17	418.00
337.17	316.00
337.17	314.00
337.17	361.33
337.17	388.67
337.18	413.33
337.18	307.33
337.18	296.00
337.18	172.00
337.18	280.67
337.18	258.67
337.18	247.33
337.18	318.00
337.19	321.33
337.19	299.33
337.19	305.33
337.19	304.00
337.19	154.00
337.19	165.33
337.19	165.33
337.19	160.00
337.19	122.00
337.20	186.00
337.20	198.67
337.20	128.00
337.20	120.67
337.20	162.67
337.20	166.67
337.20	124.67
337.20	174.67
337.21	166.67
337.21	148.67
337.21	215.33
337.21	230.67
337.21	341.33
337.21	336.00
337.21	302.67
337.21	283.33
337.22	217.33
337.22	252.00
337.22	180.00
337.22	230.67
337.22	198.00
337.22	126.67
337.22	158.00
337.22	122.67
337.22	91.33
337.23	118.67
337.23	217.33
337.23	212.67
337.23	180.00
337.23	284.00
337.23	353.33
337.23	200.00
337.23	90.67
337.24	122.00
337.24	218.67
337.24	350.67
337.24	430.67
337.24	445.33
337.24	392.00
337.24	385.33
337.24	332.67
337.25	352.67
337.25	414.67
337.25	460.00
337.25	498.67
337.25	450.67
337.25	388.67
337.25	237.33
337.25	141.33
337.25	211.33
337.26	221.33
337.26	348.00
337.26	323.33
337.26	388.67
337.26	335.33
337.26	381.33
337.26	398.67
337.26	338.67
337.27	164.00
337.27	285.33
337.27	311.33
337.27	377.33
337.27	348.67
337.27	382.67
337.27	325.33
337.27	306.67
337.27	234.00
337.28	247.33
337.28	240.00
337.28	123.33
337.28	197.33
337.28	165.33
337.28	282.67
337.28	382.00
337.28	331.33
337.29	334.67
337.29	367.33
337.29	361.33
337.29	288.00
337.29	224.67
337.29	117.33
337.29	55.33
337.29	56.67
337.30	67.33
337.30	206.67
337.30	218.67
337.30	158.67
337.30	-27.33
337.30	-39.33
337.30	-20.67
337.30	-4.00
337.30	-25.33
337.31	78.00
337.31	68.00
337.31	10.67
337.31	-49.34
337.31	-115.33
337.31	-100.00
337.31	-77.33
337.31	-110.00
337.32	-169.34
337.32	-197.33
337.32	-45.33
337.32	-43.33
337.32	-98.00
337.32	-225.33
337.32	-153.33
337.32	-227.33
337.32	-170.00
337.33	-136.67
337.33	-216.00
337.33	-240.00
337.33	-280.00
337.33	-252.67
337.33	-414.67
337.33	-457.33
337.33	-471.34
337.34	-502.00
337.34	-420.00
337.34	-375.33
337.34	-405.33
337.34	-418.00
337.34	-480.66
337.34	-560.00
337.34	-560.00
337.35	-398.00
337.35	-476.00
337.35	-547.33
337.35	-432.00
337.35	-498.00
337.35	-522.00
337.35	-484.67
337.35	-615.33
337.35	-542.00
337.36	-439.34
337.36	-376.00
337.36	-602.00
337.36	-579.34
337.36	-516.00
337.36	-426.00
337.36	-346.67
337.36	-394.00
337.37	-312.00
337.37	-382.00
337.37	-382.00
337.37	-288.00
337.37	-377.33
337.37	-521.34
337.37	-455.33
337.37	-457.33
337.38	-467.33
337.38	-542.67
337.38	-484.67
337.38	-558.00
337.38	-403.33
337.38	-308.66
337.38	-414.00
337.38	-317.33
337.38	-350.66
337.39	-336.00
337.39	-357.33
337.39	-424.67
337.39	-450.00
337.39	-340.66
337.39	-295.33
337.39	-240.66
337.39	-344.67
337.40	-368.00
337.40	-306.67
337.40	-436.67
337.40	-342.67
337.40	-213.33
337.40	-179.34
337.40	-189.34
337.40	-228.66
337.40	-244.00
337.41	-243.33
337.41	-170.66
337.41	-168.00
337.41	-173.33
337.41	-154.67
337.41	-98.00
337.41	-155.33
337.41	-263.33
337.42	-268.66
337.42	-346.00
337.42	-346.00
337.42	-282.00
337.42	-308.66
337.42	-272.67
337.42	-262.00
337.42	-182.00
337.43	-228.66
337.43	-216.67
337.43	-192.00
337.43	-207.33
337.43	-229.34
337.43	-276.67
337.43	-332.00
337.43	-317.33
337.43	-210.66
337.44	-408.66
337.44	-436.67
337.44	-354.00
337.44	-322.00
337.44	-325.33
337.44	-338.00
337.44	-300.66
337.44	-370.00
337.45	-493.33
337.45	-473.33
337.45	-470.66
337.45	-596.00
337.45	-455.33
337.45	-389.34
337.45	-455.33
337.45	-368.00
337.45	-402.00
337.46	-486.67
337.46	-512.00
337.46	-585.33
337.46	-464.00
337.46	-515.33
337.46	-590.00
337.46	-634.00
337.46	-547.33
337.47	-436.00
337.47	-409.34
337.47	-446.67
337.47	-508.00
337.47	-618.00
337.47	-596.00
337.47	-589.34
337.47	-628.00
337.48	-552.00
337.48	-566.67
337.48	-557.33
337.48	-460.66
337.48	-462.00
337.48	-506.00
337.48	-543.33
337.48	-607.33
337.48	-560.00
337.49	-451.34
337.49	-555.33
337.49	-598.66
337.49	-661.34
337.49	-534.67
337.49	-473.33
337.49	-386.67
337.49	-407.33
337.50	-487.33
337.50	-500.66
337.50	-657.33
337.50	-583.33
337.50	-468.00
337.50	-413.33
337.50	-542.67
337.50	-580.00
337.50	-555.33
337.51	-646.00
337.51	-691.34
337.51	-674.00
337.51	-607.33
337.51	-531.34
337.51	-430.66
337.51	-433.33
337.51	-555.33
337.52	-464.67
337.52	-396.67
337.52	-404.67
337.52	-464.00
337.52	-462.00
337.52	-598.66
337.52	-599.34
337.52	-500.66
337.53	-380.00
337.53	-324.67
337.53	-373.33
337.53	-278.66
337.53	-284.00
337.53	-233.33
337.53	-394.00
337.53	-466.67
337.53	-523.33
337.54	-491.34
337.54	-418.00
337.54	-412.67
337.54	-382.67
337.54	-318.00
337.54	-308.66
337.54	-273.33
337.54	-196.00
337.55	-290.00
337.55	-244.67
337.55	-192.67
337.55	-288.00
337.55	-315.33
337.55	-320.66
337.55	-296.00
337.55	-349.34
337.56	-246.67
337.56	-180.00
337.56	-228.66
337.56	-281.34
337.56	-242.67
337.56	-151.34
337.56	-140.66
337.56	-96.67
337.56	-187.33
337.57	-298.00
337.57	-229.34
337.57	-199.34
337.57	-221.34
337.57	-212.67
337.57	-136.67
337.57	-161.34
337.57	-213.33
337.58	-207.33
337.58	-322.67
337.58	-261.34
337.58	-304.00
337.58	-308.66
337.58	-216.67
337.58	-192.00
337.58	-315.33
337.58	-130.00
337.59	-140.66
337.59	-134.67
337.59	-78.00
337.59	-161.34
337.59	-129.34
337.59	-131.34
337.59	-146.00
337.59	-14.67
337.60	-83.33
337.60	-102.00
337.60	-74.00
337.60	-40.66
337.60	-20.67
337.60	-98.66
337.60	-174.67
337.60	-219.34
337.61	-266.00
337.61	-225.33
337.61	-114.67
337.61	-126.00
337.61	-14.67
337.61	-64.00
337.61	38.67
337.61	-64.67
337.61	-106.00
337.62	-220.66
337.62	-191.34
337.62	-176.00
337.62	-88.00
337.62	-98.66
337.62	-128.00
337.62	-132.67
337.62	-148.00
337.63	-74.67
337.63	-162.67
337.63	-224.67
337.63	-316.67
337.63	-262.00
337.63	-250.66
337.63	-277.33
337.63	-120.00
337.63	0.67
337.64	22.67
337.64	-4.00
337.64	-37.33
337.64	31.33
337.64	-2.00
337.64	-97.33
337.64	-144.67
337.64	-216.67
337.65	-119.34
337.65	-98.00
337.65	-82.00
337.65	32.67
337.65	88.67
337.65	82.67
337.65	102.00
337.65	107.33
337.66	0.67
337.66	-103.33
337.66	20.67
337.66	110.67
337.66	144.00
337.66	138.67
337.66	93.33
337.66	-20.67
337.66	4.67
337.67	104.00
337.67	76.67
337.67	194.00
337.67	200.00
337.67	37.33
337.67	3.33
337.67	66.00
337.67	75.33
337.68	72.00
337.68	203.33
337.68	201.33
337.68	170.00
337.68	137.33
337.68	121.33
337.68	80.00
337.68	86.00
337.68	107.33
337.69	212.67
337.69	256.00
337.69	284.00
337.69	130.00
337.69	108.00
337.69	238.67
337.69	244.67
337.69	159.33
337.70	198.00
337.70	292.67
337.70	231.33
337.70	288.00
337.70	404.67
337.70	355.33
337.70	275.33
337.70	400.67
337.71	416.67
337.71	530.00
337.71	646.67
337.71	495.33
337.71	394.00
337.71	418.00
337.71	378.67
337.71	362.67
337.71	224.00
337.72	264.00
337.72	262.00
337.72	266.00
337.72	258.00
337.72	277.33
337.72	240.00
337.72	300.67
337.72	392.67
337.73	399.33
337.73	401.33
337.73	392.00
337.73	269.33
337.73	220.00
337.73	278.00
337.73	180.00
337.73	165.33
337.74	180.67
337.74	238.00
337.74	182.67
337.74	178.67
337.74	258.00
337.74	200.00
337.74	222.67
337.74	336.00
337.74	371.33
337.75	256.67
337.75	368.67
337.75	398.67
337.75	234.00
337.75	218.00
337.75	191.33
337.75	181.33
337.75	132.67
337.76	84.00
337.76	-8.67
337.76	-52.67
337.76	86.00
337.76	101.33
337.76	26.67
337.76	1.33
337.76	72.67
337.76	55.33
337.77	-76.67
337.77	-68.00
337.77	-36.00
337.77	-98.66
337.77	-51.34
337.77	-104.00
337.77	-14.00
337.77	105.33
337.78	36.00
337.78	24.00
337.78	45.33
337.78	56.00
337.78	43.33
337.78	-18.00
337.78	-50.66
337.78	-42.67
337.79	40.00
337.79	54.00
337.79	-2.67
337.79	-148.66
337.79	-118.66
337.79	-63.33
337.79	22.00
337.79	26.67
337.79	-18.00
337.80	-77.33
337.80	-112.67
337.80	-89.34
337.80	-56.67
337.80	-122.00
337.80	-48.66
337.80	10.67
337.80	-114.00
337.81	-188.66
337.81	-85.33
337.81	-8.00
337.81	14.00
337.81	102.67
337.81	56.67
337.81	101.33
337.81	70.00
337.81	28.67
337.82	7.33
337.82	149.33
337.82	231.33
337.82	124.67
337.82	158.67
337.82	174.67
337.82	174.00
337.82	50.00
337.83	100.67
337.83	88.67
337.83	170.67
337.83	149.33
337.83	98.67
337.83	212.00
337.83	228.67
337.83	250.67
337.84	149.33
337.84	228.67
337.84	144.67
337.84	232.00
337.84	216.67
337.84	276.67
337.84	252.67
337.84	220.67
337.84	234.67
337.85	200.67
337.85	138.00
337.85	106.67
337.85	248.00
337.85	272.67
337.85	256.67
337.85	188.00
337.85	301.33
337.86	190.67
337.86	214.00
337.86	105.33
337.86	143.33
337.86	290.00
337.86	169.33
337.86	50.67
337.86	86.00
337.86	70.67
337.87	102.00
337.87	24.67
337.87	68.00
337.87	116.00
337.87	51.33
337.87	69.33
337.87	-24.00
337.87	-28.67
337.88	42.00
337.88	116.67
337.88	23.33
337.88	-74.00
337.88	-87.33
337.88	-102.67
337.88	-223.33
337.88	-69.34
337.89	-77.33
337.89	-191.34
337.89	-224.00
337.89	-294.00
337.89	-377.33
337.89	-469.34
337.89	-359.34
337.89	-356.67
337.89	-360.00
337.90	-289.34
337.90	-260.00
337.90	-195.33
337.90	-173.33
337.90	-252.67
337.90	-460.00
337.90	-480.66
337.90	-401.34
337.91	-612.00
337.91	-735.33
337.91	-743.33
337.91	-730.00
337.91	-696.67
337.91	-516.67
337.91	-472.00
337.91	-635.33
337.92	-600.00
337.92	-467.33
337.92	-612.67
337.92	-532.00
337.92	-531.34
337.92	-528.66
337.92	-656.00
337.92	-562.67
337.92	-552.00
337.93	-642.00
337.93	-605.33
337.93	-524.67
337.93	-528.66
337.93	-577.33
337.93	-608.00
337.93	-665.33
337.93	-708.00
337.94	-675.33
337.94	-692.67
337.94	-781.34
337.94	-700.00
337.94	-633.33
337.94	-700.00
337.94	-766.67
337.94	-662.67
337.94	-736.00
337.95	-746.67
337.95	-627.33
337.95	-607.33
337.95	-603.33
337.95	-490.66
337.95	-528.00
337.95	-684.67
337.95	-693.33
337.96	-650.00
337.96	-805.33
337.96	-744.67
337.96	-711.34
337.96	-651.34
337.96	-669.34
337.96	-659.34
337.96	-615.33
337.97	-708.66
337.97	-590.66
337.97	-538.00
337.97	-547.33
337.97	-440.00
337.97	-493.33
337.97	-476.67
337.97	-528.00
337.97	-443.33
337.98	-582.00
337.98	-632.00
337.98	-504.00
337.98	-541.34
337.98	-490.66
337.98	-567.33
337.98	-502.67
337.98	-521.34
337.99	-506.00
337.99	-496.00
337.99	-478.00
337.99	-358.00
337.99	-212.67
337.99	-332.00
337.99	-404.00
337.99	-329.34
337.99	-306.67
338.00	-457.33
338.00	-487.33
338.00	-466.00
338.00	-466.67
338.00	-488.00
338.00	-396.00
338.00	-283.33
338.00	-392.67
338.01	-398.66
338.01	-481.34
338.01	-570.66
338.01	-515.33
338.01	-545.33
338.01	-537.33
338.01	-556.00
338.01	-437.33
338.02	-547.33
338.02	-611.34
338.02	-598.66
338.02	-618.66
338.02	-744.00
338.02	-703.33
338.02	-731.34
338.02	-746.67
338.02	-763.33
338.03	-787.33
338.03	-787.33
338.03	-784.67
338.03	-744.67
338.03	-772.00
338.03	-798.66
338.03	-752.00
338.03	-692.67
338.04	-506.00
338.04	-600.00
338.04	-710.00
338.04	-784.00
338.04	-636.00
338.04	-606.00
338.04	-739.34
338.04	-550.00
338.05	-466.67
338.05	-732.67
338.05	-906.00
338.05	-966.67
338.05	-892.00
338.05	-815.33
338.05	-800.66
338.05	-843.33
338.05	-937.33
338.06	-914.67
338.06	-981.34
338.06	-1061.34
338.06	-910.66
338.06	-920.66
338.06	-916.00
338.06	-921.34
338.06	-962.00
338.07	-905.33
338.07	-920.66
338.07	-779.34
338.07	-874.00
338.07	-987.33
338.07	-875.33
338.07	-764.00
338.07	-916.67
338.07	-896.67
338.08	-832.00
338.08	-823.33
338.08	-782.00
338.08	-766.00
338.08	-892.00
338.08	-958.00
338.08	-865.33
338.08	-851.34
338.09	-934.67
338.09	-897.33
338.09	-866.67
338.09	-834.67
338.09	-832.67
338.09	-729.34
338.09	-700.00
338.09	-776.00
338.10	-742.67
338.10	-806.67
338.10	-884.00
338.10	-872.00
338.10	-848.66
338.10	-934.00
338.10	-931.34
338.10	-893.33
338.10	-764.67
338.11	-783.33
338.11	-694.67
338.11	-745.33
338.11	-698.00
338.11	-668.00
338.11	-701.34
338.11	-826.67
338.11	-951.34
338.12	-766.00
338.12	-726.00
338.12	-712.67
338.12	-611.34
338.12	-668.00
338.12	-630.00
338.12	-726.67
338.12	-775.33
338.12	-777.33
338.13	-762.00
338.13	-750.00
338.13	-904.00
338.13	-857.33
338.13	-732.00
338.13	-610.66
338.13	-699.34
338.13	-620.66
338.14	-578.00
338.14	-578.66
338.14	-581.34
338.14	-589.34
338.14	-630.66
338.14	-615.33
338.14	-645.33
338.14	-588.00
338.15	-648.00
338.15	-560.00
338.15	-557.33
338.15	-658.00
338.15	-694.00
338.15	-762.67
338.15	-896.67
338.15	-928.00
338.15	-859.34
338.16	-706.00
338.16	-638.00
338.16	-533.33
338.16	-476.67
338.16	-563.33
338.16	-567.33
338.16	-499.34
338.16	-581.34
338.17	-587.33
338.17	-480.00
338.17	-645.33
338.17	-692.67
338.17	-670.00
338.17	-596.00
338.17	-620.00
338.17	-646.00
338.17	-714.67
338.18	-736.00
338.18	-620.00
338.18	-610.66
338.18	-684.00
338.18	-502.00
338.18	-400.00
338.18	-562.00
338.18	-544.00
338.19	-457.33
338.19	-574.67
338.19	-683.33
338.19	-729.34
338.19	-644.00
338.19	-745.33
338.19	-728.00
338.19	-537.33
338.20	-498.66
338.20	-602.00
338.20	-665.33
338.20	-754.00
338.20	-719.34
338.20	-633.33
338.20	-624.67
338.20	-638.66
338.20	-609.34
338.21	-544.67
338.21	-672.67
338.21	-674.00
338.21	-564.67
338.21	-555.33
338.21	-636.00
338.21	-757.33
338.21	-740.66
338.22	-640.66
338.22	-434.00
338.22	-404.00
338.22	-366.00
338.22	-414.00
338.22	-478.00
338.22	-605.33
338.22	-706.00
338.23	-595.33
338.23	-576.67
338.23	-548.66
338.23	-581.34
338.23	-644.67
338.23	-553.33
338.23	-460.00
338.23	-552.67
338.23	-548.66
338.24	-632.00
338.24	-638.00
338.24	-703.33
338.24	-615.33
338.24	-536.67
338.24	-528.66
338.24	-483.33
338.24	-457.33
338.25	-521.34
338.25	-358.66
338.25	-306.00
338.25	-400.66
338.25	-554.00
338.25	-452.67
338.25	-506.00
338.25	-422.00
338.25	-493.33
338.26	-398.00
338.26	-410.66
338.26	-516.67
338.26	-505.33
338.26	-430.00
338.26	-399.34
338.26	-478.66
338.26	-442.67
338.27	-349.34
338.27	-542.00
338.27	-386.67
338.27	-382.00
338.27	-404.67
338.27	-336.00
338.27	-327.33
338.27	-523.33
338.28	-465.33
338.28	-412.00
338.28	-436.00
338.28	-386.67
338.28	-243.33
338.28	-487.33
338.28	-559.34
338.28	-436.67
338.28	-526.67
338.29	-459.34
338.29	-478.00
338.29	-492.00
338.29	-500.00
338.29	-442.00
338.29	-294.00
338.29	-430.00
338.29	-378.00
338.30	-350.00
338.30	-289.34
338.30	-349.34
338.30	-352.00
338.30	-368.66
338.30	-483.33
338.30	-359.34
338.30	-346.67
338.30	-407.33
338.31	-338.00
338.31	-366.67
338.31	-409.34
338.31	-458.00
338.31	-421.34
338.31	-471.34
338.31	-503.33
338.31	-416.00
338.32	-361.34
338.32	-398.66
338.32	-418.66
338.32	-359.34
338.32	-278.66
338.32	-341.34
338.32	-366.00
338.32	-476.00
338.33	-509.34
338.33	-457.33
338.33	-498.66
338.33	-413.33
338.33	-294.67
338.33	-309.34
338.33	-397.33
338.33	-403.33
338.33	-390.66
338.34	-408.66
338.34	-430.00
338.34	-323.33
338.34	-356.67
338.34	-420.00
338.34	-315.33
338.34	-308.00
338.34	-282.67
338.35	-322.00
338.35	-344.67
338.35	-317.33
338.35	-344.67
338.35	-323.33
338.35	-433.33
338.35	-434.00
338.35	-389.34
338.36	-376.67
338.36	-290.00
338.36	-291.34
338.36	-318.00
338.36	-324.67
338.36	-324.00
338.36	-264.67
338.36	-336.67
338.36	-368.66
338.37	-308.00
338.37	-285.33
338.37	-228.00
338.37	-296.67
338.37	-306.67
338.37	-434.00
338.37	-496.67
338.37	-430.00
338.38	-324.67
338.38	-330.00
338.38	-260.66
338.38	-168.66
338.38	-204.00
338.38	-222.67
338.38	-140.00
338.38	-207.33
338.38	-264.67
338.39	-232.67
338.39	-322.00
338.39	-353.33
338.39	-353.33
338.39	-262.00
338.39	-276.67
338.39	-211.34
338.39	-176.00
338.40	-174.67
338.40	-195.33
338.40	-203.33
338.40	-230.00
338.40	-232.00
338.40	-238.66
338.40	-262.67
338.40	-293.33
338.41	-206.67
338.41	-328.00
338.41	-404.67
338.41	-362.67
338.41	-398.00
338.41	-345.33
338.41	-342.67
338.41	-227.33
338.41	-195.33
338.42	-227.33
338.42	-304.67
338.42	-304.00
338.42	-380.00
338.42	-242.00
338.42	-248.66
338.42	-235.33
338.42	-194.67
338.43	-264.00
338.43	-367.33
338.43	-281.34
338.43	-380.66
338.43	-360.00
338.43	-288.00
338.43	-256.00
338.43	-116.00
338.43	-208.00
338.44	-206.00
338.44	-213.33
338.44	-300.66
338.44	-256.00
338.44	-134.67
338.44	-190.00
338.44	-219.34
338.44	-270.00
338.45	-213.33
338.45	-176.67
338.45	-114.67
338.45	-255.33
338.45	-400.00
338.45	-272.67
338.45	-294.67
338.45	-330.00
338.46	-287.33
338.46	-184.67
338.46	-222.00
338.46	-197.33
338.46	-224.67
338.46	-186.67
338.46	-240.66
338.46	-228.66
338.46	-276.00
338.47	-218.00
338.47	-245.33
338.47	-220.66
338.47	-280.00
338.47	-222.00
338.47	-138.00
338.47	-104.00
338.47	-153.33
338.48	-308.66
338.48	-380.00
338.48	-312.00
338.48	-162.67
338.48	-242.00
338.48	-291.34
338.48	-202.00
338.48	-121.34
338.48	-208.66
338.49	-245.33
338.49	-169.34
338.49	-101.34
338.49	-149.34
338.49	-226.00
338.49	-310.66
338.49	-332.00
338.49	-241.34
338.50	-208.66
338.50	-314.67
338.50	-210.66
338.50	-95.33
338.50	-137.33
338.50	-124.67
338.50	-318.00
338.50	-394.00
338.51	-296.67
338.51	-164.00
338.51	-362.67
338.51	-374.00
338.51	-305.33
338.51	-166.67
338.51	-238.66
338.51	-254.67
338.51	-264.67
338.52	-224.67
338.52	-219.34
338.52	-278.00
338.52	-197.33
338.52	-188.66
338.52	-148.00
338.52	-152.00
338.52	-109.34
338.53	-136.67
338.53	-204.67
338.53	-166.00
338.53	-193.33
338.53	-183.33
338.53	-211.34
338.53	-255.33
338.53	-287.33
338.54	-186.00
338.54	-119.34
338.54	-234.00
338.54	-347.33
338.54	-392.67
338.54	-375.33
338.54	-199.34
338.54	-215.33
338.54	-305.33
338.55	-167.33
338.55	-148.66
338.55	-142.00
338.55	-122.00
338.55	-252.00
338.55	-314.00
338.55	-351.34
338.55	-197.33
338.56	-320.66
338.56	-346.67
338.56	-248.66
338.56	-174.00
338.56	-288.00
338.56	-266.67
338.56	-233.33
338.56	-224.00
338.56	-116.00
338.57	-116.67
338.57	-82.00
338.57	-26.67
338.57	-178.00
338.57	-157.33
338.57	-99.34
338.57	-122.67
338.57	-136.67
338.58	-148.00
338.58	-136.67
338.58	-165.33
338.58	-360.66
338.58	-400.00
338.58	-162.00
338.58	-151.34
338.58	-75.33
338.59	-50.66
338.59	-96.67
338.59	-102.67
338.59	-96.67
338.59	-127.33
338.59	-162.00
338.59	-88.66
338.59	-169.34
338.59	-165.33
338.60	-255.33
338.60	-207.33
338.60	-220.66
338.60	-216.67
338.60	-228.00
338.60	-310.66
338.60	-216.67
338.60	-114.00
338.61	-176.00
338.61	-309.34
338.61	-162.67
338.61	-208.66
338.61	-313.33
338.61	-306.67
338.61	-263.33
338.61	-216.00
338.61	-192.00
338.62	-162.67
338.62	-119.34
338.62	-140.00
338.62	-158.66
338.62	-207.33
338.62	-190.66
338.62	-182.00
338.62	-164.00
338.63	-265.33
338.63	-224.67
338.63	-96.67
338.63	-172.00
338.63	-232.67
338.63	-192.00
338.63	-286.67
338.63	-302.00
338.64	-158.00
338.64	-249.34
338.64	-227.33
338.64	-190.00
338.64	-266.00
338.64	-228.66
338.64	-243.33
338.64	-190.00
338.64	-63.33
338.65	-61.34
338.65	-96.67
338.65	-192.67
338.65	-279.34
338.65	-308.66
338.65	-225.33
338.65	-239.34
338.65	-151.34
338.66	-197.33
338.66	-204.67
338.66	-153.33
338.66	-146.00
338.66	-132.67
338.66	-156.67
338.66	-217.33
338.66	-150.66
338.66	-214.67
338.67	-300.00
338.67	-124.00
338.67	-121.34
338.67	39.33
338.67	-7.33
338.67	-194.67
338.67	-158.00
338.67	-148.00
338.68	-176.67
338.68	-129.34
338.68	-109.34
338.68	-186.67
338.68	-249.34
338.68	-227.33
338.68	-133.33
338.68	-118.66
338.69	-111.34
338.69	-264.67
338.69	-234.00
338.69	-203.33
338.69	-299.34
338.69	-158.66
338.69	-189.34
338.69	-213.33
338.69	-232.00
338.70	-134.00
338.70	-138.00
338.70	-184.00
338.70	-253.33
338.70	-294.67
338.70	-241.34
338.70	-156.67
338.70	-158.66
338.71	-89.34
338.71	-90.66
338.71	-135.33
338.71	-150.00
338.71	-183.33
338.71	-199.34
338.71	-90.66
338.71	-34.00
338.72	-224.00
338.72	-292.67
338.72	-154.67
338.72	-187.33
338.72	-135.33
338.72	-211.34
338.72	-196.00
338.72	-172.00
338.72	-203.33
338.73	-122.00
338.73	-239.34
338.73	-226.00
338.73	-110.00
338.73	-166.00
338.73	-174.00
338.73	-212.67
338.73	-98.66
338.74	-191.34
338.74	-276.00
338.74	-208.00
338.74	-170.00
338.74	-148.00
338.74	-200.66
338.74	-220.00
338.74	-159.34
338.74	21.33
338.75	-33.33
338.75	-27.33
338.75	-176.67
338.75	-293.33
338.75	-417.33
338.75	-234.67
338.75	-148.66
338.75	-156.67
338.76	-166.67
338.76	-114.67
338.76	-137.33
338.76	-211.34
338.76	-169.34
338.76	-110.00
338.76	-118.66
338.76	-206.67
338.77	-151.34
338.77	-108.66
338.77	-83.33
338.77	-80.00
338.77	-156.00
338.77	-269.34
338.77	-166.00
338.77	-160.66
338.77	-196.00
338.78	-160.66
338.78	-154.67
338.78	-174.67
338.78	-240.66
338.78	-78.00
338.78	-206.67
338.78	-318.66
338.78	-242.67
338.79	-237.33
338.79	-240.00
338.79	-166.00
338.79	-236.00
338.79	-176.67
338.79	-160.00
338.79	-100.00
338.79	-154.00
338.79	-170.66
338.80	-122.67
338.80	-175.33
338.80	-187.33
338.80	-127.33
338.80	-198.00
338.80	-226.00
338.80	-65.33
338.80	-69.34
338.81	-137.33
338.81	-148.66
338.81	-50.00
338.81	-125.33
338.81	-115.33
338.81	-77.33
338.81	-178.00
338.81	-212.67
338.82	-131.34
338.82	-199.34
338.82	-256.67
338.82	-270.00
338.82	-134.00
338.82	-179.34
338.82	-162.67
338.82	-96.67
338.82	-194.00
338.83	-272.00
338.83	-104.00
338.83	-118.00
338.83	-243.33
338.83	-181.34
338.83	-220.00
338.83	-202.67
338.83	-146.00
338.84	-84.00
338.84	-58.00
338.84	-48.00
338.84	-195.33
338.84	-254.67
338.84	-305.33
338.84	-228.00
338.84	-66.67
338.85	-181.34
338.85	-172.00
338.85	-143.33
338.85	-192.00
338.85	-166.00
338.85	-101.34
338.85	-150.66
338.85	-90.66
338.85	-36.67
338.86	-124.67
338.86	-197.33
338.86	-259.34
338.86	-208.00
338.86	-129.34
338.86	-205.33
338.86	-135.33
338.86	-218.00
338.87	-228.66
338.87	-248.66
338.87	-228.66
338.87	-93.33
338.87	-90.00
338.87	-62.67
338.87	-150.66
338.87	-141.34
338.87	-111.34
338.88	-136.67
338.88	-113.33
338.88	-120.00
338.88	-301.34
338.88	-381.34
338.88	-273.33
338.88	-214.67
338.88	-168.66
338.89	-140.00
338.89	-122.00
338.89	-202.67
338.89	-256.00
338.89	-135.33
338.89	-153.33
338.89	-222.67
338.89	-184.00
338.90	-146.00
338.90	-141.34
338.90	-50.66
338.90	-113.33
338.90	-110.66
338.90	-154.00
338.90	-238.00
338.90	-296.67
338.90	-255.33
338.91	-287.33
338.91	-182.67
338.91	-157.33
338.91	-61.34
338.91	-71.34
338.91	-96.00
338.91	-2.67
338.91	10.00
338.92	-76.00
338.92	-99.34
338.92	-2.67
338.92	-39.33
338.92	-49.34
338.92	-212.67
338.92	-152.67
338.92	-102.67
338.92	-128.66
338.93	-108.66
338.93	-203.33
338.93	-253.33
338.93	-304.67
338.93	-345.33
338.93	-258.00
338.93	-222.67
338.93	-149.34
338.94	-103.33
338.94	-77.33
338.94	-121.34
338.94	-126.00
338.94	-120.66
338.94	-141.34
338.94	-256.67
338.94	-268.00
338.95	-154.67
338.95	-264.67
338.95	-125.33
338.95	-60.66
338.95	-116.67
338.95	-131.34
338.95	-268.00
338.95	-320.66
338.95	-373.33
338.96	-251.34
338.96	-212.00
338.96	-166.00
338.96	-129.34
338.96	-149.34
338.96	-210.00
338.96	-178.66
338.96	-152.00
338.97	-231.34
338.97	-144.67
338.97	-65.33
338.97	-96.00
338.97	-237.33
338.97	-147.33
338.97	-142.67
338.97	-146.00
338.97	-14.67
338.98	-88.00
338.98	-198.66
338.98	-187.33
338.98	-171.34
338.98	-200.66
338.98	-108.00
338.98	-234.00
338.98	-267.33
338.99	-232.00
338.99	-216.67
338.99	-173.33
338.99	-251.34
338.99	-250.00
338.99	-169.34
338.99	-174.67
338.99	-278.00
339.00	-222.67
339.00	-261.34
339.00	-392.67
339.00	-260.00
339.00	-210.66
339.00	-221.34
339.00	-213.33
339.00	-161.34
339.00	-109.34
339.01	-193.33
339.01	-291.34
339.01	-280.66
339.01	-176.00
339.01	-197.33
339.01	-156.00
339.01	-146.67
339.01	-230.66
339.02	-133.33
339.02	-229.34
339.02	-272.00
339.02	-236.00
339.02	-186.67
339.02	-129.34
339.02	-126.00
339.02	-94.00
339.03	-96.00
339.03	-14.00
339.03	-106.00
339.03	-43.33
339.03	-82.67
339.03	-137.33
339.03	-258.00
339.03	-304.00
339.03	-186.67
339.04	-152.00
339.04	-85.33
339.04	-116.00
339.04	-102.67
339.04	-120.00
339.04	-68.66
339.04	-172.00
339.04	-127.33
339.05	-198.66
339.05	-166.00
339.05	-106.67
339.05	-160.00
339.05	-197.33
339.05	-187.33
339.05	-142.67
339.05	-37.33
339.05	-23.33
339.06	-132.67
339.06	-196.67
339.06	-266.67
339.06	-215.33
339.06	-200.66
339.06	-244.00
339.06	-221.34
339.06	-237.33
339.07	-160.00
339.07	-160.66
339.07	-290.66
339.07	-407.33
339.07	-454.00
339.07	-280.00
339.07	-152.67
339.07	-175.33
339.08	-88.66
339.08	-79.34
339.08	-91.34
339.08	-123.33
339.08	-85.33
339.08	-104.67
339.08	-156.67
339.08	-68.00
339.08	-54.67
339.09	-76.00
339.09	-193.33
339.09	-309.34
339.09	-261.34
339.09	-226.67
339.09	-217.33
339.09	-100.66
339.09	-49.34
339.10	-25.33
339.10	-62.67
339.10	6.67
339.10	-59.34
339.10	-42.67
339.10	66.67
339.10	-202.00
339.10	-154.00
339.10	-137.33
339.11	-258.00
339.11	-296.00
339.11	-252.67
339.11	-308.00
339.11	-148.66
339.11	-177.33
339.11	-152.00
339.11	-240.66
339.12	-175.33
339.12	-151.34
339.12	-121.34
339.12	-128.00
339.12	-69.34
339.12	-88.00
339.12	-179.34
339.12	-30.00
339.13	-96.67
339.13	-131.34
339.13	-219.34
339.13	-69.34
339.13	-176.00
339.13	-264.00
339.13	-182.00
339.13	-84.67
339.13	-60.00
339.14	-157.33
339.14	-206.67
339.14	-176.00
339.14	-248.00
339.14	-292.67
339.14	-352.67
339.14	-306.67
339.14	-179.34
339.15	-206.00
339.15	-166.67
339.15	-150.00
339.15	-179.34
339.15	-188.00
339.15	-84.67
339.15	-60.66
339.15	-48.66
339.15	-90.66
339.16	-127.33
339.16	-234.00
339.16	-230.66
339.16	-168.66
339.16	-92.67
339.16	-133.33
339.16	-164.67
339.16	-170.66
339.17	-246.67
339.17	-174.00
339.17	-226.67
339.17	-270.00
339.17	-168.00
339.17	-196.67
339.17	-241.34
339.17	-178.66
339.18	-273.33
339.18	-234.67
339.18	-282.67
339.18	-200.66
339.18	-164.67
339.18	-146.00
339.18	-73.33
339.18	-102.67
339.18	-258.66
339.19	-350.66
339.19	-346.00
339.19	-278.00
339.19	-281.34
339.19	-280.00
339.19	-275.33
339.19	-212.00
339.19	-234.67
339.20	-182.67
339.20	-216.00
339.20	-200.00
339.20	-214.67
339.20	-210.00
339.20	-154.00
339.20	-119.34
339.20	-115.33
339.21	-102.67
339.21	-72.67
339.21	-198.00
339.21	-212.00
339.21	-44.00
339.21	-104.00
339.21	-112.67
339.21	-72.67
339.21	-77.33
339.22	-157.33
339.22	-122.00
339.22	-69.34
339.22	-122.00
339.22	-128.00
339.22	-102.00
339.22	-249.34
339.22	-159.34
339.23	-180.66
339.23	-178.66
339.23	-251.34
339.23	-243.33
339.23	-208.00
339.23	-246.67
339.23	-254.00
339.23	-258.66
339.23	-156.00
339.24	-202.00
339.24	-194.00
339.24	-176.00
339.24	-116.67
339.24	-182.00
339.24	-125.33
339.24	-84.00
339.24	-99.34
339.25	-88.66
339.25	-139.34
339.25	-134.00
339.25	-150.66
339.25	-42.67
339.25	-147.33
339.25	-94.00
339.25	-80.00
339.26	-212.00
339.26	-274.67
339.26	-202.00
339.26	-300.66
339.26	-316.00
339.26	-178.00
339.26	-134.00
339.26	-286.00
339.26	-214.67
339.27	-236.00
339.27	-237.33
339.27	-118.66
339.27	-118.66
339.27	-169.34
339.27	-142.00
339.27	-44.00
339.27	-26.67
339.28	-48.00
339.28	-100.66
339.28	-140.00
339.28	-204.67
339.28	-232.00
339.28	-200.66
339.28	-256.67
339.28	-218.66
339.28	-150.66
339.29	-66.67
339.29	-160.00
339.29	-142.67
339.29	-96.00
339.29	-149.34
339.29	-234.00
339.29	-202.00
339.29	-147.33
339.30	-120.00
339.30	-156.67
339.30	-255.33
339.30	-118.66
339.30	-160.00
339.30	-229.34
339.30	-274.00
339.30	-227.33
339.31	-140.00
339.31	-142.00
339.31	-169.34
339.31	-92.67
339.31	-165.33
339.31	-212.00
339.31	-192.00
339.31	-170.00
339.31	-220.00
339.32	-110.66
339.32	-98.66
339.32	-124.67
339.32	-76.00
339.32	-196.00
339.32	-196.67
339.32	-135.33
339.32	-122.67
339.33	-164.00
339.33	-235.33
339.33	-112.00
339.33	-158.00
339.33	-32.67
339.33	-24.00
339.33	-4.67
339.33	-69.34
339.34	-26.00
339.34	-113.33
339.34	-193.33
339.34	-250.00
339.34	-274.00
339.34	-341.34
339.34	-387.33
339.34	-256.67
339.34	-166.67
339.35	-196.67
339.35	-200.00
339.35	-220.00
339.35	-144.67
339.35	-244.00
339.35	-240.00
339.35	-170.00
339.35	-180.00
339.36	-173.33
339.36	-106.67
339.36	-242.67
339.36	-188.66
339.36	-134.67
339.36	-143.33
339.36	-82.67
339.36	-69.34
339.36	-201.34
339.37	-180.00
339.37	-122.00
339.37	-200.00
339.37	-108.00
339.37	-144.00
339.37	-295.33
339.37	-242.67
339.37	-182.67
339.38	-136.67
339.38	-188.00
339.38	-315.33
339.38	-239.34
339.38	-178.00
339.38	-168.00
339.38	-96.67
339.38	-11.33
339.39	-113.33
339.39	-170.00
339.39	-152.00
339.39	-256.67
339.39	-180.00
339.39	-197.33
339.39	-245.33
339.39	-286.00
339.39	-239.34
339.40	-174.00
339.40	-158.00
339.40	-198.66
339.40	-195.33
339.40	-233.33
339.40	-134.00
339.40	-59.34
339.40	-88.66
339.41	-148.00
339.41	-178.00
339.41	-178.00
339.41	-212.00
339.41	-162.00
339.41	-208.00
339.41	-178.66
339.41	-158.66
339.41	-86.67
339.42	-36.00
339.42	-76.00
339.42	-33.33
339.42	-66.67
339.42	-111.34
339.42	-110.66
339.42	-162.67
339.42	-137.33
339.43	-134.00
339.43	-98.00
339.43	-137.33
339.43	-191.34
339.43	-258.66
339.43	-184.67
339.43	-173.33
339.43	-207.33
339.44	-258.00
339.44	-207.33
339.44	-108.00
339.44	5.33
339.44	-54.67
339.44	-50.00
339.44	-79.34
339.44	-60.66
