334.56	-241.34
334.56	-333.33
334.56	-310.00
334.56	-368.00
334.57	-422.67
334.57	-430.00
334.57	-437.33
334.57	-379.34
334.57	-375.33
334.57	-326.67
334.57	-301.34
334.57	-188.00
334.58	-226.00
334.58	-353.33
334.58	-402.67
334.58	-424.00
334.58	-406.00
334.58	-435.33
334.58	-404.67
334.58	-404.00
334.59	-355.33
334.59	-326.00
334.59	-366.00
334.59	-507.33
334.59	-411.34
334.59	-372.67
334.59	-300.66
334.59	-252.67
334.59	-278.00
334.60	-283.33
334.60	-176.67
334.60	-304.00
334.60	-410.66
334.60	-357.33
334.60	-314.00
334.60	-283.33
334.60	-266.67
334.61	-238.00
334.61	-282.00
334.61	-270.66
334.61	-267.33
334.61	-366.00
334.61	-426.67
334.61	-347.33
334.61	-238.00
334.61	-282.67
334.62	-297.33
334.62	-258.66
334.62	-286.00
334.62	-207.33
334.62	-218.66
334.62	-117.33
334.62	-331.34
334.62	-336.00
334.63	-294.67
334.63	-302.67
334.63	-380.00
334.63	-292.67
334.63	-380.00
334.63	-412.67
334.63	-264.67
334.63	-286.67
334.64	-321.34
334.64	-298.66
334.64	-221.34
334.64	-187.33
334.64	-222.00
334.64	-206.00
334.64	-266.67
334.64	-253.33
334.64	-213.33
334.65	-293.33
334.65	-276.00
334.65	-256.00
334.65	-220.00
334.65	-263.33
334.65	-398.66
334.65	-361.34
334.65	-275.33
334.66	-220.66
334.66	-244.00
334.66	-257.33
334.66	-296.67
334.66	-230.00
334.66	-210.00
334.66	-290.00
334.66	-282.00
334.67	-230.66
334.67	-268.66
334.67	-252.00
334.67	-181.34
334.67	-282.00
334.67	-342.00
334.67	-264.67
334.67	-414.00
334.67	-422.67
334.68	-338.66
334.68	-434.00
334.68	-496.67
334.68	-435.33
334.68	-348.66
334.68	-226.00
334.68	-228.66
334.68	-220.00
334.69	-238.66
334.69	-292.67
334.69	-222.67
334.69	-231.34
334.69	-295.33
334.69	-254.00
334.69	-223.33
334.69	-259.34
334.69	-301.34
334.70	-256.00
334.70	-334.00
334.70	-280.00
334.70	-193.33
334.70	-212.67
334.70	-302.00
334.70	-265.33
334.70	-296.67
334.71	-358.66
334.71	-364.67
334.71	-292.00
334.71	-327.33
334.71	-320.00
334.71	-278.66
334.71	-278.66
334.71	-316.67
334.72	-296.00
334.72	-303.33
334.72	-388.00
334.72	-342.67
334.72	-271.34
334.72	-320.66
334.72	-291.34
334.72	-282.00
334.72	-200.00
334.73	-348.00
334.73	-244.00
334.73	-173.33
334.73	-264.67
334.73	-325.33
334.73	-320.66
334.73	-394.00
334.73	-282.00
334.74	-256.67
334.74	-295.33
334.74	-449.34
334.74	-355.33
334.74	-495.33
334.74	-494.00
334.74	-452.00
334.74	-444.67
334.74	-418.00
334.75	-293.33
334.75	-262.00
334.75	-245.33
334.75	-196.67
334.75	-331.34
334.75	-406.67
334.75	-358.66
334.75	-260.66
334.76	-262.00
334.76	-283.33
334.76	-168.00
334.76	-169.34
334.76	-183.33
334.76	-300.00
334.76	-218.00
334.76	-278.66
334.77	-367.33
334.77	-242.67
334.77	-232.00
334.77	-166.00
334.77	-294.67
334.77	-271.34
334.77	-335.33
334.77	-391.34
334.77	-328.66
334.78	-208.00
334.78	-286.00
334.78	-382.67
334.78	-348.66
334.78	-395.33
334.78	-320.00
334.78	-269.34
334.78	-281.34
334.79	-324.00
334.79	-288.66
334.79	-261.34
334.79	-303.33
334.79	-269.34
334.79	-277.33
334.79	-293.33
334.79	-196.00
334.79	-270.00
334.80	-180.00
334.80	-180.00
334.80	-214.67
334.80	-268.00
334.80	-252.00
334.80	-363.33
334.80	-389.34
334.80	-206.67
334.81	-306.67
334.81	-430.00
334.81	-345.33
334.81	-195.33
334.81	-252.67
334.81	-232.67
334.81	-206.67
334.81	-274.00
334.82	-300.66
334.82	-307.33
334.82	-275.33
334.82	-162.67
334.82	-52.67
334.82	-144.67
334.82	-207.33
334.82	-289.34
334.82	-242.00
334.83	-303.33
334.83	-297.33
334.83	-312.00
334.83	-293.33
334.83	-352.00
334.83	-310.00
334.83	-240.00
334.83	-317.33
334.84	-310.00
334.84	-313.33
334.84	-426.00
334.84	-469.34
334.84	-367.33
334.84	-346.00
334.84	-422.67
334.84	-366.67
334.85	-283.33
334.85	-358.66
334.85	-428.00
334.85	-357.33
334.85	-376.00
334.85	-380.66
334.85	-254.67
334.85	-252.67
334.85	-315.33
334.86	-216.67
334.86	-208.66
334.86	-190.66
334.86	-213.33
334.86	-236.67
334.86	-270.66
334.86	-197.33
334.86	-228.00
334.87	-412.00
334.87	-335.33
334.87	-130.66
334.87	-228.00
334.87	-222.00
334.87	-306.00
334.87	-381.34
334.87	-328.66
334.87	-315.33
334.88	-275.33
334.88	-225.33
334.88	-250.66
334.88	-369.34
334.88	-407.33
334.88	-394.67
334.88	-408.66
334.88	-436.67
334.89	-385.33
334.89	-337.33
334.89	-272.67
334.89	-298.66
334.89	-282.67
334.89	-166.67
334.89	-297.33
334.89	-367.33
334.90	-220.66
334.90	-183.33
334.90	-160.00
334.90	-235.33
334.90	-280.00
334.90	-385.33
334.90	-311.34
334.90	-262.67
334.90	-352.67
334.91	-284.67
334.91	-342.67
334.91	-294.67
334.91	-382.00
334.91	-244.67
334.91	-276.67
334.91	-202.00
334.91	-308.66
334.92	-363.33
334.92	-414.00
334.92	-271.34
334.92	-214.67
334.92	-258.00
334.92	-284.00
334.92	-356.00
334.92	-374.00
334.92	-345.33
334.93	-417.33
334.93	-465.33
334.93	-420.00
334.93	-261.34
334.93	-109.34
334.93	-259.34
334.93	-348.00
334.93	-277.33
334.94	-306.00
334.94	-284.00
334.94	-204.00
334.94	-272.67
334.94	-388.66
334.94	-299.34
334.94	-248.00
334.94	-238.00
334.95	-168.00
334.95	-204.00
334.95	-233.33
334.95	-160.66
334.95	-234.67
334.95	-366.00
334.95	-351.34
334.95	-437.33
334.95	-450.00
334.96	-371.34
334.96	-410.00
334.96	-454.67
334.96	-383.33
334.96	-222.67
334.96	-234.00
334.96	-314.67
334.96	-406.00
334.97	-398.00
334.97	-479.34
334.97	-438.66
334.97	-282.00
334.97	-314.00
334.97	-396.67
334.97	-332.00
334.97	-266.67
334.98	-337.33
334.98	-360.00
334.98	-254.67
334.98	-287.33
334.98	-252.00
334.98	-302.67
334.98	-262.00
334.98	-322.00
334.98	-250.00
334.99	-280.66
334.99	-318.00
334.99	-369.34
334.99	-312.67
334.99	-294.67
334.99	-256.67
334.99	-312.00
334.99	-411.34
335.00	-365.33
335.00	-286.00
335.00	-350.66
335.00	-273.33
335.00	-259.34
335.00	-193.33
335.00	-252.67
335.00	-356.67
335.00	-359.34
335.01	-338.00
335.01	-246.00
335.01	-231.34
335.01	-114.00
335.01	-242.00
335.01	-211.34
335.01	-261.34
335.01	-245.33
335.02	-294.67
335.02	-274.67
335.02	-343.33
335.02	-420.66
335.02	-349.34
335.02	-312.67
335.02	-280.00
335.02	-250.66
335.03	-295.33
335.03	-297.33
335.03	-302.67
335.03	-231.34
335.03	-320.00
335.03	-378.00
335.03	-463.33
335.03	-461.34
335.03	-411.34
335.04	-341.34
335.04	-372.00
335.04	-417.33
335.04	-237.33
335.04	-225.33
335.04	-322.00
335.04	-338.66
335.04	-184.67
335.05	-96.00
335.05	-154.00
335.05	-240.00
335.05	-312.67
335.05	-276.67
335.05	-192.67
335.05	-268.66
335.05	-290.66
335.05	-202.00
335.06	-254.00
335.06	-260.66
335.06	-269.34
335.06	-292.00
335.06	-406.00
335.06	-352.67
335.06	-258.00
335.06	-298.00
335.07	-326.00
335.07	-279.34
335.07	-342.67
335.07	-437.33
335.07	-330.66
335.07	-228.66
335.07	-254.00
335.07	-138.00
335.08	-221.34
335.08	-262.67
335.08	-422.67
335.08	-355.33
335.08	-252.00
335.08	-312.67
335.08	-214.67
335.08	-122.67
335.08	-222.00
335.09	-231.34
335.09	-298.66
335.09	-373.33
335.09	-358.66
335.09	-282.00
335.09	-300.00
335.09	-241.34
335.09	-102.00
335.10	-271.34
335.10	-346.67
335.10	-314.67
335.10	-324.67
335.10	-400.66
335.10	-289.34
335.10	-213.33
335.10	-276.00
335.10	-372.67
335.11	-295.33
335.11	-314.00
335.11	-372.67
335.11	-408.00
335.11	-411.34
335.11	-334.00
335.11	-287.33
335.11	-348.66
335.12	-362.00
335.12	-361.34
335.12	-292.00
335.12	-255.33
335.12	-230.66
335.12	-224.67
335.12	-251.34
335.12	-277.33
335.13	-263.33
335.13	-192.00
335.13	-219.34
335.13	-184.67
335.13	-132.00
335.13	-266.67
335.13	-357.33
335.13	-320.66
335.13	-383.33
335.14	-438.66
335.14	-408.00
335.14	-359.34
335.14	-340.66
335.14	-403.33
335.14	-342.00
335.14	-377.33
335.14	-208.66
335.15	-188.66
335.15	-374.00
335.15	-322.67
335.15	-300.66
335.15	-282.67
335.15	-396.67
335.15	-238.66
335.15	-227.33
335.16	-333.33
335.16	-260.00
335.16	-249.34
335.16	-355.33
335.16	-368.66
335.16	-251.34
335.16	-326.67
335.16	-497.33
335.16	-321.34
335.17	-272.00
335.17	-426.67
335.17	-342.00
335.17	-286.00
335.17	-404.67
335.17	-312.00
335.17	-322.67
335.17	-386.00
335.18	-283.33
335.18	-166.00
335.18	-219.34
335.18	-271.34
335.18	-220.00
335.18	-200.00
335.18	-274.00
335.18	-205.33
335.18	-194.67
335.19	-294.67
335.19	-314.00
335.19	-256.00
335.19	-236.67
335.19	-212.00
335.19	-221.34
335.19	-346.00
335.19	-322.67
335.20	-272.00
335.20	-320.00
335.20	-321.34
335.20	-309.34
335.20	-278.66
335.20	-212.00
335.20	-238.66
335.20	-256.67
335.21	-238.00
335.21	-248.66
335.21	-331.34
335.21	-322.00
335.21	-208.00
335.21	-117.33
335.21	-159.34
335.21	-222.67
335.21	-180.00
335.22	-316.67
335.22	-293.33
335.22	-324.00
335.22	-348.66
335.22	-354.00
335.22	-384.67
335.22	-339.34
335.22	-287.33
335.23	-294.67
335.23	-308.00
335.23	-381.34
335.23	-416.00
335.23	-405.33
335.23	-374.67
335.23	-333.33
335.23	-402.00
335.23	-296.00
335.24	-271.34
335.24	-358.00
335.24	-279.34
335.24	-220.00
335.24	-294.67
335.24	-331.34
335.24	-263.33
335.24	-310.66
335.25	-320.66
335.25	-248.00
335.25	-204.00
335.25	-236.67
335.25	-282.00
335.25	-281.34
335.25	-413.33
335.25	-324.00
335.26	-322.00
335.26	-167.33
335.26	-244.00
335.26	-373.33
335.26	-360.00
335.26	-322.67
335.26	-213.33
335.26	-255.33
335.26	-325.33
335.27	-304.00
335.27	-248.00
335.27	-350.66
335.27	-294.00
335.27	-228.66
335.27	-294.00
335.27	-267.33
335.27	-329.34
335.28	-224.00
335.28	-302.00
335.28	-283.33
335.28	-256.67
335.28	-279.34
335.28	-328.66
335.28	-288.66
335.28	-240.66
335.29	-216.00
335.29	-211.34
335.29	-261.34
335.29	-474.00
335.29	-397.33
335.29	-468.66
335.29	-380.66
335.29	-277.33
335.29	-225.33
335.30	-238.66
335.30	-261.34
335.30	-124.00
335.30	-236.00
335.30	-358.66
335.30	-266.67
335.30	-289.34
335.30	-317.33
335.31	-300.66
335.31	-431.34
335.31	-355.33
335.31	-362.00
335.31	-309.34
335.31	-404.00
335.31	-370.00
335.31	-336.00
335.31	-353.33
335.32	-279.34
335.32	-346.67
335.32	-284.00
335.32	-459.34
335.32	-356.00
335.32	-186.00
335.32	-172.67
335.32	-313.33
335.33	-298.00
335.33	-342.00
335.33	-387.33
335.33	-358.00
335.33	-381.34
335.33	-391.34
335.33	-426.67
335.33	-365.33
335.34	-405.33
335.34	-383.33
335.34	-242.00
335.34	-312.00
335.34	-261.34
335.34	-150.66
335.34	-380.66
335.34	-344.00
335.34	-240.66
335.35	-266.00
335.35	-234.00
335.35	-343.33
335.35	-371.34
335.35	-468.00
335.35	-481.34
335.35	-430.00
335.35	-368.00
335.36	-276.00
335.36	-172.00
335.36	-230.00
335.36	-320.66
335.36	-351.34
335.36	-448.00
335.36	-496.00
335.36	-457.33
335.36	-396.67
335.37	-356.00
335.37	-326.67
335.37	-260.66
335.37	-263.33
335.37	-309.34
335.37	-255.33
335.37	-405.33
335.37	-398.66
335.38	-272.00
335.38	-278.00
335.38	-258.66
335.38	-242.00
335.38	-204.67
335.38	-228.66
335.38	-146.00
335.38	-192.00
335.39	-236.67
335.39	-233.33
335.39	-225.33
335.39	-250.00
335.39	-310.00
335.39	-301.34
335.39	-281.34
335.39	-440.00
335.39	-410.00
335.40	-389.34
335.40	-332.67
335.40	-314.00
335.40	-281.34
335.40	-289.34
335.40	-259.34
335.40	-270.66
335.40	-248.00
335.41	-286.67
335.41	-241.34
335.41	-163.33
335.41	-210.66
335.41	-378.00
335.41	-388.00
335.41	-424.00
335.41	-529.34
335.41	-321.34
335.42	-214.00
335.42	-269.34
335.42	-311.34
335.42	-352.00
335.42	-428.66
335.42	-359.34
335.42	-305.33
335.42	-318.00
335.43	-389.34
335.43	-287.33
335.43	-240.66
335.43	-242.67
335.43	-294.00
335.43	-335.33
335.43	-263.33
335.43	-406.00
335.44	-472.67
335.44	-468.66
335.44	-369.34
335.44	-262.00
335.44	-300.66
335.44	-452.67
335.44	-483.33
335.44	-463.33
335.44	-414.67
335.45	-296.00
335.45	-310.00
335.45	-369.34
335.45	-430.00
335.45	-342.00
335.45	-359.34
335.45	-287.33
335.45	-280.00
335.46	-214.67
335.46	-197.33
335.46	-195.33
335.46	-336.00
335.46	-408.66
335.46	-324.00
335.46	-318.00
335.46	-277.33
335.47	-272.67
335.47	-298.00
335.47	-343.33
335.47	-418.66
335.47	-382.00
335.47	-320.66
335.47	-338.00
335.47	-366.00
335.47	-362.67
335.48	-288.66
335.48	-298.66
335.48	-314.00
335.48	-294.00
335.48	-300.00
335.48	-184.00
335.48	-220.66
335.48	-248.66
335.49	-213.33
335.49	-231.34
335.49	-264.67
335.49	-196.67
335.49	-205.33
335.49	-358.66
335.49	-336.00
335.49	-316.67
335.49	-328.00
335.50	-232.00
335.50	-306.67
335.50	-376.67
335.50	-349.34
335.50	-276.67
335.50	-342.67
335.50	-262.00
335.50	-264.67
335.51	-302.67
335.51	-381.34
335.51	-331.34
335.51	-326.00
335.51	-346.67
335.51	-404.67
335.51	-458.00
335.51	-466.00
335.52	-476.00
335.52	-355.33
335.52	-276.00
335.52	-258.00
335.52	-280.00
335.52	-326.67
335.52	-348.00
335.52	-372.67
335.52	-298.66
335.53	-356.67
335.53	-256.00
335.53	-216.67
335.53	-192.67
335.53	-192.00
335.53	-280.00
335.53	-258.00
335.53	-269.34
335.54	-237.33
335.54	-138.66
335.54	-130.66
335.54	-221.34
335.54	-211.34
335.54	-238.66
335.54	-298.00
335.54	-274.67
335.54	-262.67
335.55	-350.00
335.55	-349.34
335.55	-376.67
335.55	-354.00
335.55	-341.34
335.55	-303.33
335.55	-296.67
335.55	-285.33
335.56	-189.34
335.56	-262.67
335.56	-315.33
335.56	-270.66
335.56	-220.00
335.56	-196.67
335.56	-272.00
335.56	-384.67
335.57	-406.67
335.57	-305.33
335.57	-267.33
335.57	-316.00
335.57	-303.33
335.57	-154.00
335.57	-157.33
335.57	-147.33
335.57	-198.66
335.58	-267.33
335.58	-289.34
335.58	-277.33
335.58	-164.00
335.58	-240.00
335.58	-270.00
335.58	-260.00
335.58	-302.00
335.59	-305.33
335.59	-278.00
335.59	-280.00
335.59	-250.00
335.59	-174.67
335.59	-126.00
335.59	-223.33
335.59	-278.66
335.59	-224.00
335.60	-236.00
335.60	-300.00
335.60	-312.67
335.60	-214.67
335.60	-392.67
335.60	-308.66
335.60	-268.66
335.60	-209.34
335.61	-185.33
335.61	-180.00
335.61	-268.00
335.61	-334.67
335.61	-210.00
335.61	-287.33
335.61	-228.66
335.61	-244.67
335.62	-281.34
335.62	-368.66
335.62	-265.33
335.62	-233.33
335.62	-227.33
335.62	-225.33
335.62	-263.33
335.62	-310.00
335.62	-359.34
335.63	-294.67
335.63	-320.66
335.63	-378.66
335.63	-194.67
335.63	-232.67
335.63	-302.67
335.63	-293.33
335.63	-284.00
335.64	-281.34
335.64	-310.66
335.64	-216.67
335.64	-334.00
335.64	-239.34
335.64	-270.66
335.64	-275.33
335.64	-238.66
335.65	-274.67
335.65	-258.00
335.65	-251.34
335.65	-344.00
335.65	-206.00
335.65	-236.67
335.65	-202.00
335.65	-203.33
335.65	-362.67
335.66	-465.33
335.66	-304.00
335.66	-272.67
335.66	-328.00
335.66	-275.33
335.66	-358.00
335.66	-294.67
335.66	-202.67
335.67	-177.33
335.67	-182.67
335.67	-257.33
335.67	-268.00
335.67	-203.33
335.67	-235.33
335.67	-300.00
335.67	-182.67
335.67	-226.67
335.68	-264.67
335.68	-328.66
335.68	-462.00
335.68	-356.67
335.68	-340.00
335.68	-367.33
335.68	-380.00
335.68	-311.34
335.69	-255.33
335.69	-302.00
335.69	-294.67
335.69	-310.00
335.69	-320.00
335.69	-319.34
335.69	-259.34
335.69	-404.00
335.70	-470.00
335.70	-332.00
335.70	-284.00
335.70	-281.34
335.70	-311.34
335.70	-247.33
335.70	-296.00
335.70	-256.67
335.70	-294.67
335.71	-255.33
335.71	-234.67
335.71	-251.34
335.71	-268.66
335.71	-269.34
335.71	-204.67
335.71	-274.00
335.71	-247.33
335.72	-222.67
335.72	-264.00
335.72	-340.66
335.72	-275.33
335.72	-209.34
335.72	-299.34
335.72	-403.33
335.72	-400.00
335.72	-321.34
335.73	-306.67
335.73	-304.67
335.73	-304.67
335.73	-412.00
335.73	-330.66
335.73	-326.67
335.73	-319.34
335.73	-304.67
335.74	-353.33
335.74	-344.00
335.74	-266.67
335.74	-218.00
335.74	-281.34
335.74	-229.34
335.74	-202.00
335.74	-254.00
335.75	-286.67
335.75	-356.67
335.75	-341.34
335.75	-340.00
335.75	-397.33
335.75	-289.34
335.75	-208.66
335.75	-372.67
335.75	-439.34
335.76	-336.67
335.76	-383.33
335.76	-313.33
335.76	-258.66
335.76	-327.33
335.76	-353.33
335.76	-308.00
335.76	-338.00
335.77	-248.66
335.77	-309.34
335.77	-392.00
335.77	-392.67
335.77	-200.00
335.77	-208.66
335.77	-309.34
335.77	-284.67
335.77	-203.33
335.78	-222.00
335.78	-282.67
335.78	-246.00
335.78	-276.00
335.78	-286.67
335.78	-270.66
335.78	-242.00
335.78	-257.33
335.79	-238.00
335.79	-197.33
335.79	-193.33
335.79	-198.00
335.79	-214.67
335.79	-218.66
335.79	-336.00
335.79	-321.34
335.80	-217.33
335.80	-280.66
335.80	-243.33
335.80	-216.00
335.80	-299.34
335.80	-254.00
335.80	-232.67
335.80	-272.67
335.80	-292.00
335.81	-248.66
335.81	-301.34
335.81	-350.66
335.81	-322.00
335.81	-266.67
335.81	-171.34
335.81	-150.66
335.81	-220.66
335.82	-224.67
335.82	-292.00
335.82	-276.00
335.82	-317.33
335.82	-417.33
335.82	-314.67
335.82	-258.66
335.82	-302.67
335.83	-267.33
335.83	-262.00
335.83	-298.00
335.83	-306.00
335.83	-287.33
335.83	-398.66
335.83	-503.33
335.83	-485.33
335.83	-365.33
335.84	-368.66
335.84	-261.34
335.84	-187.33
335.84	-292.00
335.84	-254.67
335.84	-304.00
335.84	-294.67
335.84	-284.00
335.85	-355.33
335.85	-442.00
335.85	-366.67
335.85	-248.66
335.85	-274.67
335.85	-281.34
335.85	-211.34
335.85	-190.66
335.85	-108.00
335.86	-204.00
335.86	-286.67
335.86	-238.66
335.86	-253.33
335.86	-254.67
335.86	-272.00
335.86	-314.00
335.86	-412.67
335.87	-492.67
335.87	-416.67
335.87	-401.34
335.87	-372.67
335.87	-388.66
335.87	-367.33
335.87	-284.00
335.87	-238.66
335.88	-357.33
335.88	-311.34
335.88	-263.33
335.88	-302.67
335.88	-242.00
335.88	-182.00
335.88	-148.66
335.88	-148.66
335.88	-232.67
335.89	-298.00
335.89	-289.34
335.89	-240.66
335.89	-314.67
335.89	-461.34
335.89	-340.66
335.89	-384.67
335.89	-372.00
335.90	-306.67
335.90	-313.33
335.90	-342.00
335.90	-286.67
335.90	-286.67
335.90	-314.67
335.90	-314.67
335.90	-194.00
335.90	-250.00
335.91	-264.67
335.91	-295.33
335.91	-294.67
335.91	-232.67
335.91	-308.66
335.91	-314.00
335.91	-274.00
335.91	-216.67
335.92	-247.33
335.92	-190.00
335.92	-204.00
335.92	-191.34
335.92	-217.33
335.92	-268.00
335.92	-306.00
335.92	-218.66
335.93	-272.00
335.93	-212.67
335.93	-220.66
335.93	-208.66
335.93	-219.34
335.93	-244.67
335.93	-324.67
335.93	-479.34
335.93	-412.67
335.94	-401.34
335.94	-346.67
335.94	-356.00
335.94	-240.00
335.94	-254.67
335.94	-252.00
335.94	-274.67
335.94	-276.00
335.95	-247.33
335.95	-195.33
335.95	-292.67
335.95	-356.67
335.95	-316.67
335.95	-263.33
335.95	-306.00
335.95	-347.33
335.96	-362.00
335.96	-386.67
335.96	-382.00
335.96	-344.00
335.96	-379.34
335.96	-472.00
335.96	-297.33
335.96	-171.34
335.96	-208.00
335.97	-265.33
335.97	-291.34
335.97	-273.33
335.97	-320.66
335.97	-275.33
335.97	-366.00
335.97	-324.00
335.97	-329.34
335.98	-354.67
335.98	-402.67
335.98	-378.00
335.98	-398.00
335.98	-403.33
335.98	-268.00
335.98	-196.00
335.98	-175.33
335.98	-184.67
335.99	-147.33
335.99	-176.00
335.99	-310.66
335.99	-204.67
335.99	-242.67
335.99	-250.66
335.99	-224.00
335.99	-218.00
336.00	-249.34
336.00	-266.67
336.00	-249.34
336.00	-381.34
336.00	-326.00
336.00	-204.67
336.00	-188.66
336.00	-250.66
336.01	-292.67
336.01	-320.66
336.01	-230.66
336.01	-178.66
336.01	-212.67
336.01	-233.33
336.01	-118.66
336.01	-197.33
336.01	-228.66
336.02	-284.67
336.02	-212.67
336.02	-250.66
336.02	-367.33
336.02	-322.00
336.02	-326.00
336.02	-382.00
336.02	-264.00
336.03	-222.67
336.03	-302.67
336.03	-386.00
336.03	-354.67
336.03	-281.34
336.03	-293.33
336.03	-287.33
336.03	-206.67
336.03	-187.33
336.04	-152.67
336.04	-173.33
336.04	-201.34
336.04	-347.33
336.04	-260.66
336.04	-164.00
336.04	-205.33
336.04	-124.67
336.05	-190.66
336.05	-337.33
336.05	-355.33
336.05	-242.00
336.05	-291.34
336.05	-274.67
336.05	-286.67
336.05	-350.00
336.06	-223.33
336.06	-254.00
336.06	-362.00
336.06	-305.33
336.06	-276.00
336.06	-310.00
336.06	-346.67
336.06	-407.33
336.06	-223.33
336.07	-174.00
336.07	-106.00
336.07	-185.33
336.07	-224.00
336.07	-286.67
336.07	-306.67
336.07	-284.00
336.07	-352.67
336.08	-314.67
336.08	-299.34
336.08	-381.34
336.08	-352.00
336.08	-319.34
336.08	-288.66
336.08	-266.67
336.08	-335.33
336.08	-373.33
336.09	-344.67
336.09	-236.67
336.09	-268.66
336.09	-369.34
336.09	-362.00
336.09	-394.00
336.09	-304.00
336.09	-266.00
336.10	-348.66
336.10	-418.00
336.10	-333.33
336.10	-186.67
336.10	-182.00
336.10	-282.00
336.10	-370.00
336.10	-246.67
336.11	-264.67
336.11	-292.67
336.11	-249.34
336.11	-308.00
336.11	-289.34
336.11	-201.34
336.11	-232.67
336.11	-202.00
336.11	-296.00
336.12	-248.66
336.12	-262.67
336.12	-312.67
336.12	-319.34
336.12	-322.67
336.12	-252.00
336.12	-229.34
336.12	-198.66
336.13	-287.33
336.13	-282.00
336.13	-338.00
336.13	-359.34
336.13	-251.34
336.13	-381.34
336.13	-406.00
336.13	-326.67
336.14	-346.00
336.14	-329.34
336.14	-260.66
336.14	-166.00
336.14	-244.00
336.14	-310.66
336.14	-337.33
336.14	-205.33
336.14	-138.00
336.15	-192.67
336.15	-256.67
336.15	-313.33
336.15	-280.00
336.15	-246.67
336.15	-292.67
336.15	-264.67
336.15	-267.33
336.16	-336.67
336.16	-234.67
336.16	-294.67
336.16	-366.67
336.16	-450.00
336.16	-327.33
336.16	-202.67
336.16	-316.00
336.16	-308.00
336.17	-260.00
336.17	-258.00
336.17	-264.00
336.17	-234.00
336.17	-302.00
336.17	-314.67
336.17	-307.33
336.17	-279.34
336.18	-205.33
336.18	-132.67
336.18	-167.33
336.18	-170.66
336.18	-172.00
336.18	-206.00
336.18	-190.66
336.18	-158.00
336.19	-193.33
336.19	-266.00
336.19	-377.33
336.19	-320.66
336.19	-165.33
336.19	-198.00
336.19	-282.00
336.19	-274.67
336.19	-242.67
336.20	-309.34
336.20	-335.33
336.20	-451.34
336.20	-400.00
336.20	-328.00
336.20	-260.00
336.20	-236.00
336.20	-308.66
336.21	-277.33
336.21	-276.67
336.21	-293.33
336.21	-238.00
336.21	-392.00
336.21	-416.00
336.21	-212.67
336.21	-349.34
336.21	-396.00
336.22	-274.00
336.22	-286.67
336.22	-295.33
336.22	-255.33
336.22	-248.00
336.22	-308.66
336.22	-364.67
336.22	-346.00
336.23	-236.67
336.23	-274.67
336.23	-302.67
336.23	-264.00
336.23	-282.00
336.23	-332.00
336.23	-331.34
336.23	-406.00
336.24	-331.34
336.24	-306.00
336.24	-325.33
336.24	-362.67
336.24	-239.34
336.24	-252.00
336.24	-334.67
336.24	-314.00
336.24	-276.00
336.25	-212.00
336.25	-242.00
336.25	-192.67
336.25	-250.00
336.25	-236.67
336.25	-200.00
336.25	-264.00
336.25	-380.66
336.26	-326.67
336.26	-250.00
336.26	-234.67
336.26	-148.66
336.26	-206.00
336.26	-258.00
336.26	-277.33
336.26	-254.67
336.27	-174.67
336.27	-319.34
336.27	-336.00
336.27	-326.67
336.27	-323.33
336.27	-238.00
336.27	-240.00
336.27	-290.00
336.27	-212.67
336.28	-154.67
336.28	-256.67
336.28	-224.67
336.28	-195.33
336.28	-325.33
336.28	-369.34
336.28	-352.67
336.28	-322.67
336.29	-288.00
336.29	-258.00
336.29	-274.67
336.29	-176.00
336.29	-217.33
336.29	-246.00
336.29	-266.00
336.29	-228.00
336.29	-170.66
336.30	-169.34
336.30	-311.34
336.30	-280.66
336.30	-236.00
336.30	-214.67
336.30	-246.00
336.30	-339.34
336.30	-346.67
336.31	-450.00
336.31	-445.33
336.31	-314.00
336.31	-331.34
336.31	-246.67
336.31	-257.33
336.31	-304.00
336.31	-329.34
336.32	-284.00
336.32	-364.67
336.32	-394.67
336.32	-407.33
336.32	-364.67
336.32	-372.67
336.32	-305.33
336.32	-254.00
336.32	-352.00
336.33	-278.00
336.33	-268.66
336.33	-254.00
336.33	-372.00
336.33	-317.33
336.33	-359.34
336.33	-313.33
336.33	-201.34
336.34	-226.00
336.34	-297.33
336.34	-202.00
336.34	-219.34
336.34	-293.33
336.34	-314.67
336.34	-258.00
336.34	-266.00
336.34	-368.00
336.35	-329.34
336.35	-412.00
336.35	-437.33
336.35	-330.66
336.35	-289.34
336.35	-294.00
336.35	-322.00
336.35	-244.67
336.36	-202.67
336.36	-226.67
336.36	-244.67
336.36	-275.33
336.36	-196.00
336.36	-247.33
336.36	-305.33
336.36	-346.00
336.37	-266.00
336.37	-244.00
336.37	-259.34
336.37	-229.34
336.37	-218.66
336.37	-294.67
336.37	-247.33
336.37	-246.67
336.37	-233.33
336.38	-226.00
336.38	-210.00
336.38	-227.33
336.38	-248.66
336.38	-240.66
336.38	-327.33
336.38	-372.67
336.38	-198.66
336.39	-221.34
336.39	-250.00
336.39	-283.33
336.39	-274.00
336.39	-378.66
336.39	-452.67
336.39	-296.00
336.39	-334.00
336.39	-268.66
336.40	-393.33
336.40	-378.00
336.40	-314.67
336.40	-301.34
336.40	-186.00
336.40	-304.67
336.40	-330.66
336.40	-296.00
336.41	-297.33
336.41	-264.67
336.41	-293.33
336.41	-321.34
336.41	-227.33
336.41	-233.33
336.41	-273.33
336.41	-232.00
336.42	-282.00
336.42	-201.34
336.42	-74.00
336.42	-124.67
336.42	-255.33
336.42	-316.67
336.42	-317.33
336.42	-270.00
336.42	-322.67
336.43	-305.33
336.43	-306.67
336.43	-226.00
336.43	-258.66
336.43	-257.33
336.43	-222.67
336.43	-249.34
336.43	-282.67
336.44	-165.33
336.44	-174.67
336.44	-220.66
336.44	-263.33
336.44	-226.67
336.44	-281.34
336.44	-148.00
336.44	-128.66
336.45	-163.33
336.45	-187.33
336.45	-284.00
336.45	-190.00
336.45	-137.33
336.45	-208.00
336.45	-258.00
336.45	-326.00
336.45	-336.00
336.46	-316.00
336.46	-371.34
336.46	-321.34
336.46	-338.00
336.46	-356.67
336.46	-400.00
336.46	-260.66
336.46	-215.33
336.47	-253.33
336.47	-230.00
336.47	-237.33
336.47	-330.00
336.47	-284.00
336.47	-104.67
336.47	-170.66
336.47	-209.34
336.47	-140.00
336.48	-189.34
336.48	-259.34
336.48	-310.00
336.48	-316.67
336.48	-300.00
336.48	-305.33
336.48	-187.33
336.48	-246.67
336.49	-264.00
336.49	-262.00
336.49	-168.00
336.49	-90.66
336.49	-219.34
336.49	-277.33
336.49	-195.33
336.49	-168.00
336.50	-224.67
336.50	-270.00
336.50	-330.00
336.50	-284.00
336.50	-188.66
336.50	-282.00
336.50	-304.67
336.50	-322.67
336.50	-306.67
336.51	-218.66
336.51	-173.33
336.51	-266.67
336.51	-175.33
336.51	-103.33
336.51	-168.66
336.51	-163.33
336.51	-170.00
336.52	-266.00
336.52	-254.67
336.52	-304.00
336.52	-284.67
336.52	-304.67
336.52	-174.67
336.52	-232.67
336.52	-187.33
336.52	-215.33
336.53	-244.00
336.53	-242.00
336.53	-187.33
336.53	-81.34
336.53	-193.33
336.53	-316.67
336.53	-254.00
336.53	-267.33
336.54	-183.33
336.54	-246.67
336.54	-238.66
336.54	-208.00
336.54	-245.33
336.54	-246.67
336.54	-190.00
336.54	-260.00
336.55	-246.67
336.55	-250.66
336.55	-174.00
336.55	-154.67
336.55	-106.67
336.55	-142.00
336.55	-148.00
336.55	-234.00
336.55	-175.33
336.56	-142.67
336.56	-210.66
336.56	-248.66
336.56	-127.33
336.56	-79.34
336.56	-150.66
336.56	-272.00
336.56	-190.66
336.57	-69.34
336.57	-107.33
336.57	-199.34
336.57	-144.00
336.57	-158.00
336.57	-172.00
336.57	-295.33
336.57	-195.33
336.57	-165.33
336.58	-45.33
336.58	-115.33
336.58	-138.00
336.58	-202.67
336.58	-235.33
336.58	-134.67
336.58	-168.00
336.58	-140.00
336.59	-201.34
336.59	-183.33
336.59	-184.67
336.59	-275.33
336.59	-310.66
336.59	-214.67
336.59	-212.00
336.59	-248.00
336.60	-222.67
336.60	-220.66
336.60	-205.33
336.60	-266.67
336.60	-175.33
336.60	-207.33
336.60	-263.33
336.60	-205.33
336.60	-185.33
336.61	-153.33
336.61	-66.67
336.61	-170.66
336.61	-161.34
336.61	-132.00
336.61	-195.33
336.61	-189.34
336.61	-189.34
336.62	-126.00
336.62	-152.67
336.62	-72.00
336.62	-70.00
336.62	-119.34
336.62	-145.33
336.62	-159.34
336.62	-254.67
336.63	-155.33
336.63	-163.33
336.63	-231.34
336.63	-273.33
336.63	-280.00
336.63	-164.00
336.63	-239.34
336.63	-322.00
336.63	-297.33
336.64	-132.67
336.64	-99.34
336.64	-168.66
336.64	-107.33
336.64	-45.33
336.64	-20.00
336.64	-178.00
336.64	-226.00
336.65	-207.33
336.65	-138.66
336.65	-96.67
336.65	-136.00
336.65	2.00
336.65	-163.33
336.65	-244.67
336.65	7.33
336.65	-38.67
336.66	24.67
336.66	-17.33
336.66	-118.00
336.66	-77.33
336.66	-130.00
336.66	-115.33
336.66	-8.67
336.66	-32.00
336.67	-140.00
336.67	-139.34
336.67	-162.67
336.67	-115.33
336.67	-104.00
336.67	-144.67
336.67	-118.66
336.67	-142.00
336.68	-115.33
336.68	-126.67
336.68	-62.00
336.68	-118.00
336.68	-112.00
336.68	-160.66
336.68	-274.67
336.68	-278.00
336.68	-148.66
336.69	-144.67
336.69	-204.00
336.69	-149.34
336.69	-102.00
336.69	-163.33
336.69	-216.00
336.69	-212.67
336.69	-85.33
336.70	-136.00
336.70	-162.67
336.70	-170.00
336.70	-24.00
336.70	-50.00
336.70	-83.33
336.70	-146.00
336.70	-154.00
336.70	-144.00
336.71	-72.00
336.71	-164.00
336.71	-140.00
336.71	-38.67
336.71	-60.00
336.71	-11.33
336.71	38.00
336.71	10.00
336.72	-56.00
336.72	-56.00
336.72	-181.34
336.72	-175.33
336.72	-89.34
336.72	-78.66
336.72	-150.66
336.72	-205.33
336.73	-90.66
336.73	-67.33
336.73	-50.66
336.73	-0.67
336.73	-35.33
336.73	-50.00
336.73	-81.34
336.73	-141.34
336.73	-49.34
336.74	-54.67
336.74	-47.33
336.74	-92.67
336.74	-166.00
336.74	-159.34
336.74	-176.00
336.74	-150.66
336.74	-86.00
336.75	-74.00
336.75	-71.34
336.75	77.33
336.75	29.33
336.75	-0.67
336.75	-20.00
336.75	2.00
336.75	-4.00
336.76	35.33
336.76	32.67
336.76	-32.67
336.76	6.67
336.76	38.00
336.76	-19.33
336.76	-37.33
336.76	-70.00
336.76	14.67
336.77	78.00
336.77	-53.33
336.77	-57.33
336.77	-47.33
336.77	60.67
336.77	-42.67
336.77	-136.00
336.77	-154.67
336.78	-58.66
336.78	80.67
336.78	102.67
336.78	107.33
336.78	-151.34
336.78	-31.33
336.78	-48.66
336.78	62.67
336.78	58.67
336.79	-5.33
336.79	-115.33
336.79	-138.00
336.79	-49.34
336.79	-4.67
336.79	20.67
336.79	-50.66
336.79	38.00
336.80	115.33
336.80	6.67
336.80	-67.33
336.80	-47.33
336.80	-82.00
336.80	-70.66
336.80	12.00
336.80	9.33
336.81	-18.00
336.81	-70.66
336.81	-66.67
336.81	62.00
336.81	108.00
336.81	120.00
336.81	-17.33
336.81	-136.00
336.81	-64.00
336.82	-68.66
336.82	-114.67
336.82	54.67
336.82	24.67
336.82	-8.67
336.82	-40.00
336.82	-103.33
336.82	-103.33
336.83	34.67
336.83	39.33
336.83	-8.00
336.83	104.67
336.83	12.67
336.83	10.00
336.83	-32.00
336.83	-64.67
336.83	24.00
336.84	76.00
336.84	121.33
336.84	26.67
336.84	-104.00
336.84	92.67
336.84	115.33
336.84	-24.67
336.84	-34.67
336.85	-2.00
336.85	7.33
336.85	79.33
336.85	-4.00
336.85	21.33
336.85	-0.67
336.85	36.00
336.85	-26.00
336.86	-11.33
336.86	42.67
336.86	-71.34
336.86	-3.33
336.86	0.67
336.86	-26.00
336.86	34.67
336.86	46.67
336.86	70.67
336.87	86.00
336.87	-30.00
336.87	-51.34
336.87	70.67
336.87	4.00
336.87	-86.00
336.87	-6.00
336.87	77.33
336.88	98.67
336.88	98.00
336.88	-93.33
336.88	-64.67
336.88	72.67
336.88	6.67
336.88	-46.00
336.88	30.00
336.88	72.67
336.89	21.33
336.89	-40.66
336.89	-46.67
336.89	-171.34
336.89	-76.00
336.89	17.33
336.89	-126.00
336.89	-166.00
336.90	-24.00
336.90	74.00
336.90	-25.33
336.90	-138.66
336.90	-141.34
336.90	-35.33
336.90	-38.67
336.90	-32.00
336.91	-100.00
336.91	-122.00
336.91	-28.67
336.91	1.33
336.91	6.00
336.91	-12.67
336.91	36.00
336.91	22.00
336.91	-108.66
336.92	-79.34
336.92	-120.00
336.92	-130.00
336.92	-123.33
336.92	-55.33
336.92	-34.67
336.92	6.67
336.92	-92.00
336.93	-215.33
336.93	-159.34
336.93	-65.33
336.93	60.00
336.93	33.33
336.93	-76.00
336.93	-107.33
336.93	-6.00
336.94	-2.67
336.94	18.00
336.94	-90.00
336.94	-105.33
336.94	-200.66
336.94	-146.00
336.94	-236.00
336.94	-178.66
336.94	-200.00
336.95	-108.00
336.95	-48.00
336.95	49.33
336.95	-25.33
336.95	-90.00
336.95	-23.33
336.95	-27.33
336.95	-90.00
336.96	-81.34
336.96	-104.00
336.96	-75.33
336.96	-90.66
336.96	-104.67
336.96	36.00
336.96	-90.00
336.96	-112.00
336.96	-197.33
336.97	-94.00
336.97	40.67
336.97	66.00
336.97	-77.33
336.97	-104.67
336.97	-80.00
336.97	-95.33
336.97	-182.67
336.98	-100.66
336.98	-74.00
336.98	67.33
336.98	16.00
336.98	-86.67
336.98	-48.66
336.98	-58.00
336.98	-164.00
336.99	-174.67
336.99	-136.00
336.99	-68.66
336.99	-236.00
336.99	-253.33
336.99	-213.33
336.99	-204.00
336.99	-195.33
336.99	-207.33
337.00	-290.66
337.00	-212.00
337.00	-104.67
337.00	-182.67
337.00	-160.66
337.00	-82.67
337.00	-137.33
337.00	-67.33
337.01	-51.34
337.01	-155.33
337.01	-179.34
337.01	-152.00
337.01	-182.00
337.01	-235.33
337.01	-218.66
337.01	-278.66
337.01	-214.67
337.02	-192.67
337.02	-46.67
337.02	-28.00
337.02	-60.00
337.02	-160.00
337.02	-215.33
337.02	-236.67
337.02	-237.33
337.03	-180.00
337.03	-157.33
337.03	-144.67
337.03	-168.66
337.03	-166.67
337.03	-158.00
337.03	-213.33
337.03	-206.00
337.04	-254.67
337.04	-246.67
337.04	-342.67
337.04	-319.34
337.04	-404.00
337.04	-322.67
337.04	-301.34
337.04	-360.66
337.04	-340.00
337.05	-280.00
337.05	-336.00
337.05	-376.67
337.05	-328.00
337.05	-405.33
337.05	-250.00
337.05	-247.33
337.05	-312.67
337.06	-299.34
337.06	-304.67
337.06	-273.33
337.06	-280.00
337.06	-277.33
337.06	-228.66
337.06	-347.33
337.06	-504.00
337.07	-402.67
337.07	-397.33
337.07	-354.67
337.07	-380.66
337.07	-401.34
337.07	-442.67
337.07	-314.67
337.07	-234.00
337.07	-346.00
337.08	-330.00
337.08	-429.34
337.08	-514.00
337.08	-548.00
337.08	-425.33
337.08	-324.67
337.08	-462.00
337.08	-346.00
337.09	-384.67
337.09	-420.00
337.09	-266.00
337.09	-278.66
337.09	-360.66
337.09	-338.00
337.09	-330.66
337.09	-480.00
337.09	-376.67
337.10	-339.34
337.10	-332.00
337.10	-350.00
337.10	-313.33
337.10	-391.34
337.10	-504.67
337.10	-485.33
337.10	-460.66
337.11	-494.67
337.11	-533.33
337.11	-498.00
337.11	-411.34
337.11	-461.34
337.11	-372.67
337.11	-332.00
337.11	-350.66
337.12	-414.00
337.12	-296.00
337.12	-342.00
337.12	-484.00
337.12	-392.00
337.12	-422.00
337.12	-478.66
337.12	-370.00
337.12	-373.33
337.13	-396.67
337.13	-342.00
337.13	-316.67
337.13	-368.00
337.13	-432.00
337.13	-310.00
337.13	-382.00
337.13	-399.34
337.14	-344.00
337.14	-452.00
337.14	-447.33
337.14	-352.00
337.14	-254.00
337.14	-430.00
337.14	-434.67
337.14	-430.66
337.14	-509.34
337.15	-550.66
337.15	-439.34
337.15	-465.33
337.15	-332.67
337.15	-302.00
337.15	-330.00
337.15	-388.00
337.15	-296.00
337.16	-228.00
337.16	-233.33
337.16	-314.00
337.16	-397.33
337.16	-593.33
337.16	-564.67
337.16	-526.67
337.16	-416.00
337.17	-307.33
337.17	-272.00
337.17	-192.67
337.17	-286.67
337.17	-442.00
337.17	-423.33
337.17	-469.34
337.17	-411.34
337.17	-400.66
337.18	-340.00
337.18	-396.00
337.18	-420.66
337.18	-614.67
337.18	-605.33
337.18	-334.00
337.18	-292.00
337.18	-339.34
337.19	-334.67
337.19	-373.33
337.19	-387.33
337.19	-418.00
337.19	-325.33
337.19	-330.66
337.19	-333.33
337.19	-350.66
337.19	-363.33
337.20	-450.00
337.20	-364.67
337.20	-473.33
337.20	-577.33
337.20	-654.00
337.20	-592.67
337.20	-583.33
337.20	-495.33
337.21	-488.00
337.21	-417.33
337.21	-364.67
337.21	-373.33
337.21	-366.00
337.21	-353.33
337.21	-512.67
337.21	-517.33
337.22	-470.66
337.22	-416.67
337.22	-477.33
337.22	-590.00
337.22	-585.33
337.22	-565.33
337.22	-521.34
337.22	-424.67
337.22	-304.67
337.23	-250.66
337.23	-412.00
337.23	-344.67
337.23	-400.00
337.23	-390.66
337.23	-596.00
337.23	-474.67
337.23	-367.33
337.24	-381.34
337.24	-372.67
337.24	-409.34
337.24	-392.00
337.24	-378.00
337.24	-398.00
337.24	-323.33
337.24	-326.00
337.25	-370.00
337.25	-290.66
337.25	-366.67
337.25	-394.00
337.25	-426.00
337.25	-476.67
337.25	-356.67
337.25	-301.34
337.25	-433.33
337.26	-434.00
337.26	-435.33
337.26	-500.00
337.26	-442.67
337.26	-330.00
337.26	-401.34
337.26	-518.00
337.26	-466.67
337.27	-307.33
337.27	-406.67
337.27	-359.34
337.27	-324.00
337.27	-327.33
337.27	-323.33
337.27	-396.67
337.27	-504.67
337.27	-353.33
337.28	-287.33
337.28	-308.66
337.28	-292.00
337.28	-314.00
337.28	-374.67
337.28	-368.00
337.28	-234.00
337.28	-228.00
337.29	-275.33
337.29	-310.66
337.29	-210.00
337.29	-178.66
337.29	-349.34
337.29	-331.34
337.29	-343.33
337.29	-404.00
337.30	-317.33
337.30	-315.33
337.30	-384.67
337.30	-334.67
337.30	-328.00
337.30	-330.66
337.30	-435.33
337.30	-257.33
337.30	-270.00
337.31	-329.34
337.31	-243.33
337.31	-324.67
337.31	-292.67
337.31	-225.33
337.31	-319.34
337.31	-310.66
337.31	-340.00
337.32	-255.33
337.32	-190.00
337.32	-196.67
337.32	-238.00
337.32	-382.00
337.32	-469.34
337.32	-381.34
337.32	-368.66
337.32	-363.33
337.33	-372.00
337.33	-206.00
337.33	-282.00
337.33	-306.00
337.33	-229.34
337.33	-306.00
337.33	-292.00
337.33	-348.66
337.34	-291.34
337.34	-325.33
337.34	-328.00
337.34	-251.34
337.34	-278.66
337.34	-302.67
337.34	-189.34
337.34	-239.34
337.35	-256.67
337.35	-270.66
337.35	-239.34
337.35	-268.66
337.35	-281.34
337.35	-320.66
337.35	-435.33
337.35	-336.00
337.35	-329.34
337.36	-336.67
337.36	-292.67
337.36	-277.33
337.36	-199.34
337.36	-224.00
337.36	-98.66
337.36	-158.66
337.36	-394.67
337.37	-210.66
337.37	-128.00
337.37	-201.34
337.37	-380.00
337.37	-232.00
337.37	-165.33
337.37	-176.00
337.37	-266.67
337.38	-192.67
337.38	-254.67
337.38	-242.67
337.38	-264.67
337.38	-207.33
337.38	-209.34
337.38	-208.00
337.38	-224.67
337.38	-183.33
337.39	-226.00
337.39	-192.00
337.39	-245.33
337.39	-162.67
337.39	-280.66
337.39	-248.00
337.39	-293.33
337.39	-265.33
337.40	-211.34
337.40	-164.67
337.40	-192.67
337.40	-200.66
337.40	-150.66
337.40	-164.00
337.40	-125.33
337.40	-122.00
337.40	-112.00
337.41	-236.67
337.41	-286.67
337.41	-200.66
337.41	-176.67
337.41	-105.33
337.41	-122.67
337.41	-65.33
337.41	-93.33
337.42	-118.66
337.42	-127.33
337.42	-100.00
337.42	-264.67
337.42	-214.67
337.42	-129.34
337.42	-174.00
337.42	-117.33
337.43	-46.67
337.43	-84.00
337.43	-163.33
337.43	-122.00
337.43	-139.34
337.43	-182.00
337.43	-143.33
337.43	-273.33
337.43	-244.67
337.44	-170.00
337.44	-166.67
337.44	-226.00
337.44	-120.00
337.44	-115.33
337.44	-191.34
337.44	-159.34
337.44	-140.66
337.45	-187.33
337.45	-177.33
337.45	-230.66
337.45	-194.00
337.45	-177.33
337.45	-266.00
337.45	-269.34
337.45	-305.33
337.45	-274.67
337.46	-210.00
337.46	-295.33
337.46	-378.66
337.46	-263.33
337.46	-219.34
337.46	-264.67
337.46	-254.00
337.46	-146.00
337.47	-95.33
337.47	-108.66
337.47	-195.33
337.47	-192.67
337.47	-209.34
337.47	-213.33
337.47	-142.67
337.47	-145.33
337.48	-142.67
337.48	-202.00
337.48	-273.33
337.48	-233.33
337.48	-262.67
337.48	-152.67
337.48	-145.33
337.48	-247.33
337.48	-290.66
337.49	-268.66
337.49	-222.67
337.49	-132.00
337.49	-62.00
337.49	-155.33
337.49	-133.33
337.49	-249.34
337.49	-312.00
337.50	-156.67
337.50	-120.66
337.50	-179.34
337.50	-227.33
337.50	-260.66
337.50	-264.00
337.50	-184.67
337.50	-76.00
337.50	-111.34
337.51	-43.33
337.51	-134.00
337.51	-310.66
337.51	-262.00
337.51	-201.34
337.51	-302.67
337.51	-345.33
337.51	-231.34
337.52	-242.67
337.52	-186.67
337.52	-190.00
337.52	-235.33
337.52	-230.00
337.52	-214.67
337.52	-212.00
337.52	-299.34
337.53	-309.34
337.53	-212.67
337.53	-88.66
337.53	-234.00
337.53	-242.00
337.53	-216.67
337.53	-402.67
337.53	-344.00
337.53	-412.00
337.54	-308.00
337.54	-334.00
337.54	-258.66
337.54	-220.00
337.54	-212.00
337.54	-230.00
337.54	-233.33
337.54	-233.33
337.55	-276.67
337.55	-304.67
337.55	-252.67
337.55	-172.00
337.55	-78.66
337.55	-144.00
337.55	-173.33
337.55	-146.67
337.56	-213.33
337.56	-213.33
337.56	-170.00
337.56	-172.00
337.56	-260.66
337.56	-332.00
337.56	-226.67
337.56	-279.34
337.56	-326.67
337.57	-264.67
337.57	-278.66
337.57	-212.67
337.57	-214.00
337.57	-264.00
337.57	-256.67
337.57	-274.00
337.57	-192.00
337.58	-272.67
337.58	-275.33
337.58	-244.67
337.58	-300.66
337.58	-388.00
337.58	-288.66
337.58	-267.33
337.58	-206.67
337.58	-154.67
337.59	-236.67
337.59	-278.00
337.59	-252.00
337.59	-282.67
337.59	-242.67
337.59	-200.00
337.59	-273.33
337.59	-388.00
337.60	-314.67
337.60	-210.66
337.60	-295.33
337.60	-356.00
337.60	-318.00
337.60	-330.00
337.60	-381.34
337.60	-390.00
337.61	-338.66
337.61	-301.34
337.61	-347.33
337.61	-284.00
337.61	-154.67
337.61	-286.67
337.61	-272.67
337.61	-421.34
337.61	-443.33
337.62	-336.00
337.62	-248.66
337.62	-385.33
337.62	-335.33
337.62	-381.34
337.62	-422.00
337.62	-486.00
337.62	-409.34
337.63	-352.67
337.63	-336.00
337.63	-211.34
337.63	-395.33
337.63	-402.67
337.63	-466.67
337.63	-438.66
337.63	-344.67
337.63	-352.67
337.64	-534.00
337.64	-499.34
337.64	-335.33
337.64	-352.00
337.64	-358.00
337.64	-381.34
337.64	-356.67
337.64	-329.34
337.65	-487.33
337.65	-391.34
337.65	-340.00
337.65	-507.33
337.65	-528.00
337.65	-530.66
337.65	-514.00
337.65	-502.67
337.66	-524.00
337.66	-540.66
337.66	-426.00
337.66	-466.67
337.66	-434.67
337.66	-358.66
337.66	-470.66
337.66	-533.33
337.66	-670.00
337.67	-775.33
337.67	-676.67
337.67	-570.00
337.67	-572.00
337.67	-500.00
337.67	-486.67
337.67	-514.67
337.67	-560.66
337.68	-576.00
337.68	-515.33
337.68	-456.00
337.68	-335.33
337.68	-484.67
337.68	-472.67
337.68	-409.34
337.68	-457.33
337.68	-590.00
337.69	-479.34
337.69	-444.67
337.69	-496.00
337.69	-521.34
337.69	-430.00
337.69	-497.33
337.69	-557.33
337.69	-419.34
337.70	-525.33
337.70	-644.67
337.70	-616.00
337.70	-581.34
337.70	-534.00
337.70	-432.00
337.70	-488.00
337.70	-619.34
337.71	-560.00
337.71	-510.66
337.71	-534.00
337.71	-686.00
337.71	-580.66
337.71	-576.00
337.71	-587.33
337.71	-550.66
337.71	-595.33
337.72	-546.00
337.72	-511.34
337.72	-504.67
337.72	-490.66
337.72	-448.66
337.72	-429.34
337.72	-465.33
337.72	-456.00
337.73	-505.33
337.73	-522.00
337.73	-601.34
337.73	-575.33
337.73	-488.66
337.73	-558.66
337.73	-560.66
337.73	-413.33
337.74	-474.00
337.74	-654.67
337.74	-598.00
337.74	-626.67
337.74	-566.00
337.74	-487.33
337.74	-477.33
337.74	-665.33
337.74	-604.00
337.75	-607.33
337.75	-542.00
337.75	-491.34
337.75	-455.33
337.75	-502.67
337.75	-593.33
337.75	-510.66
337.75	-578.66
337.76	-669.34
337.76	-618.66
337.76	-506.00
337.76	-551.34
337.76	-585.33
337.76	-562.67
337.76	-689.34
337.76	-677.33
337.76	-562.67
337.77	-552.00
337.77	-556.00
337.77	-708.66
337.77	-691.34
337.77	-537.33
337.77	-511.34
337.77	-620.66
337.77	-612.00
337.78	-616.67
337.78	-553.33
337.78	-613.33
337.78	-715.33
337.78	-691.34
337.78	-652.00
337.78	-705.33
337.78	-616.67
337.79	-626.00
337.79	-606.00
337.79	-601.34
337.79	-539.34
337.79	-638.00
337.79	-713.33
337.79	-702.00
337.79	-767.33
337.79	-743.33
337.80	-720.00
337.80	-743.33
337.80	-673.33
337.80	-629.34
337.80	-658.66
337.80	-558.66
337.80	-556.67
337.80	-605.33
337.81	-672.00
337.81	-697.33
337.81	-704.00
337.81	-624.67
337.81	-629.34
337.81	-556.00
337.81	-574.67
337.81	-722.67
337.81	-690.00
337.82	-518.66
337.82	-510.66
337.82	-601.34
337.82	-531.34
337.82	-569.34
337.82	-698.00
337.82	-635.33
337.82	-680.00
337.83	-656.67
337.83	-616.00
337.83	-528.66
337.83	-684.00
337.83	-807.33
337.83	-699.34
337.83	-660.00
337.83	-575.33
337.84	-580.66
337.84	-603.33
337.84	-704.67
337.84	-760.00
337.84	-732.00
337.84	-664.00
337.84	-666.00
337.84	-601.34
337.84	-606.00
337.85	-646.00
337.85	-554.67
337.85	-584.67
337.85	-615.33
337.85	-540.00
337.85	-374.00
337.85	-517.33
337.85	-509.34
337.86	-509.34
337.86	-549.34
337.86	-422.67
337.86	-326.00
337.86	-434.00
337.86	-509.34
337.86	-463.33
337.86	-528.66
337.86	-515.33
337.87	-509.34
337.87	-632.67
337.87	-742.00
337.87	-538.00
337.87	-586.67
337.87	-654.67
337.87	-602.67
337.87	-565.33
337.88	-559.34
337.88	-608.66
337.88	-534.67
337.88	-468.66
337.88	-472.67
337.88	-478.00
337.88	-474.00
337.88	-456.00
337.89	-434.00
337.89	-530.66
337.89	-610.66
337.89	-602.00
337.89	-561.34
337.89	-574.00
337.89	-612.67
337.89	-507.33
337.89	-509.34
337.90	-578.66
337.90	-512.00
337.90	-492.00
337.90	-446.67
337.90	-425.33
337.90	-490.66
337.90	-535.33
337.90	-566.67
337.91	-500.66
337.91	-617.33
337.91	-678.66
337.91	-562.00
337.91	-482.67
337.91	-488.00
337.91	-449.34
337.91	-453.33
337.92	-491.34
337.92	-446.67
337.92	-485.33
337.92	-491.34
337.92	-406.00
337.92	-405.33
337.92	-384.67
337.92	-458.66
337.92	-450.66
337.93	-481.34
337.93	-571.34
337.93	-612.67
337.93	-568.00
337.93	-652.00
337.93	-637.33
337.93	-530.66
337.93	-503.33
337.94	-430.66
337.94	-444.67
337.94	-444.00
337.94	-553.33
337.94	-454.00
337.94	-440.00
337.94	-584.00
337.94	-578.00
337.94	-608.00
337.95	-548.66
337.95	-542.00
337.95	-524.00
337.95	-498.66
337.95	-464.00
337.95	-424.67
337.95	-386.00
337.95	-414.67
337.96	-458.00
337.96	-460.66
337.96	-501.34
337.96	-504.00
337.96	-425.33
337.96	-447.33
337.96	-504.67
337.96	-516.67
337.97	-539.34
337.97	-579.34
337.97	-460.66
337.97	-502.00
337.97	-464.00
337.97	-431.34
337.97	-354.00
337.97	-414.00
337.97	-510.66
337.98	-462.00
337.98	-514.00
337.98	-471.34
337.98	-482.00
337.98	-438.00
337.98	-561.34
337.98	-499.34
337.98	-410.66
337.99	-485.33
337.99	-469.34
337.99	-451.34
337.99	-571.34
337.99	-525.33
337.99	-413.33
337.99	-496.00
337.99	-554.67
337.99	-512.00
338.00	-394.67
338.00	-321.34
338.00	-372.00
338.00	-344.67
338.00	-416.67
338.00	-420.66
338.00	-426.00
338.00	-394.67
338.01	-361.34
338.01	-398.66
338.01	-386.67
338.01	-477.33
338.01	-401.34
338.01	-419.34
338.01	-468.66
338.01	-502.67
338.02	-510.00
338.02	-538.00
338.02	-526.00
338.02	-354.00
338.02	-338.00
338.02	-442.00
338.02	-428.66
338.02	-317.33
338.02	-350.66
338.03	-377.33
338.03	-491.34
338.03	-410.66
338.03	-470.00
338.03	-493.33
338.03	-526.00
338.03	-498.00
338.03	-489.34
338.04	-496.67
338.04	-471.34
338.04	-396.00
338.04	-434.67
338.04	-504.00
338.04	-474.00
338.04	-388.00
338.04	-479.34
338.05	-482.00
338.05	-479.34
338.05	-344.67
338.05	-429.34
338.05	-415.33
338.05	-384.00
338.05	-468.66
338.05	-436.00
338.05	-332.00
338.06	-369.34
338.06	-402.67
338.06	-389.34
338.06	-438.00
338.06	-507.33
338.06	-460.66
338.06	-536.00
338.06	-488.66
338.07	-378.00
338.07	-356.00
338.07	-345.33
338.07	-389.34
338.07	-326.67
338.07	-318.66
338.07	-324.67
338.07	-419.34
338.07	-396.67
338.08	-408.00
338.08	-427.33
338.08	-398.66
338.08	-399.34
338.08	-290.00
338.08	-242.00
338.08	-240.66
338.08	-356.67
338.09	-335.33
338.09	-433.33
338.09	-366.00
338.09	-348.00
338.09	-358.00
338.09	-400.00
338.09	-397.33
338.09	-341.34
338.10	-417.33
338.10	-441.34
338.10	-426.67
338.10	-503.33
338.10	-535.33
338.10	-512.00
338.10	-528.00
338.10	-424.00
338.10	-337.33
338.11	-386.67
338.11	-496.00
338.11	-401.34
338.11	-316.67
338.11	-381.34
338.11	-402.00
338.11	-343.33
338.11	-376.67
338.12	-373.33
338.12	-351.34
338.12	-279.34
338.12	-350.00
338.12	-372.00
338.12	-380.66
338.12	-319.34
338.12	-328.66
338.12	-476.00
338.13	-456.00
338.13	-390.66
338.13	-330.00
338.13	-493.33
338.13	-598.00
338.13	-469.34
338.13	-353.33
338.13	-343.33
338.14	-350.66
338.14	-312.00
338.14	-343.33
338.14	-379.34
338.14	-381.34
338.14	-500.00
338.14	-498.00
338.14	-401.34
338.15	-365.33
338.15	-358.00
338.15	-406.00
338.15	-412.67
338.15	-368.66
338.15	-383.33
338.15	-260.66
338.15	-297.33
338.15	-376.67
338.16	-290.00
338.16	-200.00
338.16	-225.33
338.16	-228.00
338.16	-226.00
338.16	-279.34
338.16	-332.00
338.16	-353.33
338.17	-373.33
338.17	-442.00
338.17	-398.00
338.17	-474.67
338.17	-556.00
338.17	-524.67
338.17	-510.00
338.17	-480.66
338.17	-432.67
338.18	-422.00
338.18	-401.34
338.18	-283.33
338.18	-170.66
338.18	-268.00
338.18	-312.00
338.18	-177.33
338.18	-150.66
338.19	-243.33
338.19	-174.00
338.19	-314.00
338.19	-412.00
338.19	-301.34
338.19	-301.34
338.19	-417.33
338.19	-311.34
338.20	-311.34
338.20	-356.00
338.20	-404.00
338.20	-352.67
338.20	-241.34
338.20	-322.00
338.20	-366.00
338.20	-292.00
338.20	-282.00
338.21	-363.33
338.21	-364.67
338.21	-436.00
338.21	-523.33
338.21	-364.67
338.21	-342.00
338.21	-301.34
338.21	-252.00
338.22	-240.00
338.22	-242.67
338.22	-297.33
338.22	-220.00
338.22	-323.33
338.22	-167.33
338.22	-268.00
338.22	-312.67
338.23	-385.33
338.23	-410.00
338.23	-414.00
338.23	-459.34
338.23	-482.67
338.23	-356.67
338.23	-242.67
338.23	-236.00
338.23	-324.00
338.24	-350.00
338.24	-308.00
338.24	-265.33
338.24	-376.00
338.24	-342.00
338.24	-286.00
338.24	-239.34
338.24	-208.00
338.25	-240.00
338.25	-208.66
338.25	-342.00
338.25	-278.66
338.25	-244.00
338.25	-266.00
338.25	-318.00
338.25	-340.66
338.25	-315.33
338.26	-506.00
338.26	-357.33
338.26	-196.67
338.26	-262.67
338.26	-348.00
338.26	-250.00
338.26	-316.00
338.26	-425.33
338.27	-476.00
338.27	-400.00
338.27	-248.00
338.27	-182.67
338.27	-233.33
338.27	-252.00
338.27	-192.67
338.27	-191.34
338.28	-258.00
338.28	-427.33
338.28	-357.33
338.28	-354.67
338.28	-326.67
338.28	-232.00
338.28	-336.00
338.28	-469.34
338.28	-536.00
338.29	-461.34
338.29	-498.66
338.29	-474.67
338.29	-376.00
338.29	-480.66
338.29	-458.66
338.29	-357.33
338.29	-212.67
338.30	-294.00
338.30	-308.66
338.30	-448.00
338.30	-420.00
338.30	-320.66
338.30	-344.67
338.30	-411.34
338.30	-356.00
338.30	-406.67
338.31	-308.00
338.31	-473.33
338.31	-331.34
338.31	-343.33
338.31	-358.66
338.31	-380.66
338.31	-441.34
338.31	-489.34
338.32	-480.00
338.32	-376.00
338.32	-396.00
338.32	-296.67
338.32	-223.33
338.32	-352.00
338.32	-311.34
338.32	-230.00
338.33	-298.00
338.33	-496.67
338.33	-422.00
338.33	-374.00
338.33	-382.00
338.33	-323.33
338.33	-307.33
338.33	-233.33
338.33	-278.66
338.34	-297.33
338.34	-282.00
338.34	-376.67
338.34	-331.34
338.34	-273.33
338.34	-342.00
338.34	-388.00
338.34	-500.66
338.35	-434.67
338.35	-344.00
338.35	-258.66
338.35	-410.66
338.35	-436.67
338.35	-415.33
338.35	-333.33
338.35	-494.67
338.36	-443.33
338.36	-322.00
338.36	-361.34
338.36	-384.00
338.36	-266.67
338.36	-313.33
338.36	-334.00
338.36	-340.00
338.36	-266.00
338.37	-227.33
338.37	-278.66
338.37	-382.67
338.37	-434.67
338.37	-334.67
338.37	-265.33
338.37	-347.33
338.37	-372.67
338.38	-328.00
338.38	-390.66
338.38	-310.66
338.38	-173.33
338.38	-204.00
338.38	-276.67
338.38	-298.00
338.38	-265.33
338.38	-314.00
338.39	-456.00
338.39	-398.66
338.39	-438.66
338.39	-382.67
338.39	-310.66
338.39	-350.66
338.39	-433.33
338.39	-301.34
338.40	-303.33
338.40	-386.67
338.40	-253.33
338.40	-232.67
338.40	-289.34
338.40	-273.33
338.40	-232.67
338.40	-343.33
338.41	-400.00
338.41	-252.67
338.41	-359.34
338.41	-462.67
338.41	-414.00
338.41	-535.33
338.41	-519.34
338.41	-420.00
338.41	-339.34
338.42	-294.00
338.42	-196.00
338.42	-314.67
338.42	-460.66
338.42	-318.66
338.42	-305.33
338.42	-327.33
338.42	-464.00
338.43	-489.34
338.43	-466.00
338.43	-464.00
338.43	-237.33
338.43	-228.00
338.43	-425.33
338.43	-428.00
338.43	-336.00
338.43	-420.00
338.44	-328.66
338.44	-260.66
338.44	-240.00
338.44	-289.34
338.44	-226.67
338.44	-180.66
338.44	-216.00
338.44	-353.33
338.45	-339.34
338.45	-335.33
338.45	-304.00
338.45	-179.34
338.45	-231.34
338.45	-270.00
338.45	-362.67
338.45	-307.33
338.46	-367.33
338.46	-301.34
338.46	-237.33
338.46	-282.00
338.46	-266.00
338.46	-368.66
338.46	-372.67
338.46	-423.33
338.46	-386.67
338.47	-372.00
338.47	-488.00
338.47	-344.67
338.47	-332.00
338.47	-364.67
338.47	-492.00
338.47	-429.34
338.47	-432.67
338.48	-254.67
338.48	-206.00
338.48	-293.33
338.48	-355.33
338.48	-208.66
338.48	-280.66
338.48	-313.33
338.48	-232.00
338.48	-281.34
338.49	-355.33
338.49	-357.33
338.49	-379.34
338.49	-454.00
338.49	-424.67
338.49	-286.67
338.49	-270.00
338.49	-302.00
338.50	-325.33
338.50	-290.66
338.50	-396.67
338.50	-362.67
338.50	-170.00
338.50	-181.34
338.50	-312.00
338.50	-358.66
338.51	-429.34
338.51	-409.34
338.51	-385.33
338.51	-360.00
338.51	-407.33
338.51	-364.67
338.51	-344.67
338.51	-311.34
338.51	-338.66
338.52	-262.67
338.52	-292.67
338.52	-333.33
338.52	-389.34
338.52	-412.67
338.52	-444.67
338.52	-384.67
338.52	-390.66
338.53	-391.34
338.53	-379.34
338.53	-389.34
338.53	-388.00
338.53	-311.34
338.53	-296.00
338.53	-381.34
338.53	-410.00
338.54	-344.00
338.54	-364.00
338.54	-352.67
338.54	-310.00
338.54	-281.34
338.54	-302.00
338.54	-408.66
338.54	-421.34
338.54	-490.00
338.55	-482.00
338.55	-377.33
338.55	-330.66
338.55	-329.34
338.55	-337.33
338.55	-284.67
338.55	-412.67
338.55	-321.34
338.56	-307.33
338.56	-335.33
338.56	-241.34
338.56	-206.00
338.56	-306.67
338.56	-397.33
338.56	-303.33
338.56	-241.34
338.56	-300.00
338.57	-246.67
338.57	-246.00
338.57	-217.33
338.57	-208.66
338.57	-208.66
338.57	-299.34
338.57	-325.33
338.57	-278.00
338.58	-319.34
338.58	-340.00
338.58	-378.00
338.58	-332.00
338.58	-288.00
338.58	-258.00
338.58	-162.67
338.58	-241.34
338.59	-293.33
338.59	-298.66
338.59	-411.34
338.59	-434.67
338.59	-373.33
338.59	-296.00
338.59	-230.00
338.59	-258.00
338.59	-231.34
338.60	-260.00
338.60	-163.33
338.60	-244.67
338.60	-280.66
338.60	-327.33
338.60	-210.00
338.60	-271.34
338.60	-370.66
338.61	-244.00
338.61	-200.66
338.61	-251.34
338.61	-214.67
338.61	-253.33
338.61	-273.33
338.61	-227.33
338.61	-206.00
338.61	-244.67
338.62	-220.66
338.62	-304.67
338.62	-353.33
338.62	-449.34
338.62	-417.33
338.62	-456.00
338.62	-328.00
338.62	-256.00
338.63	-177.33
338.63	-190.66
338.63	-190.66
338.63	-174.67
338.63	-203.33
338.63	-188.00
338.63	-286.00
338.63	-272.67
338.64	-242.67
338.64	-72.67
338.64	-246.67
338.64	-316.67
338.64	-323.33
338.64	-364.67
338.64	-346.00
338.64	-262.00
338.64	-283.33
338.65	-288.00
338.65	-337.33
338.65	-354.67
338.65	-377.33
338.65	-360.00
338.65	-386.00
338.65	-294.67
338.65	-447.33
338.66	-428.00
338.66	-370.00
338.66	-303.33
338.66	-276.67
338.66	-364.00
338.66	-295.33
338.66	-286.67
338.66	-257.33
338.66	-282.67
338.67	-252.00
338.67	-272.67
338.67	-272.00
338.67	-345.33
338.67	-486.00
338.67	-422.67
338.67	-372.00
338.67	-346.00
338.68	-270.66
338.68	-324.67
338.68	-449.34
338.68	-370.66
338.68	-446.00
338.68	-428.00
338.68	-339.34
338.68	-381.34
338.69	-387.33
338.69	-266.67
338.69	-245.33
338.69	-344.67
338.69	-249.34
338.69	-261.34
338.69	-231.34
338.69	-265.33
338.69	-222.00
338.70	-270.66
338.70	-204.00
338.70	-201.34
338.70	-222.67
338.70	-224.67
338.70	-254.67
338.70	-236.00
338.70	-322.00
338.71	-284.67
338.71	-227.33
338.71	-228.00
338.71	-226.00
338.71	-152.00
338.71	-221.34
338.71	-318.66
338.71	-428.66
338.72	-433.33
338.72	-298.00
338.72	-348.66
338.72	-218.66
338.72	-153.33
338.72	-146.67
338.72	-223.33
338.72	-347.33
338.72	-447.33
338.73	-332.00
338.73	-308.00
338.73	-345.33
338.73	-364.00
338.73	-302.67
338.73	-228.00
338.73	-324.00
338.73	-364.67
338.74	-205.33
338.74	-284.00
338.74	-314.00
338.74	-292.67
338.74	-316.00
338.74	-383.33
338.74	-396.00
338.74	-336.00
338.74	-319.34
338.75	-272.67
338.75	-260.66
338.75	-315.33
338.75	-206.00
338.75	-210.00
338.75	-366.00
338.75	-325.33
338.75	-267.33
338.76	-302.00
338.76	-250.00
338.76	-290.00
338.76	-334.67
338.76	-237.33
338.76	-210.66
338.76	-225.33
338.76	-288.66
338.77	-265.33
338.77	-319.34
338.77	-204.67
338.77	-180.00
338.77	-180.66
338.77	-266.67
338.77	-450.66
338.77	-402.00
338.77	-370.00
338.78	-226.00
338.78	-181.34
338.78	-268.00
338.78	-242.00
338.78	-326.67
338.78	-332.67
338.78	-313.33
338.78	-268.00
338.79	-290.66
338.79	-300.00
338.79	-351.34
338.79	-287.33
338.79	-336.67
338.79	-397.33
338.79	-266.00
338.79	-244.00
338.79	-222.00
338.80	-133.33
338.80	-261.34
338.80	-280.66
338.80	-296.67
338.80	-350.00
338.80	-298.66
338.80	-328.00
338.80	-316.00
338.81	-240.00
338.81	-271.34
338.81	-286.67
338.81	-397.33
338.81	-447.33
338.81	-307.33
338.81	-404.67
338.81	-361.34
338.82	-296.00
338.82	-288.00
338.82	-378.66
338.82	-453.33
338.82	-492.00
338.82	-388.66
338.82	-422.00
338.82	-331.34
338.82	-235.33
338.83	-173.33
338.83	-128.00
338.83	-119.34
338.83	-213.33
338.83	-304.67
338.83	-200.66
338.83	-208.00
338.83	-262.67
338.84	-218.66
338.84	-165.33
338.84	-267.33
338.84	-274.00
338.84	-338.00
338.84	-336.00
338.84	-420.66
338.84	-315.33
338.85	-292.67
338.85	-332.00
338.85	-324.00
338.85	-298.66
338.85	-352.00
338.85	-369.34
338.85	-259.34
338.85	-202.67
338.85	-230.66
338.86	-228.66
338.86	-240.66
338.86	-264.00
338.86	-252.00
338.86	-169.34
338.86	-254.00
338.86	-306.00
338.86	-320.66
338.87	-317.33
338.87	-314.00
338.87	-324.00
338.87	-287.33
338.87	-238.00
338.87	-228.00
338.87	-369.34
338.87	-398.00
338.87	-324.00
338.88	-257.33
338.88	-377.33
338.88	-305.33
338.88	-221.34
338.88	-336.67
338.88	-233.33
338.88	-253.33
338.88	-296.00
338.89	-276.00
338.89	-368.00
338.89	-444.67
338.89	-257.33
338.89	-226.00
338.89	-195.33
338.89	-208.00
338.89	-270.66
338.90	-258.00
338.90	-158.66
338.90	-194.67
338.90	-238.00
338.90	-328.00
338.90	-370.00
338.90	-295.33
338.90	-279.34
338.90	-287.33
338.91	-287.33
338.91	-300.66
338.91	-280.00
338.91	-293.33
338.91	-296.00
338.91	-384.00
338.91	-334.67
338.91	-201.34
338.92	-196.67
338.92	-218.00
338.92	-180.00
338.92	-184.00
338.92	-267.33
338.92	-178.66
338.92	-190.00
338.92	-260.66
338.92	-280.00
338.93	-309.34
338.93	-278.66
338.93	-294.00
338.93	-319.34
338.93	-351.34
338.93	-328.66
338.93	-244.00
338.93	-346.00
338.94	-418.00
338.94	-350.00
338.94	-300.66
338.94	-234.00
338.94	-258.66
338.94	-312.67
338.94	-332.00
338.94	-340.00
338.95	-329.34
338.95	-398.66
338.95	-464.00
338.95	-448.00
338.95	-434.00
338.95	-418.00
338.95	-334.67
338.95	-302.00
338.95	-294.00
338.96	-317.33
338.96	-232.00
338.96	-341.34
338.96	-347.33
338.96	-382.00
338.96	-274.00
338.96	-329.34
338.96	-223.33
338.97	-182.00
338.97	-235.33
338.97	-308.00
338.97	-254.67
338.97	-263.33
338.97	-307.33
338.97	-266.67
338.97	-206.67
338.97	-318.66
338.98	-333.33
338.98	-276.00
338.98	-260.00
338.98	-400.66
338.98	-313.33
338.98	-276.67
338.98	-234.67
338.98	-244.67
338.99	-306.67
338.99	-342.67
338.99	-324.67
338.99	-332.00
338.99	-409.34
338.99	-376.00
338.99	-322.67
338.99	-380.00
339.00	-417.33
339.00	-379.34
339.00	-337.33
339.00	-350.00
339.00	-320.00
339.00	-308.00
339.00	-326.00
339.00	-401.34
339.00	-350.66
339.01	-344.00
339.01	-284.67
339.01	-299.34
339.01	-290.00
339.01	-332.67
339.01	-308.66
339.01	-327.33
339.01	-342.00
339.02	-308.66
339.02	-298.66
339.02	-280.66
339.02	-260.00
339.02	-277.33
339.02	-355.33
339.02	-272.67
339.02	-183.33
339.03	-278.66
339.03	-285.33
339.03	-315.33
339.03	-259.34
339.03	-314.00
339.03	-246.67
339.03	-242.67
339.03	-232.67
339.03	-207.33
339.04	-290.66
339.04	-342.00
339.04	-346.67
339.04	-290.00
339.04	-313.33
339.04	-331.34
339.04	-301.34
339.04	-316.67
339.05	-312.67
339.05	-332.00
339.05	-282.00
339.05	-221.34
339.05	-268.00
339.05	-228.66
339.05	-236.67
339.05	-356.00
339.05	-411.34
339.06	-389.34
339.06	-428.66
339.06	-382.67
339.06	-317.33
339.06	-332.00
339.06	-334.67
339.06	-268.66
339.06	-376.00
339.07	-415.33
339.07	-230.00
339.07	-285.33
339.07	-330.66
339.07	-298.66
339.07	-304.67
339.07	-434.00
339.07	-373.33
339.08	-289.34
339.08	-299.34
339.08	-246.00
339.08	-196.00
339.08	-318.00
339.08	-321.34
339.08	-306.00
339.08	-338.66
339.08	-430.00
339.09	-274.67
339.09	-326.00
339.09	-383.33
339.09	-310.00
339.09	-228.66
339.09	-274.00
339.09	-248.00
339.09	-214.67
339.10	-143.33
339.10	-280.66
339.10	-326.00
339.10	-330.00
339.10	-307.33
339.10	-176.00
339.10	-191.34
339.10	-171.34
339.10	-362.00
339.11	-295.33
339.11	-276.67
339.11	-154.67
339.11	-208.00
339.11	-203.33
339.11	-318.00
339.11	-263.33
339.11	-214.67
339.12	-324.00
339.12	-294.00
339.12	-264.00
339.12	-291.34
339.12	-298.00
339.12	-423.33
339.12	-450.66
339.12	-417.33
339.13	-303.33
339.13	-280.66
339.13	-299.34
339.13	-385.33
339.13	-230.00
339.13	-237.33
339.13	-215.33
339.13	-158.66
339.13	-206.00
339.14	-285.33
339.14	-278.00
339.14	-331.34
339.14	-331.34
339.14	-326.00
339.14	-297.33
339.14	-312.00
339.14	-399.34
339.15	-318.00
339.15	-277.33
339.15	-318.66
339.15	-266.67
339.15	-384.67
339.15	-339.34
339.15	-220.66
339.15	-294.00
339.15	-308.00
339.16	-219.34
339.16	-302.67
339.16	-314.00
339.16	-302.67
339.16	-293.33
339.16	-316.67
339.16	-382.00
339.16	-380.66
339.17	-318.00
339.17	-330.66
339.17	-330.00
339.17	-318.66
339.17	-393.33
339.17	-352.00
339.17	-282.00
339.17	-309.34
339.18	-360.00
339.18	-272.00
339.18	-217.33
339.18	-306.67
339.18	-274.67
339.18	-235.33
339.18	-284.00
339.18	-333.33
339.18	-284.00
339.19	-288.66
339.19	-257.33
339.19	-248.66
339.19	-402.00
339.19	-236.67
339.19	-229.34
339.19	-285.33
339.19	-326.00
339.20	-312.00
339.20	-314.67
339.20	-298.66
339.20	-301.34
339.20	-298.00
339.20	-241.34
339.20	-252.00
339.20	-62.00
339.21	-261.34
339.21	-197.33
339.21	-162.67
339.21	-158.00
339.21	-178.66
339.21	-168.00
339.21	-275.33
339.21	-320.66
339.21	-304.67
339.22	-160.00
339.22	-108.00
339.22	-222.67
339.22	-250.00
339.22	-278.00
339.22	-326.67
339.22	-324.67
339.22	-375.33
339.23	-478.66
339.23	-406.67
339.23	-302.00
339.23	-246.67
339.23	-312.00
339.23	-244.67
339.23	-300.00
339.23	-310.66
339.23	-240.66
339.24	-322.67
339.24	-350.66
339.24	-336.67
339.24	-270.00
339.24	-228.00
339.24	-287.33
339.24	-274.00
339.24	-244.00
339.25	-215.33
339.25	-206.67
339.25	-198.66
339.25	-338.00
339.25	-326.67
339.25	-291.34
339.25	-320.00
339.25	-312.00
339.26	-257.33
339.26	-299.34
339.26	-263.33
339.26	-264.00
339.26	-357.33
339.26	-384.00
339.26	-308.66
339.26	-270.00
339.26	-308.66
339.27	-248.00
339.27	-183.33
339.27	-271.34
339.27	-270.66
339.27	-300.66
339.27	-289.34
339.27	-290.66
339.27	-345.33
339.28	-326.00
339.28	-403.33
339.28	-386.00
339.28	-440.66
339.28	-372.67
339.28	-370.66
339.28	-245.33
339.28	-237.33
339.28	-306.00
339.29	-321.34
339.29	-356.00
339.29	-426.00
339.29	-438.00
339.29	-363.33
339.29	-341.34
339.29	-205.33
339.29	-178.66
339.30	-308.00
339.30	-235.33
339.30	-272.67
339.30	-214.00
339.30	-270.66
339.30	-298.66
339.30	-327.33
339.30	-342.00
339.31	-282.00
339.31	-236.67
339.31	-318.66
339.31	-338.66
339.31	-228.66
339.31	-200.66
339.31	-184.00
339.31	-128.00
339.31	-154.00
339.32	-222.00
339.32	-234.00
339.32	-268.66
339.32	-288.66
339.32	-189.34
339.32	-215.33
339.32	-208.66
339.32	-211.34
339.33	-268.66
339.33	-400.66
339.33	-402.67
339.33	-336.67
339.33	-278.00
339.33	-268.66
339.33	-304.00
339.33	-314.67
339.34	-430.66
339.34	-255.33
339.34	-160.66
339.34	-306.67
339.34	-448.66
339.34	-346.00
339.34	-338.00
339.34	-373.33
339.34	-326.67
339.35	-306.67
339.35	-296.00
339.35	-331.34
339.35	-228.00
339.35	-240.00
339.35	-258.00
339.35	-285.33
339.35	-302.67
339.36	-334.00
339.36	-274.67
339.36	-328.66
339.36	-286.00
339.36	-253.33
339.36	-254.67
339.36	-336.67
339.36	-299.34
339.36	-226.00
339.37	-188.66
339.37	-287.33
339.37	-352.00
339.37	-317.33
339.37	-374.67
339.37	-317.33
339.37	-332.67
339.37	-377.33
339.38	-317.33
339.38	-242.67
339.38	-289.34
339.38	-198.66
339.38	-190.00
339.38	-328.00
339.38	-307.33
339.38	-273.33
339.39	-234.00
339.39	-367.33
339.39	-322.00
339.39	-281.34
339.39	-300.66
339.39	-302.00
339.39	-340.00
339.39	-323.33
339.39	-267.33
339.40	-200.66
339.40	-238.00
339.40	-166.00
339.40	-206.00
339.40	-301.34
339.40	-213.33
339.40	-208.00
339.40	-208.00
339.41	-302.67
339.41	-355.33
339.41	-214.67
339.41	-302.00
339.41	-355.33
339.41	-384.00
339.41	-323.33
339.41	-242.67
339.41	-191.34
339.42	-181.34
339.42	-104.00
339.42	-120.66
339.42	-138.00
339.42	-234.67
339.42	-196.67
339.42	-224.00
339.42	-324.00
339.43	-282.67
339.43	-278.00
339.43	-367.33
339.43	-369.34
339.43	-271.34
339.43	-344.67
339.43	-372.67
339.43	-256.67
339.44	-250.66
339.44	-396.67
339.44	-258.00
339.44	-268.66
339.44	-154.67
339.44	-188.66
339.44	-326.67
339.44	-333.33
