335.48	-248.66
335.48	-253.33
335.48	-246.00
335.48	-240.00
335.48	-240.00
335.48	-248.00
335.49	-240.66
335.49	-232.67
335.49	-233.33
335.49	-224.67
335.49	-200.00
335.49	-200.66
335.49	-240.00
335.49	-240.00
335.50	-240.00
335.50	-244.00
335.50	-232.00
335.50	-200.00
335.50	-210.66
335.50	-238.00
335.50	-200.66
335.50	-240.00
335.50	-240.00
335.51	-204.00
335.51	-200.00
335.51	-200.00
335.51	-200.00
335.51	-210.66
335.51	-226.00
335.51	-240.00
335.51	-240.00
335.52	-218.00
335.52	-212.67
335.52	-235.33
335.52	-200.00
335.52	-200.00
335.52	-200.00
335.52	-200.00
335.52	-200.00
335.53	-200.00
335.53	-200.00
335.53	-200.00
335.53	-200.00
335.53	-200.00
335.53	-229.34
335.53	-206.00
335.53	-200.00
335.53	-218.66
335.54	-240.00
335.54	-212.00
335.54	-208.66
335.54	-240.00
335.54	-210.00
335.54	-200.00
335.54	-200.00
335.54	-200.00
335.55	-200.00
335.55	-222.67
335.55	-212.00
335.55	-200.00
335.55	-200.00
335.55	-200.00
335.55	-200.00
335.55	-228.66
335.55	-220.00
335.56	-200.00
335.56	-200.00
335.56	-200.00
335.56	-204.67
335.56	-212.00
335.56	-220.66
335.56	-240.66
335.56	-242.67
335.57	-240.00
335.57	-248.66
335.57	-240.66
335.57	-224.00
335.57	-200.00
335.57	-204.00
335.57	-245.33
335.57	-240.00
335.58	-240.00
335.58	-232.00
335.58	-230.00
335.58	-242.67
335.58	-240.00
335.58	-240.00
335.58	-200.00
335.58	-200.00
335.58	-200.00
335.59	-232.67
335.59	-240.00
335.59	-211.34
335.59	-200.00
335.59	-200.00
335.59	-200.00
335.59	-200.00
335.59	-200.00
335.60	-200.00
335.60	-200.00
335.60	-200.00
335.60	-200.00
335.60	-204.67
335.60	-240.00
335.60	-240.00
335.60	-200.66
335.60	-200.00
335.61	-218.66
335.61	-200.00
335.61	-200.00
335.61	-232.67
335.61	-240.00
335.61	-200.66
335.61	-219.34
335.61	-240.00
335.62	-210.66
335.62	-224.00
335.62	-240.00
335.62	-240.00
335.62	-206.67
335.62	-240.00
335.62	-205.33
335.62	-221.34
335.63	-240.00
335.63	-234.67
335.63	-200.00
335.63	-200.00
335.63	-228.00
335.63	-200.00
335.63	-200.00
335.63	-202.00
335.63	-240.00
335.64	-243.33
335.64	-241.34
335.64	-240.00
335.64	-240.00
335.64	-240.00
335.64	-240.00
335.64	-240.00
335.64	-240.00
335.65	-229.34
335.65	-200.00
335.65	-238.00
335.65	-240.00
335.65	-216.67
335.65	-238.66
335.65	-230.00
335.65	-200.00
335.66	-200.00
335.66	-200.00
335.66	-209.34
335.66	-200.00
335.66	-231.34
335.66	-208.66
335.66	-200.00
335.66	-222.67
335.66	-202.67
335.67	-200.00
335.67	-234.67
335.67	-241.34
335.67	-240.00
335.67	-240.00
335.67	-240.00
335.67	-240.00
335.67	-240.00
335.68	-241.34
335.68	-240.00
335.68	-240.00
335.68	-243.33
335.68	-240.00
335.68	-210.00
335.68	-200.00
335.68	-225.33
335.68	-240.00
335.69	-234.00
335.69	-200.00
335.69	-200.00
335.69	-200.00
335.69	-200.00
335.69	-200.00
335.69	-200.00
335.69	-211.34
335.70	-240.00
335.70	-240.00
335.70	-212.00
335.70	-208.66
335.70	-240.00
335.70	-240.00
335.70	-206.67
335.70	-200.00
335.71	-200.00
335.71	-219.34
335.71	-200.00
335.71	-200.00
335.71	-200.00
335.71	-231.34
335.71	-240.00
335.71	-240.00
335.71	-240.66
335.72	-223.33
335.72	-200.00
335.72	-200.00
335.72	-200.00
335.72	-200.00
335.72	-234.67
335.72	-240.00
335.72	-206.67
335.73	-200.00
335.73	-200.00
335.73	-200.00
335.73	-200.00
335.73	-233.33
335.73	-240.00
335.73	-240.00
335.73	-240.00
335.73	-240.00
335.74	-240.00
335.74	-240.00
335.74	-230.66
335.74	-224.00
335.74	-200.00
335.74	-200.00
335.74	-216.67
335.74	-240.00
335.75	-209.34
335.75	-232.00
335.75	-212.00
335.75	-218.00
335.75	-240.00
335.75	-240.00
335.75	-240.00
335.75	-240.00
335.76	-218.00
335.76	-200.00
335.76	-232.67
335.76	-240.00
335.76	-212.00
335.76	-200.00
335.76	-200.00
335.76	-200.00
335.76	-200.00
335.77	-200.00
335.77	-200.00
335.77	-206.67
335.77	-240.00
335.77	-214.00
335.77	-200.00
335.77	-200.00
335.77	-206.00
335.78	-228.00
335.78	-240.00
335.78	-240.00
335.78	-206.67
335.78	-200.00
335.78	-200.00
335.78	-200.00
335.78	-200.00
335.78	-200.00
335.79	-234.00
335.79	-240.00
335.79	-216.67
335.79	-240.00
335.79	-224.00
335.79	-204.67
335.79	-240.00
335.79	-218.00
335.80	-213.33
335.80	-240.66
335.80	-240.00
335.80	-240.00
335.80	-241.34
335.80	-240.00
335.80	-240.00
335.80	-241.34
335.81	-240.00
335.81	-236.67
335.81	-200.00
335.81	-224.67
335.81	-240.00
335.81	-240.00
335.81	-240.00
335.81	-240.00
335.81	-240.00
335.82	-241.34
335.82	-241.34
335.82	-240.00
335.82	-240.00
335.82	-246.00
335.82	-240.00
335.82	-225.33
335.82	-200.00
335.83	-216.00
335.83	-219.34
335.83	-240.00
335.83	-240.00
335.83	-240.00
335.83	-242.00
335.83	-240.00
335.83	-202.67
335.84	-200.00
335.84	-200.00
335.84	-200.00
335.84	-232.00
335.84	-240.00
335.84	-240.00
335.84	-200.66
335.84	-230.66
335.84	-240.00
335.85	-236.67
335.85	-200.00
335.85	-200.00
335.85	-210.00
335.85	-240.00
335.85	-241.34
335.85	-240.00
335.85	-240.00
335.86	-240.00
335.86	-240.00
335.86	-240.00
335.86	-240.00
335.86	-240.00
335.86	-206.00
335.86	-216.67
335.86	-240.00
335.86	-240.00
335.87	-237.33
335.87	-200.00
335.87	-200.00
335.87	-200.00
335.87	-200.00
335.87	-200.00
335.87	-234.67
335.87	-220.66
335.88	-240.00
335.88	-209.34
335.88	-200.00
335.88	-200.00
335.88	-200.00
335.88	-238.66
335.88	-240.00
335.88	-234.67
335.89	-212.00
335.89	-240.00
335.89	-212.00
335.89	-200.00
335.89	-206.00
335.89	-240.00
335.89	-206.67
335.89	-212.67
335.89	-240.00
335.90	-205.33
335.90	-200.00
335.90	-200.00
335.90	-200.00
335.90	-200.00
335.90	-234.00
335.90	-206.67
335.90	-200.00
335.91	-200.00
335.91	-200.00
335.91	-200.00
335.91	-200.00
335.91	-200.00
335.91	-200.00
335.91	-200.00
335.91	-200.00
335.91	-200.00
335.92	-200.00
335.92	-200.00
335.92	-200.00
335.92	-200.00
335.92	-232.67
335.92	-240.00
335.92	-202.00
335.92	-200.00
335.93	-200.00
335.93	-200.00
335.93	-200.00
335.93	-222.67
335.93	-203.33
335.93	-240.00
335.93	-240.00
335.93	-240.00
335.94	-240.00
335.94	-240.00
335.94	-240.00
335.94	-212.67
335.94	-200.00
335.94	-200.66
335.94	-240.00
335.94	-232.67
335.94	-233.33
335.95	-216.67
335.95	-200.00
335.95	-200.00
335.95	-207.33
335.95	-240.00
335.95	-240.00
335.95	-236.67
335.95	-200.00
335.96	-202.00
335.96	-240.00
335.96	-240.00
335.96	-234.67
335.96	-200.00
335.96	-200.00
335.96	-200.00
335.96	-200.00
335.96	-202.00
335.97	-238.66
335.97	-200.00
335.97	-200.00
335.97	-200.00
335.97	-200.00
335.97	-200.00
335.97	-200.00
335.97	-215.33
335.98	-240.00
335.98	-226.67
335.98	-200.00
335.98	-200.00
335.98	-222.00
335.98	-227.33
335.98	-200.00
335.98	-234.00
335.99	-218.66
335.99	-200.00
335.99	-200.00
335.99	-200.00
335.99	-200.00
335.99	-200.00
335.99	-239.34
335.99	-240.00
335.99	-220.66
336.00	-200.00
336.00	-200.00
336.00	-228.00
336.00	-202.67
336.00	-200.00
336.00	-200.00
336.00	-226.00
336.00	-240.00
336.01	-207.33
336.01	-200.00
336.01	-200.00
336.01	-222.67
336.01	-200.00
336.01	-200.00
336.01	-200.00
336.01	-200.00
336.02	-200.00
336.02	-200.00
336.02	-200.00
336.02	-200.00
336.02	-200.00
336.02	-204.67
336.02	-240.00
336.02	-242.00
336.02	-240.00
336.03	-240.00
336.03	-240.00
336.03	-210.66
336.03	-200.00
336.03	-234.00
336.03	-240.00
336.03	-204.67
336.03	-200.00
336.04	-200.00
336.04	-200.00
336.04	-200.00
336.04	-200.00
336.04	-200.00
336.04	-200.00
336.04	-200.00
336.04	-214.00
336.04	-212.67
336.05	-227.33
336.05	-240.00
336.05	-240.00
336.05	-240.00
336.05	-240.66
336.05	-240.66
336.05	-240.00
336.05	-240.00
336.06	-240.00
336.06	-240.00
336.06	-229.34
336.06	-200.00
336.06	-200.00
336.06	-224.00
336.06	-240.00
336.06	-228.00
336.07	-200.00
336.07	-200.00
336.07	-200.00
336.07	-200.00
336.07	-220.66
336.07	-204.67
336.07	-240.00
336.07	-240.00
336.07	-240.00
336.08	-205.33
336.08	-240.00
336.08	-240.66
336.08	-240.00
336.08	-240.00
336.08	-240.00
336.08	-240.00
336.08	-240.00
336.09	-240.00
336.09	-213.33
336.09	-200.00
336.09	-200.00
336.09	-200.00
336.09	-200.00
336.09	-200.00
336.09	-200.00
336.09	-200.00
336.10	-200.00
336.10	-200.00
336.10	-200.00
336.10	-200.00
336.10	-229.34
336.10	-240.00
336.10	-240.00
336.10	-206.00
336.11	-200.00
336.11	-200.00
336.11	-236.00
336.11	-240.00
336.11	-227.33
336.11	-200.00
336.11	-200.00
336.11	-200.00
336.12	-230.00
336.12	-240.00
336.12	-228.66
336.12	-200.00
336.12	-200.00
336.12	-218.66
336.12	-200.00
336.12	-200.00
336.12	-200.00
336.13	-200.00
336.13	-200.00
336.13	-200.00
336.13	-205.33
336.13	-240.00
336.13	-240.00
336.13	-240.00
336.13	-233.33
336.14	-200.00
336.14	-200.00
336.14	-200.00
336.14	-200.00
336.14	-200.00
336.14	-200.00
336.14	-200.00
336.14	-200.00
336.15	-200.00
336.15	-200.00
336.15	-224.00
336.15	-240.00
336.15	-204.67
336.15	-200.00
336.15	-200.00
336.15	-200.00
336.15	-200.00
336.16	-200.00
336.16	-200.00
336.16	-229.34
336.16	-240.00
336.16	-240.00
336.16	-210.00
336.16	-200.00
336.16	-200.00
336.17	-200.00
336.17	-212.00
336.17	-240.00
336.17	-240.66
336.17	-225.33
336.17	-231.34
336.17	-206.00
336.17	-200.00
336.17	-200.00
336.18	-200.00
336.18	-200.00
336.18	-200.00
336.18	-207.33
336.18	-240.00
336.18	-240.00
336.18	-240.00
336.18	-240.00
336.19	-235.33
336.19	-200.00
336.19	-200.00
336.19	-200.00
336.19	-235.33
336.19	-240.00
336.19	-240.00
336.19	-240.00
336.20	-240.00
336.20	-230.66
336.20	-200.00
336.20	-200.00
336.20	-200.00
336.20	-200.00
336.20	-200.00
336.20	-200.00
336.20	-200.00
336.21	-214.00
336.21	-240.00
336.21	-240.00
336.21	-202.67
336.21	-200.00
336.21	-200.00
336.21	-200.00
336.21	-200.00
336.22	-200.00
336.22	-200.00
336.22	-200.00
336.22	-200.00
336.22	-200.00
336.22	-200.00
336.22	-200.00
336.22	-200.00
336.22	-200.00
336.23	-200.00
336.23	-214.00
336.23	-240.00
336.23	-240.00
336.23	-240.00
336.23	-240.00
336.23	-240.00
336.23	-240.00
336.24	-240.00
336.24	-240.00
336.24	-240.00
336.24	-240.00
336.24	-240.00
336.24	-240.00
336.24	-240.00
336.24	-240.00
336.25	-240.00
336.25	-240.00
336.25	-240.00
336.25	-240.00
336.25	-240.00
336.25	-240.00
336.25	-240.00
336.25	-240.00
336.25	-240.00
336.26	-240.00
336.26	-227.33
336.26	-200.00
336.26	-200.00
336.26	-201.34
336.26	-240.00
336.26	-211.34
336.26	-204.67
336.27	-240.00
336.27	-210.00
336.27	-210.00
336.27	-240.00
336.27	-211.34
336.27	-200.00
336.27	-229.34
336.27	-240.00
336.27	-212.00
336.28	-200.00
336.28	-200.00
336.28	-200.00
336.28	-200.00
336.28	-236.00
336.28	-210.66
336.28	-200.00
336.28	-232.00
336.29	-240.00
336.29	-238.00
336.29	-219.34
336.29	-227.33
336.29	-200.00
336.29	-200.00
336.29	-200.00
336.29	-200.00
336.30	-200.00
336.30	-217.33
336.30	-240.00
336.30	-213.33
336.30	-228.66
336.30	-240.00
336.30	-240.00
336.30	-240.00
336.30	-224.67
336.31	-200.00
336.31	-200.00
336.31	-200.00
336.31	-200.00
336.31	-200.00
336.31	-200.00
336.31	-200.00
336.31	-200.00
336.32	-234.00
336.32	-240.00
336.32	-211.34
336.32	-200.00
336.32	-200.00
336.32	-200.00
336.32	-200.00
336.32	-200.00
336.33	-200.00
336.33	-200.00
336.33	-231.34
336.33	-240.00
336.33	-240.00
336.33	-240.00
336.33	-240.00
336.33	-205.33
336.33	-200.00
336.34	-200.00
336.34	-200.00
336.34	-224.67
336.34	-240.00
336.34	-217.33
336.34	-200.00
336.34	-200.00
336.34	-200.00
336.35	-200.00
336.35	-200.00
336.35	-200.00
336.35	-216.00
336.35	-240.00
336.35	-240.66
336.35	-240.66
336.35	-240.00
336.35	-240.00
336.36	-237.33
336.36	-200.00
336.36	-200.00
336.36	-200.00
336.36	-200.00
336.36	-200.00
336.36	-200.00
336.36	-200.00
336.37	-200.00
336.37	-233.33
336.37	-240.00
336.37	-240.00
336.37	-240.00
336.37	-221.34
336.37	-200.00
336.37	-230.66
336.38	-240.00
336.38	-205.33
336.38	-200.00
336.38	-201.34
336.38	-227.33
336.38	-208.00
336.38	-200.00
336.38	-200.00
336.38	-200.00
336.39	-200.00
336.39	-200.00
336.39	-200.00
336.39	-200.00
336.39	-200.00
336.39	-231.34
336.39	-240.00
336.39	-240.00
336.40	-240.00
336.40	-209.34
336.40	-200.00
336.40	-200.00
336.40	-200.00
336.40	-200.00
336.40	-200.00
336.40	-200.00
336.40	-216.67
336.41	-240.00
336.41	-240.00
336.41	-240.00
336.41	-240.66
336.41	-240.00
336.41	-215.33
336.41	-231.34
336.41	-240.00
336.42	-207.33
336.42	-200.00
336.42	-200.00
336.42	-200.00
336.42	-237.33
336.42	-240.00
336.42	-227.33
336.42	-200.00
336.43	-200.00
336.43	-200.00
336.43	-200.00
336.43	-227.33
336.43	-234.67
336.43	-200.00
336.43	-223.33
336.43	-203.33
336.43	-200.00
336.44	-218.66
336.44	-240.00
336.44	-211.34
336.44	-200.00
336.44	-200.00
336.44	-200.00
336.44	-200.00
336.44	-227.33
336.45	-240.00
336.45	-225.33
336.45	-200.00
336.45	-200.00
336.45	-200.00
336.45	-200.00
336.45	-200.00
336.45	-200.00
336.46	-200.00
336.46	-216.00
336.46	-240.00
336.46	-202.00
336.46	-200.00
336.46	-200.00
336.46	-200.00
336.46	-200.00
336.46	-200.00
336.47	-200.00
336.47	-200.00
336.47	-200.00
336.47	-200.00
336.47	-200.00
336.47	-211.34
336.47	-240.00
336.47	-200.66
336.48	-200.00
336.48	-200.00
336.48	-200.00
336.48	-200.00
336.48	-200.00
336.48	-200.00
336.48	-200.00
336.48	-215.33
336.48	-240.00
336.49	-212.00
336.49	-200.00
336.49	-200.00
336.49	-200.00
336.49	-200.00
336.49	-200.00
336.49	-200.00
336.49	-200.00
336.50	-200.00
336.50	-200.00
336.50	-237.33
336.50	-240.00
336.50	-240.00
336.50	-219.34
336.50	-240.00
336.50	-240.00
336.51	-209.34
336.51	-200.00
336.51	-200.00
336.51	-200.00
336.51	-200.00
336.51	-200.00
336.51	-200.00
336.51	-200.00
336.51	-200.00
336.52	-200.00
336.52	-200.00
336.52	-238.00
336.52	-240.00
336.52	-223.33
336.52	-240.00
336.52	-240.00
336.52	-240.00
336.53	-202.00
336.53	-200.00
336.53	-200.00
336.53	-200.00
336.53	-200.00
336.53	-200.00
336.53	-200.00
336.53	-200.00
336.53	-238.66
336.54	-215.33
336.54	-200.00
336.54	-200.00
336.54	-200.00
336.54	-200.00
336.54	-230.66
336.54	-240.00
336.54	-240.00
336.55	-240.00
336.55	-240.00
336.55	-235.33
336.55	-200.00
336.55	-200.00
336.55	-200.00
336.55	-200.00
336.55	-200.00
336.56	-200.00
336.56	-200.00
336.56	-200.00
336.56	-200.00
336.56	-201.34
336.56	-219.34
336.56	-209.34
336.56	-240.00
336.56	-240.00
336.57	-240.00
336.57	-240.00
336.57	-212.67
336.57	-200.00
336.57	-200.00
336.57	-200.00
336.57	-200.00
336.57	-200.00
336.58	-200.00
336.58	-200.00
336.58	-200.00
336.58	-200.00
336.58	-200.00
336.58	-200.00
336.58	-200.00
336.58	-200.00
336.58	-200.00
336.59	-200.00
336.59	-228.00
336.59	-200.00
336.59	-200.00
336.59	-200.00
336.59	-200.00
336.59	-200.00
336.59	-200.00
336.60	-200.00
336.60	-228.66
336.60	-203.33
336.60	-200.00
336.60	-200.00
336.60	-223.33
336.60	-240.00
336.60	-240.00
336.61	-220.00
336.61	-200.00
336.61	-200.00
336.61	-200.00
336.61	-200.00
336.61	-200.00
336.61	-215.33
336.61	-240.00
336.61	-240.00
336.62	-202.67
336.62	-200.00
336.62	-200.00
336.62	-200.00
336.62	-200.00
336.62	-200.00
336.62	-200.00
336.62	-200.00
336.63	-200.00
336.63	-200.00
336.63	-219.34
336.63	-240.00
336.63	-203.33
336.63	-200.00
336.63	-200.00
336.63	-208.00
336.64	-240.00
336.64	-240.00
336.64	-204.67
336.64	-200.00
336.64	-200.00
336.64	-200.00
336.64	-200.00
336.64	-200.00
336.64	-200.00
336.65	-236.67
336.65	-240.00
336.65	-240.00
336.65	-240.00
336.65	-208.00
336.65	-204.00
336.65	-240.00
336.65	-240.00
336.66	-240.00
336.66	-229.34
336.66	-200.00
336.66	-200.00
336.66	-200.00
336.66	-200.00
336.66	-200.00
336.66	-200.00
336.66	-200.00
336.67	-209.34
336.67	-240.00
336.67	-203.33
336.67	-200.00
336.67	-200.00
336.67	-200.00
336.67	-200.00
336.67	-200.00
336.68	-202.00
336.68	-226.00
336.68	-200.00
336.68	-200.00
336.68	-200.00
336.68	-200.00
336.68	-200.00
336.68	-200.00
336.69	-200.00
336.69	-200.00
336.69	-200.00
336.69	-203.33
336.69	-240.00
336.69	-240.00
336.69	-226.00
336.69	-200.00
336.69	-200.00
336.70	-200.00
336.70	-200.00
336.70	-200.00
336.70	-200.00
336.70	-200.00
336.70	-200.00
336.70	-200.00
336.70	-200.00
336.71	-200.00
336.71	-200.00
336.71	-200.00
336.71	-200.00
336.71	-200.00
336.71	-200.00
336.71	-200.00
336.71	-200.00
336.71	-200.00
336.72	-200.00
336.72	-200.00
336.72	-200.00
336.72	-200.00
336.72	-200.00
336.72	-200.00
336.72	-200.00
336.72	-200.00
336.73	-200.00
336.73	-200.00
336.73	-200.00
336.73	-200.00
336.73	-226.67
336.73	-240.00
336.73	-236.00
336.73	-200.00
336.74	-200.00
336.74	-200.00
336.74	-200.00
336.74	-200.00
336.74	-200.00
336.74	-200.00
336.74	-200.00
336.74	-200.00
336.74	-200.00
336.75	-200.00
336.75	-200.00
336.75	-200.00
336.75	-200.00
336.75	-200.00
336.75	-200.00
336.75	-200.00
336.75	-200.00
336.76	-200.00
336.76	-210.66
336.76	-212.67
336.76	-200.00
336.76	-223.33
336.76	-200.00
336.76	-200.00
336.76	-220.66
336.76	-236.00
336.77	-200.00
336.77	-200.00
336.77	-200.00
336.77	-200.00
336.77	-200.00
336.77	-200.00
336.77	-200.00
336.77	-200.00
336.78	-200.00
336.78	-200.00
336.78	-200.00
336.78	-200.00
336.78	-232.67
336.78	-219.34
336.78	-200.00
336.78	-200.00
336.79	-200.00
336.79	-200.00
336.79	-200.00
336.79	-200.00
336.79	-200.00
336.79	-200.00
336.79	-200.00
336.79	-200.00
336.79	-230.66
336.80	-200.00
336.80	-200.00
336.80	-200.00
336.80	-200.00
336.80	-210.66
336.80	-220.00
336.80	-200.00
336.80	-200.00
336.81	-200.00
336.81	-200.00
336.81	-200.00
336.81	-200.00
336.81	-200.00
336.81	-200.00
336.81	-200.00
336.81	-200.00
336.82	-200.00
336.82	-237.33
336.82	-205.33
336.82	-200.00
336.82	-200.00
336.82	-200.00
336.82	-200.00
336.82	-200.00
336.82	-200.00
336.83	-200.00
336.83	-200.00
336.83	-200.00
336.83	-200.00
336.83	-200.00
336.83	-200.00
336.83	-200.00
336.83	-200.00
336.84	-200.00
336.84	-200.00
336.84	-200.00
336.84	-208.66
336.84	-240.00
336.84	-202.67
336.84	-200.00
336.84	-200.00
336.84	-200.00
336.85	-204.67
336.85	-240.00
336.85	-202.00
336.85	-200.00
336.85	-200.00
336.85	-200.00
336.85	-200.00
336.85	-200.00
336.86	-200.00
336.86	-200.00
336.86	-222.67
336.86	-200.66
336.86	-200.00
336.86	-200.00
336.86	-200.00
336.86	-200.00
336.87	-200.00
336.87	-200.00
336.87	-200.00
336.87	-200.00
336.87	-200.00
336.87	-200.00
336.87	-200.00
336.87	-200.00
336.87	-200.00
336.88	-200.00
336.88	-200.00
336.88	-200.00
336.88	-200.00
336.88	-200.00
336.88	-200.00
336.88	-200.00
336.88	-200.00
336.89	-200.00
336.89	-200.00
336.89	-200.00
336.89	-226.00
336.89	-200.00
336.89	-200.00
336.89	-200.00
336.89	-200.00
336.89	-200.00
336.90	-200.00
336.90	-200.00
336.90	-200.00
336.90	-200.00
336.90	-200.00
336.90	-200.00
336.90	-200.00
336.90	-200.00
336.91	-200.00
336.91	-200.00
336.91	-200.00
336.91	-200.00
336.91	-200.00
336.91	-200.00
336.91	-200.00
336.91	-200.00
336.92	-200.00
336.92	-200.00
336.92	-200.00
336.92	-200.00
336.92	-200.00
336.92	-200.00
336.92	-200.00
336.92	-216.67
336.92	-201.34
336.93	-200.00
336.93	-200.00
336.93	-200.00
336.93	-200.00
336.93	-200.00
336.93	-200.00
336.93	-200.00
336.93	-200.00
336.94	-200.00
336.94	-200.00
336.94	-200.00
336.94	-200.00
336.94	-200.00
336.94	-200.00
336.94	-200.00
336.94	-200.00
336.95	-200.00
336.95	-228.66
336.95	-206.67
336.95	-200.00
336.95	-200.00
336.95	-200.00
336.95	-200.00
336.95	-200.00
336.95	-200.00
336.96	-200.00
336.96	-200.00
336.96	-200.00
336.96	-200.00
336.96	-200.00
336.96	-200.00
336.96	-200.00
336.96	-200.00
336.97	-200.00
336.97	-200.00
336.97	-200.00
336.97	-200.00
336.97	-200.00
336.97	-200.00
336.97	-200.00
336.97	-200.00
336.97	-200.00
336.98	-200.00
336.98	-200.00
336.98	-200.00
336.98	-200.00
336.98	-199.34
336.98	-201.34
336.98	-200.00
336.98	-200.00
336.99	-199.34
336.99	-200.00
336.99	-200.00
336.99	-200.00
336.99	-200.00
336.99	-200.00
336.99	-200.00
336.99	-200.00
337.00	-200.00
337.00	-200.00
337.00	-200.00
337.00	-200.00
337.00	-200.00
337.00	-200.00
337.00	-200.00
337.00	-200.00
337.00	-202.00
337.01	-221.34
337.01	-200.00
337.01	-200.00
337.01	-200.00
337.01	-200.00
337.01	-200.00
337.01	-200.00
337.01	-200.00
337.02	-200.00
337.02	-200.00
337.02	-200.00
337.02	-200.00
337.02	-200.00
337.02	-200.00
337.02	-200.00
337.02	-200.00
337.02	-200.00
337.03	-200.00
337.03	-200.00
337.03	-200.00
337.03	-200.00
337.03	-200.00
337.03	-200.00
337.03	-200.00
337.03	-200.00
337.04	-200.00
337.04	-200.00
337.04	-200.00
337.04	-200.00
337.04	-200.00
337.04	-200.00
337.04	-200.00
337.04	-200.00
337.05	-200.00
337.05	-200.00
337.05	-200.00
337.05	-200.00
337.05	-200.00
337.05	-200.00
337.05	-200.00
337.05	-200.00
337.05	-200.00
337.06	-200.00
337.06	-200.00
337.06	-200.00
337.06	-200.00
337.06	-200.00
337.06	-200.00
337.06	-200.00
337.06	-200.00
337.07	-200.00
337.07	-200.00
337.07	-200.00
337.07	-200.00
337.07	-200.00
337.07	-200.00
337.07	-200.00
337.07	-200.00
337.07	-200.00
337.08	-200.00
337.08	-200.00
337.08	-200.00
337.08	-200.00
337.08	-200.00
337.08	-200.00
337.08	-200.00
337.08	-200.00
337.09	-200.00
337.09	-200.00
337.09	-200.00
337.09	-200.00
337.09	-200.00
337.09	-200.00
337.09	-200.00
337.09	-200.66
337.10	-200.00
337.10	-200.00
337.10	-200.00
337.10	-200.00
337.10	-200.00
337.10	-200.00
337.10	-200.00
337.10	-200.00
337.10	-199.34
337.11	-200.00
337.11	-200.00
337.11	-200.00
337.11	-200.00
337.11	-200.00
337.11	-200.00
337.11	-200.00
337.11	-200.00
337.12	-200.00
337.12	-200.00
337.12	-200.00
337.12	-199.34
337.12	-200.00
337.12	-200.00
337.12	-200.00
337.12	-200.00
337.13	-200.00
337.13	-200.00
337.13	-200.00
337.13	-199.34
337.13	-200.00
337.13	-200.00
337.13	-200.00
337.13	-200.00
337.13	-200.00
337.14	-200.00
337.14	-200.00
337.14	-200.00
337.14	-200.00
337.14	-200.00
337.14	-200.00
337.14	-200.00
337.14	-200.00
337.15	-200.00
337.15	-200.00
337.15	-200.00
337.15	-199.34
337.15	-200.00
337.15	-200.00
337.15	-200.00
337.15	-200.00
337.15	-200.00
337.16	-200.00
337.16	-200.00
337.16	-200.00
337.16	-200.00
337.16	-199.34
337.16	-200.00
337.16	-200.00
337.16	-200.00
337.17	-200.00
337.17	-200.00
337.17	-199.34
337.17	-200.00
337.17	-200.00
337.17	-200.00
337.17	-200.00
337.17	-200.00
337.18	-200.00
337.18	-200.00
337.18	-199.34
337.18	-200.00
337.18	-200.00
337.18	-200.00
337.18	-200.00
337.18	-200.00
337.18	-200.00
337.19	-200.00
337.19	-200.00
337.19	-200.00
337.19	-200.66
337.19	-200.00
337.19	-200.00
337.19	-200.00
337.19	-200.00
337.20	-200.00
337.20	-200.00
337.20	-200.00
337.20	-200.00
337.20	-200.00
337.20	-200.00
337.20	-200.00
337.20	-200.00
337.20	-200.00
337.21	-200.00
337.21	-200.00
337.21	-200.00
337.21	-200.00
337.21	-200.00
337.21	-200.00
337.21	-200.00
337.21	-200.00
337.22	-200.00
337.22	-200.00
337.22	-200.00
337.22	-200.00
337.22	-200.00
337.22	-200.00
337.22	-200.00
337.22	-200.00
337.23	-200.00
337.23	-200.00
337.23	-200.00
337.23	-200.00
337.23	-200.00
337.23	-200.00
337.23	-200.00
337.23	-200.00
337.23	-200.00
337.24	-200.00
337.24	-200.00
337.24	-200.00
337.24	-200.00
337.24	-200.00
337.24	-200.00
337.24	-200.00
337.24	-200.00
337.25	-200.00
337.25	-200.00
337.25	-200.00
337.25	-200.00
337.25	-200.00
337.25	-200.00
337.25	-200.00
337.25	-200.00
337.26	-200.00
337.26	-200.00
337.26	-200.00
337.26	-200.00
337.26	-197.33
337.26	-200.00
337.26	-200.00
337.26	-200.00
337.26	-200.00
337.27	-200.00
337.27	-189.34
337.27	-200.00
337.27	-197.33
337.27	-160.00
337.27	-165.33
337.27	-194.67
337.27	-200.00
337.28	-200.00
337.28	-200.00
337.28	-200.00
337.28	-200.00
337.28	-200.00
337.28	-200.00
337.28	-189.34
337.28	-190.00
337.28	-200.00
337.29	-174.67
337.29	-160.00
337.29	-160.00
337.29	-160.00
337.29	-189.34
337.29	-200.00
337.29	-166.00
337.29	-183.33
337.30	-160.00
337.30	-175.33
337.30	-160.00
337.30	-160.00
337.30	-160.00
337.30	-160.00
337.30	-160.00
337.30	-184.00
337.31	-161.34
337.31	-160.00
337.31	-160.00
337.31	-160.00
337.31	-160.00
337.31	-191.34
337.31	-200.00
337.31	-178.66
337.31	-160.00
337.32	-194.00
337.32	-199.34
337.32	-160.00
337.32	-160.00
337.32	-160.00
337.32	-160.00
337.32	-160.00
337.32	-160.00
337.33	-160.00
337.33	-160.00
337.33	-160.00
337.33	-160.00
337.33	-160.00
337.33	-160.00
337.33	-160.00
337.33	-160.00
337.33	-160.00
337.34	-160.00
337.34	-160.00
337.34	-160.00
337.34	-160.00
337.34	-160.00
337.34	-160.00
337.34	-160.00
337.34	-160.00
337.35	-160.00
337.35	-160.00
337.35	-138.66
337.35	-120.00
337.35	-151.34
337.35	-160.00
337.35	-145.33
337.35	-142.67
337.36	-160.00
337.36	-160.00
337.36	-160.00
337.36	-156.67
337.36	-120.00
337.36	-150.00
337.36	-160.00
337.36	-126.67
337.36	-120.00
337.37	-120.00
337.37	-120.00
337.37	-120.00
337.37	-120.00
337.37	-120.00
337.37	-120.00
337.37	-156.00
337.37	-160.00
337.38	-160.00
337.38	-122.00
337.38	-120.00
337.38	-120.00
337.38	-120.00
337.38	-120.00
337.38	-120.00
337.38	-120.00
337.38	-120.00
337.39	-120.00
337.39	-120.00
337.39	-120.00
337.39	-120.00
337.39	-120.00
337.39	-120.00
337.39	-120.00
337.39	-120.00
337.40	-120.00
337.40	-120.00
337.40	-120.00
337.40	-120.00
337.40	-120.00
337.40	-120.00
337.40	-120.00
337.40	-120.00
337.41	-120.00
337.41	-120.00
337.41	-120.00
337.41	-120.00
337.41	-120.00
337.41	-120.00
337.41	-120.00
337.41	-120.00
337.41	-120.00
337.42	-120.00
337.42	-119.34
337.42	-120.00
337.42	-120.00
337.42	-120.00
337.42	-113.33
337.42	-115.33
337.42	-117.33
337.43	-111.34
337.43	-119.34
337.43	-114.67
337.43	-119.34
337.43	-119.34
337.43	-115.33
337.43	-109.34
337.43	-103.33
337.44	-118.66
337.44	-115.33
337.44	-104.00
337.44	-110.00
337.44	-106.67
337.44	-101.34
337.44	-100.00
337.44	-99.34
337.44	-92.67
337.45	-96.00
337.45	-97.33
337.45	-112.00
337.45	-112.67
337.45	-110.00
337.45	-100.00
337.45	-96.00
337.45	-90.00
337.46	-81.34
337.46	-80.00
337.46	-80.00
337.46	-86.00
337.46	-88.00
337.46	-92.00
337.46	-93.33
337.46	-100.66
337.46	-99.34
337.47	-90.66
337.47	-92.00
337.47	-84.00
337.47	-80.00
337.47	-80.00
337.47	-80.00
337.47	-80.00
337.47	-80.00
337.48	-80.00
337.48	-51.34
337.48	-40.00
337.48	-74.67
337.48	-80.00
337.48	-80.00
337.48	-80.00
337.48	-80.00
337.49	-80.00
337.49	-80.00
337.49	-53.33
337.49	-80.00
337.49	-80.00
337.49	-80.00
337.49	-44.00
337.49	-40.00
337.49	-40.00
337.50	-40.00
337.50	-40.00
337.50	-40.00
337.50	-40.00
337.50	-40.00
337.50	-40.00
337.50	-40.00
337.50	-40.00
337.51	-40.00
337.51	-40.00
337.51	-40.00
337.51	-40.00
337.51	-40.00
337.51	-40.00
337.51	-40.00
337.51	-40.00
337.51	-40.00
337.52	-40.00
337.52	-40.00
337.52	-40.00
337.52	-40.00
337.52	-40.00
337.52	-40.00
337.52	-40.00
337.52	-40.00
337.53	-40.00
337.53	-40.00
337.53	-40.00
337.53	-40.00
337.53	-40.00
337.53	-40.00
337.53	-40.00
337.53	-18.00
337.54	0.00
337.54	0.00
337.54	0.00
337.54	0.00
337.54	0.00
337.54	0.00
337.54	0.00
337.54	0.00
337.54	0.00
337.55	0.00
337.55	1.33
337.55	29.33
337.55	16.00
337.55	21.33
337.55	10.00
337.55	6.67
337.55	22.67
337.56	2.00
337.56	33.33
337.56	40.00
337.56	40.00
337.56	40.00
337.56	39.33
337.56	40.00
337.56	40.00
337.56	40.00
337.57	40.00
337.57	46.67
337.57	42.67
337.57	62.67
337.57	48.00
337.57	44.67
337.57	65.33
337.57	58.67
337.58	44.00
337.58	43.33
337.58	77.33
337.58	78.67
337.58	79.33
337.58	80.00
337.58	80.00
337.58	80.00
337.59	79.33
337.59	78.67
337.59	80.00
337.59	80.67
337.59	100.00
337.59	86.00
337.59	113.33
337.59	114.67
337.59	90.67
337.60	118.00
337.60	120.00
337.60	120.00
337.60	120.00
337.60	120.00
337.60	120.00
337.60	120.00
337.60	120.00
337.61	120.00
337.61	120.00
337.61	120.00
337.61	120.00
337.61	120.00
337.61	120.00
337.61	120.67
337.61	153.33
337.62	155.33
337.62	160.00
337.62	160.00
337.62	160.00
337.62	160.00
337.62	187.33
337.62	179.33
337.62	198.67
337.62	199.33
337.63	200.00
337.63	200.00
337.63	200.00
337.63	200.00
337.63	200.00
337.63	200.00
337.63	201.33
337.63	208.00
337.64	221.33
337.64	237.33
337.64	240.00
337.64	240.00
337.64	240.00
337.64	278.00
337.64	278.00
337.64	279.33
337.64	280.00
337.65	280.00
337.65	280.00
337.65	280.00
337.65	280.00
337.65	280.00
337.65	283.33
337.65	298.67
337.65	299.33
337.66	297.33
337.66	302.00
337.66	303.33
337.66	313.33
337.66	320.67
337.66	320.67
337.66	332.00
337.66	355.33
337.67	357.33
337.67	360.00
337.67	360.00
337.67	360.00
337.67	360.00
337.67	360.00
337.67	385.33
337.67	398.00
337.67	398.00
337.68	400.00
337.68	400.67
337.68	400.00
337.68	418.00
337.68	439.33
337.68	435.33
337.68	440.00
337.68	440.00
337.69	440.00
337.69	451.33
337.69	480.00
337.69	480.00
337.69	480.00
337.69	480.00
337.69	492.00
337.69	520.00
337.69	520.00
337.70	520.00
337.70	520.00
337.70	524.00
337.70	533.33
337.70	542.00
337.70	556.67
337.70	583.33
337.70	563.33
337.71	598.00
337.71	600.00
337.71	600.00
337.71	600.00
337.71	604.00
337.71	640.00
337.71	640.00
337.71	640.00
337.72	660.00
337.72	680.00
337.72	680.00
337.72	681.33
337.72	682.67
337.72	686.67
337.72	716.67
337.72	720.00
337.72	748.00
337.73	760.00
337.73	760.00
337.73	760.00
337.73	764.00
337.73	796.00
337.73	823.33
337.73	830.67
337.73	825.33
337.74	840.00
337.74	840.00
337.74	863.33
337.74	878.00
337.74	876.00
337.74	880.00
337.74	918.67
337.74	920.00
337.75	933.33
337.75	950.67
337.75	948.67
337.75	974.00
337.75	999.33
337.75	1000.00
337.75	1006.67
337.75	1017.33
337.75	1042.00
337.76	1040.00
337.76	1069.33
337.76	1080.00
337.76	1080.00
337.76	1109.33
337.76	1120.00
337.76	1137.33
337.76	1160.00
337.77	1171.33
337.77	1199.33
337.77	1200.00
337.77	1228.00
337.77	1240.00
337.77	1240.00
337.77	1241.33
337.77	1266.00
337.77	1280.00
337.78	1292.67
337.78	1320.00
337.78	1320.00
337.78	1326.00
337.78	1356.67
337.78	1391.33
337.78	1400.00
337.78	1402.67
337.79	1440.00
337.79	1440.00
337.79	1447.33
337.79	1477.33
337.79	1482.00
337.79	1503.33
337.79	1522.00
337.79	1545.33
337.80	1560.00
337.80	1585.33
337.80	1600.00
337.80	1614.67
337.80	1640.00
337.80	1640.00
337.80	1646.67
337.80	1689.33
337.80	1720.00
337.81	1720.00
337.81	1720.00
337.81	1720.00
337.81	1740.67
337.81	1762.00
337.81	1794.00
337.81	1801.33
337.81	1830.00
337.82	1840.00
337.82	1878.67
337.82	1880.00
337.82	1880.00
337.82	1909.33
337.82	1920.00
337.82	1920.00
337.82	1950.00
337.82	1960.00
337.83	1960.00
337.83	1967.33
337.83	1996.00
337.83	1999.33
337.83	2031.33
337.83	2040.00
337.83	2040.00
337.83	2040.00
337.84	2053.33
337.84	2072.00
337.84	2081.33
337.84	2118.00
337.84	2118.67
337.84	2118.00
337.84	2120.00
337.84	2120.00
337.85	2120.00
337.85	2126.67
337.85	2131.33
337.85	2153.33
337.85	2140.67
337.85	2153.33
337.85	2160.00
337.85	2160.00
337.85	2158.00
337.86	2157.33
337.86	2136.00
337.86	2128.67
337.86	2122.00
337.86	2120.00
337.86	2120.00
337.86	2120.00
337.86	2120.00
337.87	2084.67
337.87	2092.67
337.87	2090.67
337.87	2074.00
337.87	2070.00
337.87	2040.00
337.87	2040.00
337.87	2018.67
337.87	1989.33
337.88	1965.33
337.88	1960.00
337.88	1941.33
337.88	1917.33
337.88	1872.00
337.88	1840.00
337.88	1821.33
337.88	1774.67
337.89	1742.00
337.89	1716.67
337.89	1676.00
337.89	1644.00
337.89	1606.67
337.89	1570.67
337.89	1555.33
337.89	1494.00
337.90	1472.00
337.90	1414.67
337.90	1356.67
337.90	1320.67
337.90	1287.33
337.90	1239.33
337.90	1193.33
337.90	1130.00
337.90	1079.33
337.91	1022.67
337.91	942.67
337.91	918.00
337.91	852.67
337.91	773.33
337.91	743.33
337.91	670.00
337.91	602.00
337.92	555.33
337.92	481.33
337.92	432.00
337.92	360.00
337.92	280.00
337.92	236.67
337.92	161.33
337.92	92.67
337.93	56.67
337.93	-24.00
337.93	-110.00
337.93	-158.00
337.93	-240.66
337.93	-296.67
337.93	-374.00
337.93	-448.66
337.93	-498.66
337.94	-570.66
337.94	-620.66
337.94	-659.34
337.94	-745.33
337.94	-814.67
337.94	-875.33
337.94	-975.33
337.94	-1019.34
337.95	-1079.34
337.95	-1157.33
337.95	-1202.00
337.95	-1266.00
337.95	-1332.67
337.95	-1391.34
337.95	-1448.00
337.95	-1480.00
337.95	-1523.33
337.96	-1592.00
337.96	-1632.67
337.96	-1671.34
337.96	-1724.67
337.96	-1774.67
337.96	-1831.34
337.96	-1865.33
337.96	-1894.67
337.97	-1947.33
337.97	-1997.33
337.97	-2034.67
337.97	-2082.00
337.97	-2120.66
337.97	-2134.67
337.97	-2181.34
337.97	-2201.34
337.98	-2255.33
337.98	-2277.33
337.98	-2280.00
337.98	-2327.33
337.98	-2344.00
337.98	-2360.66
337.98	-2384.00
337.98	-2400.00
337.98	-2434.67
337.99	-2440.00
337.99	-2440.00
337.99	-2448.00
337.99	-2494.67
337.99	-2510.00
337.99	-2519.34
337.99	-2521.34
337.99	-2520.00
338.00	-2526.00
338.00	-2560.00
338.00	-2566.00
338.00	-2561.34
338.00	-2576.00
338.00	-2574.67
338.00	-2598.00
338.00	-2600.00
338.00	-2577.33
338.01	-2562.67
338.01	-2560.00
338.01	-2560.00
338.01	-2566.67
338.01	-2591.34
338.01	-2561.34
338.01	-2560.00
338.01	-2560.00
338.02	-2560.00
338.02	-2560.00
338.02	-2560.00
338.02	-2543.33
338.02	-2520.00
338.02	-2520.00
338.02	-2510.66
338.02	-2504.00
338.03	-2495.33
338.03	-2480.00
338.03	-2445.33
338.03	-2440.00
338.03	-2440.00
338.03	-2440.00
338.03	-2440.00
338.03	-2413.33
338.03	-2395.33
338.04	-2363.33
338.04	-2359.34
338.04	-2359.34
338.04	-2340.66
338.04	-2320.00
338.04	-2318.00
338.04	-2280.00
338.04	-2268.66
338.05	-2260.00
338.05	-2246.00
338.05	-2240.00
338.05	-2226.00
338.05	-2196.67
338.05	-2182.67
338.05	-2168.66
338.05	-2160.00
338.05	-2122.67
338.06	-2120.00
338.06	-2110.00
338.06	-2080.00
338.06	-2080.00
338.06	-2042.00
338.06	-2036.00
338.06	-2020.00
338.06	-2011.34
338.07	-1997.33
338.07	-1960.00
338.07	-1960.00
338.07	-1960.00
338.07	-1920.66
338.07	-1907.33
338.07	-1880.00
338.07	-1876.67
338.08	-1859.34
338.08	-1846.00
338.08	-1840.00
338.08	-1800.00
338.08	-1800.00
338.08	-1799.34
338.08	-1792.67
338.08	-1760.00
338.08	-1732.00
338.09	-1720.00
338.09	-1720.00
338.09	-1719.34
338.09	-1693.33
338.09	-1680.00
338.09	-1660.66
338.09	-1640.00
338.09	-1628.66
338.10	-1620.00
338.10	-1602.67
338.10	-1581.34
338.10	-1560.00
338.10	-1548.66
338.10	-1536.00
338.10	-1520.00
338.10	-1520.00
338.11	-1499.34
338.11	-1480.00
338.11	-1479.34
338.11	-1474.67
338.11	-1440.00
338.11	-1421.34
338.11	-1400.00
338.11	-1400.00
338.11	-1399.34
338.12	-1384.67
338.12	-1369.34
338.12	-1360.00
338.12	-1348.00
338.12	-1320.00
338.12	-1320.00
338.12	-1320.00
338.12	-1312.67
338.13	-1298.66
338.13	-1282.67
338.13	-1258.66
338.13	-1240.00
338.13	-1240.00
338.13	-1240.00
338.13	-1222.67
338.13	-1207.33
338.13	-1202.00
338.14	-1200.66
338.14	-1186.00
338.14	-1160.00
338.14	-1160.00
338.14	-1159.34
338.14	-1160.00
338.14	-1160.00
338.14	-1124.00
338.15	-1120.00
338.15	-1110.66
338.15	-1080.00
338.15	-1080.00
338.15	-1080.00
338.15	-1072.67
338.15	-1058.66
338.15	-1056.67
338.16	-1052.00
338.16	-1040.00
338.16	-1040.00
338.16	-1040.66
338.16	-1007.33
338.16	-1000.00
338.16	-1000.00
338.16	-982.67
338.16	-979.34
338.17	-980.00
338.17	-972.67
338.17	-963.33
338.17	-950.66
338.17	-920.00
338.17	-920.00
338.17	-920.00
338.17	-920.00
338.18	-908.66
338.18	-899.34
338.18	-900.00
338.18	-897.33
338.18	-882.00
338.18	-880.00
338.18	-880.00
338.18	-852.67
338.18	-840.00
338.19	-840.00
338.19	-840.00
338.19	-840.00
338.19	-839.34
338.19	-840.00
338.19	-840.00
338.19	-837.33
338.19	-800.00
338.20	-800.00
338.20	-800.00
338.20	-800.00
338.20	-779.34
338.20	-760.00
338.20	-760.00
338.20	-760.00
338.20	-760.00
338.21	-760.00
338.21	-758.66
338.21	-758.66
338.21	-741.34
338.21	-738.00
338.21	-741.34
338.21	-740.00
338.21	-740.66
338.21	-738.66
338.22	-725.33
338.22	-720.00
338.22	-688.00
338.22	-680.00
338.22	-680.00
338.22	-680.00
338.22	-680.00
338.22	-680.00
338.23	-680.00
338.23	-680.00
338.23	-680.00
338.23	-680.00
338.23	-680.00
338.23	-680.00
338.23	-680.00
338.23	-680.00
338.24	-640.66
338.24	-640.00
338.24	-640.00
338.24	-640.00
338.24	-640.00
338.24	-640.00
338.24	-640.00
338.24	-600.66
338.24	-620.00
338.25	-640.00
338.25	-618.66
338.25	-600.00
338.25	-600.00
338.25	-600.00
338.25	-600.66
338.25	-600.00
338.25	-600.00
338.26	-590.00
338.26	-580.66
338.26	-574.00
338.26	-581.34
338.26	-580.00
338.26	-580.66
338.26	-580.00
338.26	-564.67
338.26	-572.00
338.27	-562.67
338.27	-575.33
338.27	-560.00
338.27	-522.67
338.27	-520.00
338.27	-551.34
338.27	-560.00
338.27	-524.67
338.28	-520.00
338.28	-520.00
338.28	-520.00
338.28	-520.00
338.28	-520.00
338.28	-520.00
338.28	-520.00
338.28	-520.00
338.29	-520.00
338.29	-520.00
338.29	-520.00
338.29	-520.00
338.29	-519.34
338.29	-520.00
338.29	-520.00
338.29	-520.00
338.29	-520.00
338.30	-520.00
338.30	-520.00
338.30	-520.00
338.30	-520.00
338.30	-520.00
338.30	-518.66
338.30	-498.66
338.30	-480.00
338.31	-480.00
338.31	-490.66
338.31	-490.66
338.31	-480.00
338.31	-468.66
338.31	-452.67
338.31	-480.00
338.31	-480.00
338.31	-480.00
338.32	-480.00
338.32	-447.33
338.32	-440.00
338.32	-440.00
338.32	-440.00
338.32	-440.00
338.32	-440.00
338.32	-440.00
338.33	-440.00
338.33	-440.00
338.33	-440.00
338.33	-440.00
338.33	-440.00
338.33	-440.00
338.33	-440.00
338.33	-440.00
338.34	-424.00
338.34	-420.66
338.34	-440.00
338.34	-438.66
338.34	-437.33
338.34	-428.66
338.34	-432.67
338.34	-439.34
338.34	-432.67
338.35	-438.66
338.35	-430.66
338.35	-420.00
338.35	-435.33
338.35	-432.67
338.35	-420.66
338.35	-421.34
338.35	-418.66
338.36	-404.67
338.36	-409.34
338.36	-420.00
338.36	-408.00
338.36	-402.67
338.36	-405.33
338.36	-408.00
338.36	-401.34
338.36	-400.66
338.37	-400.00
338.37	-400.00
338.37	-400.66
338.37	-400.00
338.37	-380.66
338.37	-394.67
338.37	-400.00
338.37	-400.00
338.38	-400.00
338.38	-400.00
338.38	-400.00
338.38	-400.00
338.38	-400.00
338.38	-400.00
338.38	-364.67
338.38	-360.00
338.39	-360.00
338.39	-360.00
338.39	-360.00
338.39	-384.67
338.39	-365.33
338.39	-360.00
338.39	-360.00
338.39	-360.00
338.39	-360.00
338.40	-360.00
338.40	-360.00
338.40	-360.00
338.40	-360.00
338.40	-360.00
338.40	-360.00
338.40	-360.00
338.40	-360.00
338.41	-360.00
338.41	-360.00
338.41	-360.00
338.41	-360.00
338.41	-360.00
338.41	-360.00
338.41	-360.00
338.41	-360.00
338.42	-360.00
338.42	-360.00
338.42	-360.00
338.42	-360.00
338.42	-360.00
338.42	-360.00
338.42	-360.00
338.42	-360.00
338.42	-360.00
338.43	-358.00
338.43	-344.67
338.43	-357.33
338.43	-350.00
338.43	-360.00
338.43	-356.67
338.43	-342.00
338.43	-340.00
338.44	-340.00
338.44	-340.66
338.44	-340.00
338.44	-338.00
338.44	-340.00
338.44	-340.00
338.44	-340.00
338.44	-340.00
338.44	-344.00
338.45	-340.66
338.45	-340.00
338.45	-344.00
338.45	-340.66
338.45	-346.00
338.45	-355.33
338.45	-338.66
338.45	-340.00
338.46	-340.00
338.46	-338.66
338.46	-339.34
338.46	-339.34
338.46	-340.00
338.46	-333.33
338.46	-338.66
338.46	-340.00
338.47	-336.67
338.47	-340.00
338.47	-340.00
338.47	-340.00
338.47	-340.00
338.47	-340.00
338.47	-340.00
338.47	-340.00
338.47	-334.67
338.48	-333.33
338.48	-334.00
338.48	-339.34
338.48	-339.34
338.48	-338.66
338.48	-340.00
338.48	-338.00
338.48	-327.33
338.49	-333.33
338.49	-336.67
338.49	-322.00
338.49	-320.00
338.49	-322.00
338.49	-338.00
338.49	-338.00
338.49	-333.33
338.49	-329.34
338.50	-322.67
338.50	-325.33
338.50	-329.34
338.50	-308.66
338.50	-280.00
338.50	-294.00
338.50	-322.00
338.50	-321.34
338.51	-324.67
338.51	-324.67
338.51	-316.00
338.51	-312.00
338.51	-330.00
338.51	-320.66
338.51	-320.00
338.51	-320.00
338.52	-320.00
338.52	-320.00
338.52	-320.00
338.52	-320.00
338.52	-320.00
338.52	-320.66
338.52	-322.00
338.52	-321.34
338.52	-320.00
338.53	-320.00
338.53	-287.33
338.53	-280.00
338.53	-280.00
338.53	-280.00
338.53	-280.00
338.53	-293.33
338.53	-288.66
338.54	-280.00
338.54	-280.00
338.54	-280.00
338.54	-280.00
338.54	-299.34
338.54	-317.33
338.54	-280.00
338.54	-280.00
338.55	-280.00
338.55	-280.00
338.55	-280.00
338.55	-280.00
338.55	-280.00
338.55	-276.00
338.55	-280.00
338.55	-280.00
338.55	-280.00
338.56	-280.00
338.56	-304.67
338.56	-280.00
338.56	-280.00
338.56	-280.00
338.56	-280.00
338.56	-280.00
338.56	-280.00
338.57	-280.00
338.57	-280.00
338.57	-279.34
338.57	-274.00
338.57	-276.67
338.57	-280.00
338.57	-280.00
338.57	-280.00
338.57	-280.00
338.58	-280.00
338.58	-280.00
338.58	-279.34
338.58	-280.00
338.58	-280.66
338.58	-280.00
338.58	-280.00
338.58	-280.00
338.59	-280.00
338.59	-280.00
338.59	-280.00
338.59	-280.00
338.59	-280.00
338.59	-280.00
338.59	-280.00
338.59	-280.00
338.60	-280.00
338.60	-280.00
338.60	-280.00
338.60	-280.00
338.60	-280.00
338.60	-280.00
338.60	-280.00
338.60	-280.00
338.60	-280.00
338.61	-278.66
338.61	-280.00
338.61	-280.00
338.61	-281.34
338.61	-280.00
338.61	-280.00
338.61	-275.33
338.61	-274.00
338.62	-280.66
338.62	-280.00
338.62	-275.33
338.62	-280.00
338.62	-278.00
338.62	-276.67
338.62	-274.00
338.62	-280.00
338.62	-280.00
338.63	-279.34
338.63	-279.34
338.63	-280.00
338.63	-280.00
338.63	-280.66
338.63	-280.00
338.63	-280.00
338.63	-273.33
338.64	-278.66
338.64	-280.66
338.64	-280.00
338.64	-280.00
338.64	-276.00
338.64	-260.66
338.64	-268.00
338.64	-276.00
338.65	-279.34
338.65	-280.00
338.65	-280.00
338.65	-272.67
338.65	-272.67
338.65	-274.67
338.65	-272.00
338.65	-276.67
338.65	-274.67
338.66	-260.00
338.66	-266.67
338.66	-266.00
338.66	-263.33
338.66	-276.00
338.66	-280.00
338.66	-280.00
338.66	-280.00
338.67	-269.34
338.67	-260.66
338.67	-262.00
338.67	-274.00
338.67	-266.67
338.67	-263.33
338.67	-263.33
338.67	-272.67
338.67	-262.00
338.68	-264.00
338.68	-269.34
338.68	-268.00
338.68	-260.00
338.68	-259.34
338.68	-262.00
338.68	-268.00
338.68	-268.66
338.69	-265.33
338.69	-260.66
338.69	-260.00
338.69	-267.33
338.69	-264.00
338.69	-259.34
338.69	-262.67
338.69	-268.66
338.70	-260.66
338.70	-266.00
338.70	-272.67
338.70	-276.00
338.70	-266.67
338.70	-262.67
338.70	-260.00
338.70	-261.34
338.70	-270.66
338.71	-261.34
338.71	-261.34
338.71	-260.66
338.71	-260.00
338.71	-259.34
338.71	-263.33
338.71	-266.00
338.71	-279.34
338.72	-269.34
338.72	-268.00
338.72	-266.00
338.72	-270.66
338.72	-272.00
338.72	-266.00
338.72	-263.33
338.72	-258.00
338.73	-253.33
338.73	-258.00
338.73	-256.00
338.73	-260.66
338.73	-260.00
338.73	-258.66
338.73	-263.33
338.73	-262.67
338.73	-259.34
338.74	-262.00
338.74	-260.00
338.74	-256.00
338.74	-259.34
338.74	-260.66
338.74	-260.00
338.74	-260.00
338.74	-263.33
338.75	-260.66
338.75	-264.67
338.75	-274.67
338.75	-259.34
338.75	-252.00
338.75	-256.00
338.75	-259.34
338.75	-256.67
338.75	-257.33
338.76	-264.00
338.76	-258.66
338.76	-255.33
338.76	-258.66
338.76	-260.00
338.76	-258.66
338.76	-268.66
338.76	-262.00
338.77	-247.33
338.77	-246.67
338.77	-260.66
338.77	-263.33
338.77	-258.66
338.77	-260.00
338.77	-256.67
338.77	-249.34
338.78	-260.00
338.78	-260.66
338.78	-256.67
338.78	-252.67
338.78	-257.33
338.78	-246.00
338.78	-257.33
338.78	-266.00
338.78	-269.34
338.79	-259.34
338.79	-260.00
338.79	-259.34
338.79	-256.00
338.79	-260.00
338.79	-257.33
338.79	-250.00
338.79	-256.67
338.80	-270.00
338.80	-263.33
338.80	-260.00
338.80	-259.34
338.80	-254.67
338.80	-251.34
338.80	-250.66
338.80	-246.00
338.80	-256.00
338.81	-254.67
338.81	-243.33
338.81	-256.00
338.81	-250.66
338.81	-241.34
338.81	-240.00
338.81	-246.00
338.81	-256.00
338.82	-255.33
338.82	-247.33
338.82	-257.33
338.82	-259.34
338.82	-252.00
338.82	-246.00
338.82	-260.00
338.82	-259.34
338.83	-260.00
338.83	-260.00
338.83	-258.66
338.83	-250.00
338.83	-254.67
338.83	-254.67
338.83	-260.00
338.83	-259.34
338.83	-249.34
338.84	-255.33
338.84	-247.33
338.84	-251.34
338.84	-250.00
338.84	-253.33
338.84	-256.00
338.84	-243.33
338.84	-257.33
338.85	-254.00
338.85	-247.33
338.85	-254.00
338.85	-245.33
338.85	-254.00
338.85	-260.00
338.85	-256.00
338.85	-254.67
338.85	-243.33
338.86	-247.33
338.86	-252.00
338.86	-247.33
338.86	-262.67
338.86	-268.00
338.86	-252.00
338.86	-253.33
338.86	-253.33
338.87	-245.33
338.87	-250.66
338.87	-264.00
338.87	-260.00
338.87	-256.00
338.87	-240.66
338.87	-240.66
338.87	-240.00
338.88	-242.67
338.88	-260.00
338.88	-250.66
338.88	-240.00
338.88	-240.00
338.88	-250.66
338.88	-245.33
338.88	-252.67
338.88	-252.67
338.89	-244.67
338.89	-252.00
338.89	-247.33
338.89	-242.67
338.89	-246.67
338.89	-252.00
338.89	-240.00
338.89	-240.00
338.90	-250.00
338.90	-242.00
338.90	-240.00
338.90	-252.00
338.90	-257.33
338.90	-248.00
338.90	-240.00
338.90	-244.67
338.91	-240.66
338.91	-240.00
338.91	-245.33
338.91	-256.67
338.91	-251.34
338.91	-253.33
338.91	-258.66
338.91	-241.34
338.91	-240.00
338.92	-244.67
338.92	-241.34
338.92	-240.00
338.92	-240.00
338.92	-242.00
338.92	-247.33
338.92	-245.33
338.92	-243.33
338.93	-240.66
338.93	-248.66
338.93	-241.34
338.93	-240.66
338.93	-244.67
338.93	-240.66
338.93	-240.66
338.93	-240.00
338.93	-240.66
338.94	-240.66
338.94	-240.00
338.94	-252.00
338.94	-257.33
338.94	-241.34
338.94	-240.00
338.94	-240.00
338.94	-241.34
338.95	-240.00
338.95	-240.00
338.95	-240.00
338.95	-240.00
338.95	-240.66
338.95	-240.00
338.95	-240.66
338.95	-244.67
338.96	-241.34
338.96	-240.66
338.96	-240.66
338.96	-256.00
338.96	-250.66
338.96	-242.00
338.96	-252.67
338.96	-241.34
338.96	-240.66
338.97	-247.33
338.97	-240.00
338.97	-240.00
338.97	-240.00
338.97	-240.00
338.97	-240.00
338.97	-240.00
338.97	-240.00
338.98	-240.00
338.98	-240.00
338.98	-240.66
338.98	-240.00
338.98	-240.00
338.98	-240.00
338.98	-242.67
338.98	-240.00
338.98	-240.00
338.99	-240.66
338.99	-240.00
338.99	-240.00
338.99	-258.66
338.99	-247.33
338.99	-245.33
338.99	-240.00
338.99	-242.00
339.00	-240.00
339.00	-241.34
339.00	-243.33
339.00	-240.00
339.00	-240.66
339.00	-240.00
339.00	-241.34
339.00	-241.34
339.01	-240.00
339.01	-242.00
339.01	-242.00
339.01	-240.00
339.01	-240.00
339.01	-208.00
339.01	-216.00
339.01	-240.00
339.01	-240.00
339.02	-241.34
339.02	-240.00
339.02	-240.00
339.02	-240.00
339.02	-242.67
339.02	-240.66
339.02	-224.67
339.02	-228.00
339.03	-238.66
339.03	-240.00
339.03	-240.00
339.03	-240.00
339.03	-240.00
339.03	-240.00
339.03	-240.00
339.03	-240.66
339.04	-240.00
339.04	-240.00
339.04	-241.34
339.04	-240.66
339.04	-240.00
339.04	-254.00
339.04	-240.66
339.04	-246.00
339.04	-240.00
339.05	-230.66
339.05	-228.66
339.05	-240.00
339.05	-240.00
339.05	-202.67
339.05	-235.33
339.05	-215.33
339.05	-240.00
339.06	-240.00
339.06	-244.67
339.06	-224.67
339.06	-200.00
339.06	-226.00
339.06	-240.00
339.06	-240.00
339.06	-240.00
339.06	-240.00
339.07	-240.00
339.07	-240.66
339.07	-240.00
339.07	-240.00
339.07	-240.00
339.07	-240.00
339.07	-240.00
339.07	-240.00
339.08	-240.00
339.08	-240.00
339.08	-240.00
339.08	-240.66
339.08	-240.00
339.08	-240.00
339.08	-240.00
339.08	-240.00
339.09	-240.00
339.09	-240.00
339.09	-240.00
339.09	-240.00
339.09	-240.00
339.09	-240.00
339.09	-240.00
339.09	-240.00
339.09	-240.00
339.10	-240.00
339.10	-240.00
339.10	-240.00
339.10	-240.00
339.10	-240.00
339.10	-241.34
339.10	-240.00
339.10	-240.00
339.11	-216.67
339.11	-240.00
339.11	-240.00
339.11	-240.00
339.11	-240.66
339.11	-240.00
339.11	-240.00
339.11	-240.00
339.11	-240.00
339.12	-240.00
339.12	-240.00
339.12	-241.34
339.12	-240.00
339.12	-240.00
339.12	-240.00
339.12	-240.00
339.12	-240.66
339.13	-240.00
339.13	-243.33
339.13	-208.00
339.13	-218.00
339.13	-240.00
339.13	-240.00
339.13	-240.00
339.13	-242.67
339.14	-243.33
339.14	-240.00
339.14	-244.00
339.14	-240.00
339.14	-240.00
339.14	-240.00
339.14	-222.67
339.14	-200.00
339.14	-228.66
339.15	-240.00
339.15	-240.00
339.15	-240.00
339.15	-240.00
339.15	-240.00
339.15	-240.00
339.15	-240.00
339.15	-248.66
339.16	-240.00
339.16	-240.00
339.16	-240.00
339.16	-240.00
339.16	-214.00
339.16	-240.00
339.16	-240.00
339.16	-240.00
339.16	-240.00
339.17	-240.00
339.17	-240.00
339.17	-240.00
339.17	-242.00
339.17	-240.00
339.17	-240.00
339.17	-240.00
339.17	-240.00
339.18	-240.00
339.18	-240.00
339.18	-240.00
339.18	-240.00
339.18	-240.00
339.18	-240.00
339.18	-240.00
339.18	-240.00
339.19	-240.00
339.19	-214.67
339.19	-240.00
339.19	-240.00
339.19	-242.67
339.19	-242.67
339.19	-254.67
339.19	-243.33
339.19	-240.00
339.20	-240.00
339.20	-240.00
339.20	-240.00
339.20	-240.00
339.20	-240.00
339.20	-212.67
339.20	-208.66
339.20	-240.00
339.21	-240.00
339.21	-240.00
339.21	-240.00
339.21	-240.00
339.21	-224.67
339.21	-240.00
339.21	-240.00
339.21	-240.00
339.22	-240.00
339.22	-240.00
339.22	-241.34
339.22	-245.33
339.22	-244.00
339.22	-240.00
339.22	-223.33
339.22	-240.00
339.22	-240.00
339.23	-221.34
339.23	-240.00
339.23	-240.00
339.23	-240.00
339.23	-240.00
339.23	-240.00
339.23	-242.67
339.23	-240.66
339.24	-240.00
339.24	-240.00
339.24	-240.00
339.24	-240.00
339.24	-240.66
339.24	-242.67
339.24	-242.67
339.24	-240.00
339.24	-240.00
339.25	-209.34
339.25	-240.00
339.25	-240.00
339.25	-240.00
339.25	-240.66
339.25	-240.00
339.25	-240.00
339.25	-240.00
339.26	-240.00
339.26	-227.33
339.26	-232.67
339.26	-240.00
339.26	-240.00
339.26	-240.00
339.26	-240.00
339.26	-240.00
339.27	-240.00
339.27	-240.00
339.27	-240.00
339.27	-240.00
339.27	-240.00
339.27	-240.00
339.27	-240.00
339.27	-240.00
339.27	-240.00
339.28	-240.00
339.28	-240.00
339.28	-240.00
339.28	-240.00
339.28	-240.00
339.28	-240.00
339.28	-240.00
339.28	-240.00
339.29	-240.00
339.29	-240.00
339.29	-240.00
339.29	-240.00
339.29	-240.00
339.29	-240.00
339.29	-240.00
339.29	-240.00
339.29	-240.00
339.30	-231.34
339.30	-234.00
339.30	-240.00
339.30	-240.00
339.30	-202.67
339.30	-203.33
339.30	-240.00
339.30	-212.67
339.31	-216.00
339.31	-226.67
339.31	-216.00
339.31	-240.00
339.31	-240.00
339.31	-240.00
339.31	-232.67
339.31	-222.00
339.32	-218.00
339.32	-217.33
339.32	-240.00
339.32	-214.67
339.32	-221.34
339.32	-221.34
339.32	-240.00
339.32	-240.00
339.32	-240.00
339.33	-240.00
339.33	-240.00
339.33	-240.00
339.33	-240.00
339.33	-240.00
339.33	-224.67
339.33	-232.67
339.33	-218.00
339.34	-240.00
339.34	-240.00
339.34	-240.00
339.34	-240.00
339.34	-240.00
339.34	-244.00
339.34	-242.00
339.34	-240.00
339.35	-240.00
339.35	-240.00
339.35	-240.00
339.35	-242.00
339.35	-236.67
339.35	-240.00
339.35	-240.00
339.35	-240.00
339.35	-240.00
339.36	-240.00
339.36	-240.00
339.36	-240.00
339.36	-224.67
339.36	-240.00
339.36	-240.00
339.36	-228.66
339.36	-240.00
339.37	-240.00
339.37	-214.00
339.37	-228.00
339.37	-240.00
339.37	-240.00
339.37	-240.00
339.37	-240.00
339.37	-240.00
339.37	-218.66
339.38	-214.67
339.38	-238.66
339.38	-240.00
339.38	-240.00
339.38	-246.00
339.38	-241.34
339.38	-240.00
339.38	-240.00
339.39	-240.00
339.39	-223.33
339.39	-218.00
339.39	-224.00
339.39	-200.00
339.39	-234.00
339.39	-210.66
339.39	-200.00
339.40	-238.00
339.40	-240.00
339.40	-220.66
339.40	-240.00
339.40	-240.00
339.40	-240.00
339.40	-240.00
339.40	-240.00
339.40	-240.00
339.41	-240.00
339.41	-240.00
339.41	-240.00
339.41	-240.00
339.41	-240.66
339.41	-240.00
339.41	-240.00
339.41	-202.00
339.42	-200.00
339.42	-201.34
339.42	-238.00
339.42	-240.00
339.42	-232.67
339.42	-200.00
339.42	-200.00
339.42	-206.00
339.42	-240.00
339.43	-240.00
339.43	-240.66
339.43	-240.00
339.43	-240.00
339.43	-240.00
339.43	-240.00
339.43	-240.00
339.43	-240.00
339.44	-240.00
339.44	-217.33
339.44	-200.66
339.44	-204.67
339.44	-200.00
339.44	-200.00
339.44	-205.33
339.44	-240.00
339.45	-232.67
339.45	-240.00
339.45	-240.00
339.45	-240.00
339.45	-240.00
339.45	-240.00
339.45	-234.00
339.45	-230.00
339.45	-240.00
339.46	-240.00
339.46	-240.00
339.46	-240.00
339.46	-240.00
339.46	-204.67
339.46	-233.33
339.46	-240.00
339.46	-230.66
339.47	-240.00
339.47	-216.00
339.47	-232.67
339.47	-240.00
339.47	-240.00
339.47	-214.67
339.47	-235.33
339.47	-240.00
339.47	-226.00
339.48	-235.33
339.48	-216.67
339.48	-200.00
339.48	-200.00
339.48	-229.34
339.48	-240.00
339.48	-230.00
339.48	-219.34
339.49	-240.00
339.49	-240.00
339.49	-240.00
339.49	-238.66
339.49	-231.34
339.49	-225.33
339.49	-228.00
339.49	-240.00
339.50	-240.00
339.50	-237.33
339.50	-200.00
339.50	-200.00
339.50	-200.00
339.50	-228.00
339.50	-223.33
339.50	-220.00
339.50	-240.00
339.51	-240.00
339.51	-210.00
339.51	-226.67
339.51	-213.33
339.51	-200.00
339.51	-200.00
339.51	-228.00
339.51	-208.66
339.52	-200.00
339.52	-200.00
339.52	-200.00
339.52	-231.34
339.52	-240.00
339.52	-240.00
339.52	-240.00
339.52	-240.00
339.53	-240.00
339.53	-217.33
339.53	-209.34
339.53	-230.66
339.53	-205.33
339.53	-200.00
339.53	-222.00
339.53	-232.67
339.53	-217.33
339.54	-204.67
339.54	-212.00
339.54	-220.00
339.54	-221.34
339.54	-214.67
339.54	-228.66
339.54	-240.00
339.54	-240.00
339.55	-236.00
339.55	-240.00
339.55	-240.00
339.55	-240.00
339.55	-240.00
339.55	-240.00
339.55	-240.00
339.55	-205.33
339.55	-226.00
339.56	-240.00
339.56	-240.00
339.56	-205.33
339.56	-211.34
339.56	-231.34
339.56	-236.00
339.56	-231.34
339.56	-240.00
339.57	-240.00
339.57	-240.00
339.57	-240.00
339.57	-240.00
339.57	-238.66
339.57	-240.00
339.57	-240.00
339.57	-238.66
339.58	-216.67
339.58	-226.00
339.58	-240.00
339.58	-240.00
339.58	-233.33
339.58	-226.67
339.58	-240.00
339.58	-240.00
339.58	-229.34
339.59	-240.00
339.59	-240.00
339.59	-240.00
339.59	-215.33
339.59	-220.00
339.59	-240.00
339.59	-206.00
339.59	-224.67
339.60	-223.33
339.60	-240.00
339.60	-240.00
339.60	-240.00
339.60	-224.67
339.60	-237.33
339.60	-222.00
339.60	-208.00
339.60	-204.67
339.61	-240.00
339.61	-240.00
339.61	-240.00
339.61	-240.00
339.61	-240.00
339.61	-231.34
339.61	-228.66
339.61	-233.33
339.62	-240.00
339.62	-232.67
339.62	-240.00
339.62	-240.00
339.62	-240.00
339.62	-240.00
339.62	-240.00
339.62	-240.00
339.63	-240.00
339.63	-240.00
339.63	-240.00
339.63	-228.00
339.63	-240.00
339.63	-240.00
339.63	-239.34
339.63	-234.67
339.63	-230.66
339.64	-203.33
339.64	-240.00
339.64	-240.00
339.64	-240.00
339.64	-240.00
339.64	-240.00
339.64	-240.00
339.64	-214.67
339.65	-200.00
339.65	-202.00
339.65	-240.00
339.65	-240.00
339.65	-236.67
339.65	-238.00
339.65	-240.00
339.65	-240.00
339.65	-238.66
339.66	-200.00
339.66	-221.34
339.66	-205.33
339.66	-236.00
339.66	-240.00
339.66	-240.00
339.66	-237.33
339.66	-240.00
339.67	-240.00
339.67	-240.00
339.67	-226.67
339.67	-240.00
339.67	-215.33
339.67	-200.00
339.67	-200.00
339.67	-204.00
339.68	-200.00
339.68	-234.67
339.68	-238.66
339.68	-240.00
339.68	-240.00
339.68	-240.00
339.68	-202.00
339.68	-217.33
339.68	-200.00
339.69	-200.00
339.69	-222.67
339.69	-222.00
339.69	-200.00
339.69	-200.00
339.69	-240.00
339.69	-237.33
339.69	-209.34
339.70	-208.66
339.70	-219.34
339.70	-202.67
339.70	-232.00
339.70	-223.33
339.70	-240.00
339.70	-240.00
339.70	-240.00
339.71	-240.00
339.71	-240.00
339.71	-240.00
339.71	-240.00
339.71	-226.67
339.71	-240.00
339.71	-240.00
339.71	-239.34
339.71	-229.34
339.72	-240.00
339.72	-210.00
339.72	-207.33
339.72	-240.00
339.72	-240.00
339.72	-240.00
339.72	-240.00
339.72	-240.00
339.73	-206.00
339.73	-240.00
339.73	-240.00
339.73	-240.00
339.73	-214.00
339.73	-200.00
339.73	-206.00
339.73	-201.34
339.73	-216.67
339.74	-223.33
339.74	-224.00
339.74	-213.33
339.74	-240.00
339.74	-206.67
339.74	-200.00
339.74	-200.00
339.74	-201.34
339.75	-200.00
339.75	-234.00
339.75	-240.00
339.75	-235.33
339.75	-214.00
339.75	-207.33
339.75	-200.00
339.75	-201.34
339.76	-229.34
339.76	-238.00
339.76	-240.00
339.76	-240.00
339.76	-240.00
339.76	-240.00
339.76	-240.00
339.76	-240.00
339.76	-240.00
339.77	-240.00
339.77	-238.00
339.77	-218.00
339.77	-227.33
339.77	-240.00
339.77	-233.33
339.77	-210.66
339.77	-240.00
339.78	-240.00
339.78	-220.00
339.78	-236.00
339.78	-240.00
339.78	-240.00
339.78	-240.00
339.78	-216.00
339.78	-200.00
339.78	-229.34
339.79	-240.00
339.79	-240.00
339.79	-238.66
339.79	-240.00
339.79	-240.00
339.79	-226.67
339.79	-240.00
339.79	-240.00
339.80	-206.00
339.80	-234.00
339.80	-240.00
339.80	-233.33
339.80	-233.33
339.80	-240.00
339.80	-240.00
339.80	-232.67
339.81	-237.33
339.81	-238.00
339.81	-225.33
339.81	-230.00
339.81	-240.00
339.81	-240.00
339.81	-233.33
339.81	-214.67
339.81	-212.00
339.82	-204.67
339.82	-234.00
339.82	-240.00
339.82	-240.00
339.82	-240.00
339.82	-240.00
339.82	-208.00
339.82	-226.67
339.83	-240.00
339.83	-240.00
339.83	-202.00
339.83	-208.00
339.83	-234.67
339.83	-206.00
339.83	-234.00
339.83	-232.00
339.84	-240.00
339.84	-240.00
339.84	-240.00
339.84	-235.33
339.84	-220.00
339.84	-205.33
339.84	-203.33
339.84	-215.33
339.84	-237.33
339.85	-233.33
339.85	-240.00
339.85	-240.00
339.85	-240.00
339.85	-240.00
339.85	-240.00
339.85	-206.00
339.85	-200.00
339.86	-200.00
339.86	-223.33
339.86	-238.00
339.86	-215.33
339.86	-230.66
339.86	-240.00
339.86	-240.00
339.86	-240.00
339.86	-240.00
339.87	-228.66
339.87	-218.66
339.87	-240.00
339.87	-240.00
339.87	-240.00
339.87	-240.00
339.87	-240.00
339.87	-236.67
339.88	-202.00
339.88	-218.00
339.88	-236.67
339.88	-231.34
339.88	-200.00
339.88	-200.00
339.88	-210.00
339.88	-203.33
339.89	-204.00
339.89	-211.34
339.89	-209.34
339.89	-240.00
339.89	-210.00
339.89	-226.67
339.89	-240.00
339.89	-202.67
339.89	-221.34
339.90	-240.00
339.90	-220.66
339.90	-200.00
339.90	-235.33
339.90	-240.00
339.90	-240.00
339.90	-240.00
339.90	-240.00
339.91	-210.00
339.91	-202.00
339.91	-222.67
339.91	-240.00
339.91	-205.33
339.91	-200.00
339.91	-207.33
339.91	-214.00
339.91	-230.00
339.92	-200.00
339.92	-237.33
339.92	-240.00
339.92	-240.00
339.92	-229.34
339.92	-240.00
339.92	-240.00
339.92	-209.34
339.93	-200.00
339.93	-203.33
339.93	-208.00
339.93	-211.34
339.93	-231.34
339.93	-239.34
339.93	-222.00
339.93	-240.00
339.94	-217.33
339.94	-202.67
339.94	-206.00
339.94	-200.00
339.94	-224.00
339.94	-222.00
339.94	-228.66
339.94	-200.00
339.94	-227.33
339.95	-223.33
339.95	-200.00
339.95	-202.67
339.95	-208.66
339.95	-200.00
339.95	-200.00
339.95	-216.67
339.95	-215.33
339.96	-226.00
339.96	-200.00
339.96	-202.67
339.96	-201.34
339.96	-208.00
339.96	-201.34
339.96	-200.00
339.96	-204.00
339.96	-222.00
339.97	-200.00
339.97	-200.00
339.97	-208.66
339.97	-230.66
339.97	-200.00
339.97	-200.00
339.97	-202.00
339.97	-200.00
339.98	-202.00
339.98	-220.66
339.98	-201.34
339.98	-218.66
339.98	-206.00
339.98	-231.34
339.98	-206.00
339.98	-213.33
339.99	-235.33
339.99	-234.67
339.99	-230.00
339.99	-226.00
339.99	-238.66
339.99	-218.00
339.99	-204.67
339.99	-200.00
339.99	-228.00
340.00	-208.66
340.00	-200.00
340.00	-200.00
340.00	-200.00
340.00	-216.00
340.00	-208.00
340.00	-220.00
340.00	-216.00
340.01	-208.00
340.01	-202.67
340.01	-200.00
340.01	-200.00
340.01	-201.34
340.01	-226.67
340.01	-207.33
340.01	-208.66
340.02	-210.66
340.02	-234.67
340.02	-240.00
340.02	-240.00
340.02	-240.00
340.02	-240.00
340.02	-211.34
340.02	-201.34
340.02	-202.67
340.03	-200.00
340.03	-220.00
340.03	-240.00
340.03	-231.34
340.03	-228.00
340.03	-211.34
340.03	-201.34
340.03	-200.00
340.04	-227.33
340.04	-220.00
340.04	-204.00
340.04	-228.00
340.04	-240.00
340.04	-213.33
340.04	-200.00
340.04	-222.67
340.04	-233.33
340.05	-240.00
340.05	-240.00
340.05	-240.00
340.05	-220.66
340.05	-202.00
340.05	-200.66
340.05	-200.00
340.05	-200.00
340.06	-201.34
340.06	-200.00
340.06	-205.33
340.06	-238.66
340.06	-212.67
340.06	-225.33
340.06	-234.00
340.06	-205.33
340.07	-200.00
340.07	-200.00
340.07	-200.00
340.07	-200.00
340.07	-202.00
340.07	-228.00
340.07	-210.66
340.07	-200.00
340.07	-200.00
340.08	-206.67
340.08	-200.00
340.08	-224.00
340.08	-216.67
340.08	-202.67
340.08	-200.66
340.08	-200.66
340.08	-233.33
340.09	-202.67
340.09	-216.67
340.09	-200.00
340.09	-200.00
340.09	-209.34
340.09	-226.67
340.09	-203.33
340.09	-234.67
340.09	-238.00
340.10	-232.67
340.10	-213.33
340.10	-212.00
340.10	-200.00
340.10	-202.00
340.10	-226.00
340.10	-200.00
340.10	-202.67
340.11	-214.67
340.11	-240.00
340.11	-218.00
340.11	-230.66
340.11	-236.00
340.11	-238.00
340.11	-238.00
340.11	-222.67
340.12	-223.33
340.12	-240.00
340.12	-240.00
340.12	-240.00
340.12	-240.00
340.12	-234.00
340.12	-224.67
340.12	-201.34
340.12	-202.00
340.13	-212.67
340.13	-210.66
340.13	-202.00
340.13	-201.34
340.13	-216.00
340.13	-206.00
340.13	-238.66
340.13	-224.00
340.14	-200.00
340.14	-215.33
340.14	-238.00
340.14	-203.33
340.14	-236.67
340.14	-204.00
340.14	-203.33
340.14	-200.00
340.14	-208.66
340.15	-237.33
340.15	-213.33
340.15	-212.67
340.15	-201.34
340.15	-201.34
340.15	-232.67
340.15	-206.00
340.15	-202.67
340.16	-230.00
340.16	-236.00
340.16	-232.00
340.16	-237.33
340.16	-240.00
340.16	-240.00
340.16	-240.00
340.16	-240.00
340.17	-240.00
340.17	-240.00
340.17	-237.33
340.17	-214.00
340.17	-231.34
340.17	-202.67
340.17	-216.00
340.17	-212.67
340.17	-208.00
340.18	-228.00
340.18	-237.33
340.18	-205.33
340.18	-200.00
340.18	-211.34
340.18	-217.33
340.18	-200.00
340.18	-212.00
340.19	-210.00
340.19	-224.00
340.19	-239.34
340.19	-240.00
340.19	-212.67
340.19	-236.67
340.19	-220.00
340.19	-217.33
340.20	-240.00
340.20	-235.33
340.20	-210.00
340.20	-234.67
340.20	-233.33
340.20	-200.00
340.20	-224.67
340.20	-237.33
340.20	-239.34
340.21	-231.34
340.21	-240.00
340.21	-240.00
340.21	-240.00
340.21	-205.33
340.21	-200.00
340.21	-200.00
340.21	-202.67
340.22	-208.00
340.22	-230.00
340.22	-202.67
340.22	-203.33
340.22	-200.66
340.22	-200.00
340.22	-234.00
340.22	-236.00
340.22	-237.33
340.23	-240.00
340.23	-240.00
340.23	-240.00
340.23	-238.66
340.23	-239.34
340.23	-212.00
340.23	-205.33
340.23	-220.66
340.24	-208.66
340.24	-240.00
340.24	-239.34
340.24	-226.00
340.24	-223.33
340.24	-226.00
340.24	-211.34
340.24	-200.00
340.25	-207.33
340.25	-240.00
340.25	-240.00
340.25	-211.34
340.25	-238.66
340.25	-240.00
340.25	-240.00
340.25	-240.00
340.25	-239.34
340.26	-207.33
340.26	-216.67
340.26	-228.66
340.26	-202.00
340.26	-200.00
340.26	-200.00
340.26	-210.00
340.26	-228.66
340.27	-240.00
340.27	-240.00
340.27	-206.67
340.27	-200.00
340.27	-201.34
340.27	-206.67
340.27	-227.33
340.27	-239.34
340.27	-204.67
340.28	-206.67
340.28	-238.00
340.28	-220.66
340.28	-219.34
340.28	-240.00
340.28	-240.00
340.28	-208.66
340.28	-200.00
340.29	-231.34
340.29	-214.67
340.29	-200.00
340.29	-228.00
340.29	-240.00
340.29	-240.00
340.29	-239.34
340.29	-228.66
340.30	-210.00
340.30	-227.33
340.30	-226.00
340.30	-215.33
340.30	-240.00
340.30	-240.00
340.30	-240.00
340.30	-228.66
340.30	-240.00
340.31	-238.00
340.31	-207.33
340.31	-202.00
340.31	-208.66
340.31	-203.33
340.31	-212.67
340.31	-240.00
340.31	-240.00
340.32	-240.00
340.32	-240.00
340.32	-240.00
340.32	-232.00
340.32	-233.33
340.32	-232.00
340.32	-205.33
340.32	-203.33
340.33	-233.33
340.33	-236.00
340.33	-200.00
340.33	-206.00
340.33	-202.67
340.33	-200.00
340.33	-212.67
340.33	-238.66
340.33	-211.34
340.34	-218.66
340.34	-239.34
340.34	-240.00
340.34	-236.00
340.34	-240.00
340.34	-236.00
340.34	-237.33
340.34	-240.00
340.35	-240.00
340.35	-214.67
340.35	-200.00
340.35	-210.00
340.35	-201.34
340.35	-216.67
340.35	-237.33
340.35	-210.00
340.35	-218.00
340.36	-232.00
340.36	-239.34
340.36	-240.00
340.36	-240.00
340.36	-240.00
