337.36	-232.40
337.36	-142.40
337.36	-190.80
337.36	-118.80
337.36	-120.00
337.36	-186.80
337.36	-196.00
337.36	-136.40
337.36	-167.60
337.36	-198.40
337.36	-200.40
337.36	-217.20
337.36	-207.60
337.36	-209.20
337.36	-196.80
337.36	-200.80
337.36	-224.80
337.36	-194.00
337.36	-222.40
337.36	-234.00
337.36	-203.60
337.36	-186.40
337.36	-202.80
337.36	-139.20
337.36	-120.40
337.36	-101.20
337.36	-114.00
337.36	-146.80
337.36	-189.20
337.36	-156.40
337.36	-149.20
337.36	-200.00
337.37	-195.60
337.37	-165.60
337.37	-134.80
337.37	-168.00
337.37	-185.20
337.37	-152.80
337.37	-119.60
337.37	-132.80
337.37	-142.40
337.37	-227.60
337.37	-225.20
337.37	-200.40
337.37	-126.40
337.37	-158.00
337.37	-162.80
337.37	-103.20
337.37	-80.80
337.37	-163.60
337.37	-141.60
337.37	-124.40
337.37	-140.00
337.37	-116.80
337.37	-95.60
337.37	-126.80
337.37	-129.60
337.37	-118.00
337.37	-145.60
337.37	-175.60
337.37	-147.20
337.37	-167.60
337.37	-150.40
337.37	-132.00
337.37	-148.40
337.37	-124.40
337.37	-58.40
337.37	-78.00
337.38	-90.00
337.38	-89.60
337.38	-88.00
337.38	-67.20
337.38	-90.80
337.38	-104.80
337.38	-109.60
337.38	-94.80
337.38	-70.00
337.38	-127.20
337.38	-145.20
337.38	-161.20
337.38	-92.80
337.38	-84.40
337.38	-53.60
337.38	-47.20
337.38	-126.40
337.38	-163.60
337.38	-132.40
337.38	-134.00
337.38	-97.20
337.38	-132.80
337.38	-128.40
337.38	-144.40
337.38	-138.80
337.38	-127.20
337.38	-171.60
337.38	-144.80
337.38	-172.00
337.38	-125.60
337.38	-128.80
337.38	-127.20
337.38	-154.40
337.38	-140.80
337.38	-98.40
337.38	-116.80
337.38	-133.20
337.39	-131.60
337.39	-120.80
337.39	-80.00
337.39	-38.40
337.39	8.80
337.39	-16.00
337.39	-12.40
337.39	-112.40
337.39	-133.60
337.39	-131.20
337.39	-92.80
337.39	-124.00
337.39	-128.80
337.39	-122.80
337.39	-106.80
337.39	-121.60
337.39	-124.00
337.39	-104.00
337.39	-65.60
337.39	-85.20
337.39	-36.40
337.39	-132.00
337.39	-121.20
337.39	-56.40
337.39	-87.20
337.39	-144.00
337.39	-66.00
337.39	-52.40
337.39	-106.80
337.39	-150.00
337.39	-133.20
337.39	-137.20
337.39	-96.00
337.39	28.80
337.39	-89.60
337.39	-102.80
337.40	-69.60
337.40	-41.60
337.40	-39.20
337.40	-8.00
337.40	-8.80
337.40	-72.80
337.40	-59.20
337.40	-29.20
337.40	-74.80
337.40	-93.60
337.40	-57.20
337.40	-60.40
337.40	-38.40
337.40	-52.40
337.40	-34.40
337.40	-48.40
337.40	-47.60
337.40	-55.20
337.40	-56.40
337.40	-48.40
337.40	-38.00
337.40	-62.80
337.40	-56.80
337.40	-10.40
337.40	-21.60
337.40	-35.60
337.40	-36.00
337.40	-54.80
337.40	-41.60
337.40	-38.40
337.40	-43.20
337.40	-134.40
337.40	-106.00
337.40	-30.80
337.40	-58.40
337.40	-4.00
337.41	32.40
337.41	-13.60
337.41	-4.00
337.41	-68.00
337.41	-78.40
337.41	-95.60
337.41	-34.00
337.41	8.00
337.41	14.40
337.41	-18.80
337.41	5.60
337.41	50.80
337.41	52.80
337.41	18.80
337.41	7.20
337.41	-6.00
337.41	19.60
337.41	6.40
337.41	-8.00
337.41	-57.20
337.41	-54.40
337.41	-37.20
337.41	2.40
337.41	-17.60
337.41	-14.80
337.41	-22.80
337.41	-50.40
337.41	-58.40
337.41	-72.00
337.41	-47.60
337.41	-32.00
337.41	-12.40
337.41	-26.00
337.41	51.60
337.41	18.80
337.41	5.20
337.41	28.80
337.42	30.80
337.42	-22.00
337.42	-5.20
337.42	41.60
337.42	-32.40
337.42	32.80
337.42	52.80
337.42	27.60
337.42	-66.80
337.42	-45.20
337.42	-19.60
337.42	-6.40
337.42	2.00
337.42	37.20
337.42	26.40
337.42	2.80
337.42	40.40
337.42	8.80
337.42	36.00
337.42	34.40
337.42	47.20
337.42	42.40
337.42	-15.60
337.42	-22.80
337.42	-9.60
337.42	-10.80
337.42	-8.00
337.42	-30.00
337.42	-48.80
337.42	-21.60
337.42	37.20
337.42	101.20
337.42	59.60
337.42	42.80
337.42	27.20
337.42	-5.60
337.43	-0.40
337.43	15.60
337.43	68.80
337.43	61.20
337.43	43.60
337.43	80.80
337.43	71.60
337.43	15.60
337.43	-23.20
337.43	34.40
337.43	68.80
337.43	22.40
337.43	32.80
337.43	55.20
337.43	84.40
337.43	142.00
337.43	118.00
337.43	71.20
337.43	76.40
337.43	87.60
337.43	9.20
337.43	9.60
337.43	5.60
337.43	78.80
337.43	97.20
337.43	164.80
337.43	159.60
337.43	98.80
337.43	114.40
337.43	113.20
337.43	32.80
337.43	54.80
337.43	68.40
337.43	19.20
337.43	18.40
337.43	56.00
337.44	77.60
337.44	166.00
337.44	187.60
337.44	63.60
337.44	68.80
337.44	80.00
337.44	112.40
337.44	86.40
337.44	110.00
337.44	95.60
337.44	48.80
337.44	26.80
337.44	28.40
337.44	17.20
337.44	7.20
337.44	89.60
337.44	155.60
337.44	146.40
337.44	132.80
337.44	179.60
337.44	137.20
337.44	135.60
337.44	89.60
337.44	116.80
337.44	54.00
337.44	122.00
337.44	154.80
337.44	143.20
337.44	138.80
337.44	137.20
337.44	96.80
337.44	110.80
337.44	168.00
337.44	72.80
337.44	62.40
337.44	130.00
337.44	132.40
337.45	109.20
337.45	178.00
337.45	162.80
337.45	151.60
337.45	147.20
337.45	123.20
337.45	143.60
337.45	132.80
337.45	169.60
337.45	165.60
337.45	162.00
337.45	169.60
337.45	143.60
337.45	92.80
337.45	96.00
337.45	106.00
337.45	29.60
337.45	48.40
337.45	87.20
337.45	156.40
337.45	125.60
337.45	112.80
337.45	93.60
337.45	85.60
337.45	100.80
337.45	136.40
337.45	117.20
337.45	113.60
337.45	168.00
337.45	76.40
337.45	114.00
337.45	205.60
337.45	246.40
337.45	242.40
337.45	241.60
337.45	240.00
337.46	240.40
337.46	286.00
337.46	270.00
337.46	173.60
337.46	156.00
337.46	152.40
337.46	165.20
337.46	240.00
337.46	209.60
337.46	222.00
337.46	190.40
337.46	171.60
337.46	179.20
337.46	152.00
337.46	202.80
337.46	201.60
337.46	203.60
337.46	217.20
337.46	180.00
337.46	221.60
337.46	190.80
337.46	180.40
337.46	201.60
337.46	186.00
337.46	211.60
337.46	208.40
337.46	233.60
337.46	191.60
337.46	154.00
337.46	142.00
337.46	180.80
337.46	221.20
337.46	165.60
337.46	232.80
337.46	221.60
337.46	268.40
337.47	296.80
337.47	326.40
337.47	303.20
337.47	330.40
337.47	303.60
337.47	269.60
337.47	234.80
337.47	229.60
337.47	254.80
337.47	263.60
337.47	227.60
337.47	244.80
337.47	230.40
337.47	231.20
337.47	242.40
337.47	236.40
337.47	192.40
337.47	207.60
337.47	275.60
337.47	265.20
337.47	246.40
337.47	246.40
337.47	273.60
337.47	232.80
337.47	314.40
337.47	276.40
337.47	234.80
337.47	246.00
337.47	275.20
337.47	304.80
337.47	311.60
337.47	366.00
337.47	302.40
337.47	315.20
337.47	338.80
337.47	324.80
337.47	313.20
337.48	340.40
337.48	292.00
337.48	282.80
337.48	269.20
337.48	292.00
337.48	271.20
337.48	236.80
337.48	281.20
337.48	265.60
337.48	268.00
337.48	250.00
337.48	251.60
337.48	262.00
337.48	270.80
337.48	319.60
337.48	275.20
337.48	318.00
337.48	343.60
337.48	324.80
337.48	327.60
337.48	333.20
337.48	305.60
337.48	280.40
337.48	287.60
337.48	305.20
337.48	315.20
337.48	337.60
337.48	341.60
337.48	330.40
337.48	335.20
337.48	366.80
337.48	298.40
337.48	380.40
337.48	416.80
337.48	407.20
337.48	409.60
337.49	402.00
337.49	356.40
337.49	341.60
337.49	380.00
337.49	343.20
337.49	350.80
337.49	338.80
337.49	333.20
337.49	321.20
337.49	340.40
337.49	396.80
337.49	426.40
337.49	386.00
337.49	384.00
337.49	424.00
337.49	400.40
337.49	422.40
337.49	390.00
337.49	410.40
337.49	468.80
337.49	456.80
337.49	453.60
337.49	416.40
337.49	388.00
337.49	402.80
337.49	424.00
337.49	427.60
337.49	410.40
337.49	419.60
337.49	398.40
337.49	390.00
337.49	376.40
337.49	437.20
337.49	461.20
337.49	439.20
337.49	442.80
337.50	472.00
337.50	465.20
337.50	457.20
337.50	418.40
337.50	402.00
337.50	442.00
337.50	436.80
337.50	473.60
337.50	470.80
337.50	464.40
337.50	439.60
337.50	389.60
337.50	434.80
337.50	415.20
337.50	414.40
337.50	430.40
337.50	414.40
337.50	404.80
337.50	440.40
337.50	485.60
337.50	516.00
337.50	478.80
337.50	423.60
337.50	485.20
337.50	455.60
337.50	437.20
337.50	425.60
337.50	504.80
337.50	531.20
337.50	528.00
337.50	578.00
337.50	520.80
337.50	564.80
337.50	533.20
337.50	535.60
337.50	565.60
337.50	572.40
337.51	514.40
337.51	517.60
337.51	582.80
337.51	569.20
337.51	538.00
337.51	509.20
337.51	485.20
337.51	537.20
337.51	546.80
337.51	534.00
337.51	625.20
337.51	623.60
337.51	572.00
337.51	605.20
337.51	542.00
337.51	535.60
337.51	543.60
337.51	506.80
337.51	528.80
337.51	577.60
337.51	570.40
337.51	499.60
337.51	535.60
337.51	569.20
337.51	524.80
337.51	497.20
337.51	556.00
337.51	576.40
337.51	551.20
337.51	622.00
337.51	547.20
337.51	553.60
337.51	599.20
337.51	608.80
337.51	586.40
337.51	610.00
337.52	576.00
337.52	591.60
337.52	560.00
337.52	570.00
337.52	622.80
337.52	619.20
337.52	618.00
337.52	566.40
337.52	577.20
337.52	612.80
337.52	621.60
337.52	613.60
337.52	587.20
337.52	636.00
337.52	653.60
337.52	688.80
337.52	688.40
337.52	658.80
337.52	645.60
337.52	647.60
337.52	678.40
337.52	649.20
337.52	672.80
337.52	666.40
337.52	636.00
337.52	589.60
337.52	626.40
337.52	616.80
337.52	692.40
337.52	722.80
337.52	659.20
337.52	680.80
337.52	674.80
337.52	652.00
337.52	712.00
337.52	701.20
337.52	663.20
337.53	643.20
337.53	629.60
337.53	671.20
337.53	688.40
337.53	668.40
337.53	685.20
337.53	696.40
337.53	730.80
337.53	728.40
337.53	661.20
337.53	681.20
337.53	726.80
337.53	715.60
337.53	705.60
337.53	720.40
337.53	742.40
337.53	812.40
337.53	765.60
337.53	731.60
337.53	731.60
337.53	663.60
337.53	731.60
337.53	750.00
337.53	723.20
337.53	695.60
337.53	686.80
337.53	738.40
337.53	806.40
337.53	768.80
337.53	749.60
337.53	772.80
337.53	788.80
337.53	719.60
337.53	752.80
337.53	728.80
337.53	724.40
337.54	747.60
337.54	810.00
337.54	778.40
337.54	738.40
337.54	743.60
337.54	758.00
337.54	793.60
337.54	810.00
337.54	789.60
337.54	765.20
337.54	774.00
337.54	775.20
337.54	770.80
337.54	750.40
337.54	837.60
337.54	842.40
337.54	854.40
337.54	860.80
337.54	844.80
337.54	862.40
337.54	846.80
337.54	818.80
337.54	814.00
337.54	807.60
337.54	798.00
337.54	752.00
337.54	750.00
337.54	759.20
337.54	850.00
337.54	872.00
337.54	841.20
337.54	831.60
337.54	852.00
337.54	827.20
337.54	851.60
337.54	878.00
337.55	870.80
337.55	821.20
337.55	871.60
337.55	912.00
337.55	873.20
337.55	899.60
337.55	899.60
337.55	848.00
337.55	838.00
337.55	915.20
337.55	914.80
337.55	892.80
337.55	960.80
337.55	911.20
337.55	920.80
337.55	995.20
337.55	1019.60
337.55	1003.60
337.55	1010.80
337.55	1000.40
337.55	977.20
337.55	1004.80
337.55	992.00
337.55	961.60
337.55	958.80
337.55	918.00
337.55	968.00
337.55	973.20
337.55	985.20
337.55	955.20
337.55	963.20
337.55	985.20
337.55	1002.00
337.55	958.80
337.55	954.40
337.55	948.00
337.55	962.40
337.56	961.20
337.56	967.20
337.56	1020.40
337.56	1004.00
337.56	1034.40
337.56	1072.80
337.56	1022.40
337.56	1015.20
337.56	1019.20
337.56	1038.00
337.56	1047.60
337.56	1056.80
337.56	987.60
337.56	1045.20
337.56	1112.40
337.56	1116.40
337.56	1128.80
337.56	1181.60
337.56	1107.60
337.56	1048.80
337.56	958.00
337.56	980.80
337.56	1005.60
337.56	1064.00
337.56	1119.20
337.56	1116.40
337.56	1107.20
337.56	1124.80
337.56	1146.00
337.56	1100.40
337.56	1084.40
337.56	1104.40
337.56	1038.80
337.56	1062.80
337.56	1113.60
337.56	1171.60
337.57	1190.80
337.57	1177.20
337.57	1161.20
337.57	1130.00
337.57	1176.00
337.57	1202.00
337.57	1187.20
337.57	1143.60
337.57	1169.20
337.57	1110.00
337.57	1161.20
337.57	1206.80
337.57	1174.80
337.57	1222.80
337.57	1203.20
337.57	1175.20
337.57	1228.00
337.57	1203.60
337.57	1170.80
337.57	1130.40
337.57	1140.40
337.57	1196.80
337.57	1264.40
337.57	1286.40
337.57	1298.00
337.57	1273.60
337.57	1224.40
337.57	1201.60
337.57	1224.00
337.57	1224.00
337.57	1154.40
337.57	1201.60
337.57	1204.80
337.57	1207.20
337.57	1229.20
337.57	1275.20
337.58	1278.80
337.58	1326.80
337.58	1304.80
337.58	1232.80
337.58	1254.40
337.58	1373.60
337.58	1331.60
337.58	1282.40
337.58	1252.80
337.58	1293.60
337.58	1271.20
337.58	1276.40
337.58	1288.40
337.58	1276.40
337.58	1332.40
337.58	1403.20
337.58	1364.00
337.58	1388.40
337.58	1393.60
337.58	1357.20
337.58	1376.40
337.58	1345.20
337.58	1370.00
337.58	1354.80
337.58	1355.60
337.58	1363.60
337.58	1354.00
337.58	1408.80
337.58	1422.40
337.58	1437.60
337.58	1398.00
337.58	1395.20
337.58	1418.80
337.58	1402.00
337.58	1435.20
337.58	1455.60
337.58	1404.00
337.59	1433.20
337.59	1438.80
337.59	1425.60
337.59	1470.40
337.59	1491.60
337.59	1455.60
337.59	1472.80
337.59	1491.20
337.59	1484.80
337.59	1473.60
337.59	1462.80
337.59	1453.60
337.59	1520.40
337.59	1563.20
337.59	1554.40
337.59	1525.20
337.59	1462.40
337.59	1408.40
337.59	1413.60
337.59	1420.40
337.59	1466.40
337.59	1574.80
337.59	1580.00
337.59	1540.80
337.59	1584.00
337.59	1571.60
337.59	1599.20
337.59	1655.60
337.59	1592.00
337.59	1572.80
337.59	1573.60
337.59	1591.20
337.59	1593.20
337.59	1606.40
337.59	1598.00
337.59	1611.20
337.60	1630.80
337.60	1656.80
337.60	1655.20
337.60	1722.40
337.60	1708.40
337.60	1655.20
337.60	1586.40
337.60	1574.40
337.60	1544.00
337.60	1646.40
337.60	1701.60
337.60	1682.80
337.60	1704.00
337.60	1709.20
337.60	1676.00
337.60	1704.40
337.60	1726.40
337.60	1734.00
337.60	1762.00
337.60	1696.80
337.60	1758.40
337.60	1772.40
337.60	1762.40
337.60	1738.40
337.60	1691.60
337.60	1669.20
337.60	1716.00
337.60	1706.80
337.60	1619.60
337.60	1693.60
337.60	1734.00
337.60	1720.40
337.60	1748.40
337.60	1818.40
337.60	1810.80
337.60	1775.60
337.61	1800.00
337.61	1858.40
337.61	1843.60
337.61	1907.60
337.61	1889.20
337.61	1887.60
337.61	1926.00
337.61	1897.60
337.61	1870.80
337.61	1885.20
337.61	1838.00
337.61	1780.00
337.61	1841.60
337.61	1866.00
337.61	1953.20
337.61	1952.40
337.61	1950.80
337.61	1972.00
337.61	1954.80
337.61	1955.20
337.61	1944.00
337.61	1918.00
337.61	1916.00
337.61	1988.00
337.61	1961.60
337.61	1958.00
337.61	2003.60
337.61	1964.00
337.61	1968.40
337.61	1918.00
337.61	1994.40
337.61	1900.00
337.61	1926.40
337.61	1976.40
337.61	1949.60
337.61	1978.00
337.61	2107.20
337.62	2056.40
337.62	2039.60
337.62	2040.00
337.62	2054.40
337.62	2037.60
337.62	1989.60
337.62	2004.00
337.62	2026.00
337.62	2068.40
337.62	2108.80
337.62	2092.40
337.62	2117.20
337.62	2136.80
337.62	2074.00
337.62	2022.80
337.62	2137.60
337.62	2153.60
337.62	2100.00
337.62	2120.00
337.62	2162.80
337.62	2164.80
337.62	2190.80
337.62	2190.80
337.62	2150.00
337.62	2140.80
337.62	2124.80
337.62	2200.00
337.62	2212.80
337.62	2204.40
337.62	2266.80
337.62	2214.40
337.62	2238.80
337.62	2226.80
337.62	2243.60
337.62	2263.20
337.62	2258.40
337.63	2231.60
337.63	2270.40
337.63	2276.00
337.63	2296.80
337.63	2280.80
337.63	2270.40
337.63	2344.80
337.63	2351.20
337.63	2324.80
337.63	2330.80
337.63	2301.60
337.63	2300.40
337.63	2330.00
337.63	2381.20
337.63	2364.00
337.63	2367.60
337.63	2321.60
337.63	2276.40
337.63	2300.80
337.63	2348.40
337.63	2372.80
337.63	2373.60
337.63	2387.60
337.63	2373.60
337.63	2399.20
337.63	2410.80
337.63	2453.60
337.63	2451.20
337.63	2404.80
337.63	2452.40
337.63	2421.60
337.63	2442.40
337.63	2472.40
337.63	2490.00
337.63	2483.20
337.63	2485.60
337.64	2504.00
337.64	2516.40
337.64	2559.60
337.64	2562.00
337.64	2494.40
337.64	2451.20
337.64	2534.00
337.64	2535.60
337.64	2544.80
337.64	2590.80
337.64	2568.80
337.64	2641.60
337.64	2582.80
337.64	2613.20
337.64	2615.20
337.64	2611.20
337.64	2640.80
337.64	2668.40
337.64	2688.80
337.64	2688.80
337.64	2656.40
337.64	2675.60
337.64	2675.60
337.64	2664.40
337.64	2667.60
337.64	2694.40
337.64	2756.00
337.64	2760.00
337.64	2777.20
337.64	2802.80
337.64	2704.80
337.64	2748.40
337.64	2777.60
337.64	2774.00
337.64	2782.80
337.64	2814.40
337.64	2795.20
337.65	2808.80
337.65	2837.20
337.65	2852.40
337.65	2841.60
337.65	2823.20
337.65	2830.00
337.65	2816.40
337.65	2876.80
337.65	2837.20
337.65	2810.40
337.65	2846.80
337.65	2874.40
337.65	2891.60
337.65	2904.80
337.65	2938.80
337.65	2971.60
337.65	2926.40
337.65	2952.80
337.65	2948.40
337.65	2931.60
337.65	2967.20
337.65	3016.40
337.65	2996.00
337.65	3025.20
337.65	3053.60
337.65	3036.40
337.65	2997.20
337.65	2986.00
337.65	3042.00
337.65	3038.40
337.65	3038.40
337.65	3081.60
337.65	3120.00
337.65	3138.80
337.65	3138.00
337.65	3143.20
337.66	3142.00
337.66	3191.60
337.66	3160.00
337.66	3212.00
337.66	3212.80
337.66	3144.40
337.66	3163.20
337.66	3180.00
337.66	3190.80
337.66	3190.40
337.66	3154.40
337.66	3142.40
337.66	3180.40
337.66	3195.20
337.66	3252.40
337.66	3311.20
337.66	3299.60
337.66	3291.60
337.66	3300.00
337.66	3308.80
337.66	3300.40
337.66	3326.00
337.66	3364.80
337.66	3342.00
337.66	3340.40
337.66	3356.00
337.66	3352.80
337.66	3356.40
337.66	3423.20
337.66	3426.80
337.66	3442.00
337.66	3472.00
337.66	3490.00
337.66	3502.40
337.66	3438.40
337.66	3449.60
337.67	3457.60
337.67	3538.80
337.67	3557.20
337.67	3487.60
337.67	3509.60
337.67	3502.80
337.67	3520.80
337.67	3542.00
337.67	3511.20
337.67	3541.20
337.67	3549.60
337.67	3524.00
337.67	3585.20
337.67	3594.40
337.67	3598.40
337.67	3574.80
337.67	3551.20
337.67	3597.20
337.67	3598.00
337.67	3625.20
337.67	3632.80
337.67	3661.60
337.67	3645.60
337.67	3644.00
337.67	3687.60
337.67	3697.60
337.67	3683.60
337.67	3713.20
337.67	3780.80
337.67	3805.20
337.67	3833.60
337.67	3835.20
337.67	3809.60
337.67	3812.00
337.67	3830.00
337.67	3837.20
337.67	3882.00
337.68	3831.60
337.68	3865.20
337.68	3858.00
337.68	3828.00
337.68	3847.20
337.68	3913.20
337.68	3958.80
337.68	3998.80
337.68	3998.40
337.68	3972.80
337.68	4000.00
337.68	4003.60
337.68	4034.40
337.68	4026.80
337.68	4042.80
337.68	4051.20
337.68	4065.20
337.68	4074.00
337.68	4074.00
337.68	4125.20
337.68	4166.40
337.68	4160.80
337.68	4118.00
337.68	4098.40
337.68	4158.40
337.68	4178.80
337.68	4242.00
337.68	4274.80
337.68	4284.40
337.68	4278.80
337.68	4199.60
337.68	4279.60
337.68	4281.20
337.68	4214.80
337.68	4201.20
337.68	4242.80
337.69	4333.60
337.69	4335.60
337.69	4322.80
337.69	4356.00
337.69	4406.00
337.69	4364.00
337.69	4394.40
337.69	4340.80
337.69	4360.00
337.69	4345.60
337.69	4341.20
337.69	4420.00
337.69	4386.80
337.69	4393.60
337.69	4460.40
337.69	4436.00
337.69	4493.20
337.69	4588.40
337.69	4564.80
337.69	4504.80
337.69	4482.80
337.69	4572.40
337.69	4574.80
337.69	4570.80
337.69	4564.00
337.69	4547.60
337.69	4592.00
337.69	4664.40
337.69	4654.80
337.69	4654.80
337.69	4693.20
337.69	4695.60
337.69	4686.40
337.69	4746.80
337.69	4745.20
337.69	4747.20
337.70	4756.00
337.70	4784.80
337.70	4827.20
337.70	4890.40
337.70	4855.60
337.70	4851.60
337.70	4850.80
337.70	4811.20
337.70	4832.00
337.70	4840.00
337.70	4850.00
337.70	4900.00
337.70	4904.80
337.70	4932.40
337.70	5014.00
337.70	4949.20
337.70	4994.40
337.70	4993.20
337.70	5001.20
337.70	5048.80
337.70	5050.00
337.70	5052.00
337.70	5012.40
337.70	4996.40
337.70	5079.20
337.70	5054.00
337.70	5063.60
337.70	5147.20
337.70	5199.60
337.70	5206.00
337.70	5313.60
337.70	5262.40
337.70	5274.40
337.70	5242.40
337.70	5240.80
337.70	5257.20
337.70	5317.20
337.71	5336.00
337.71	5379.60
337.71	5342.00
337.71	5316.00
337.71	5392.40
337.71	5347.20
337.71	5386.40
337.71	5456.00
337.71	5464.80
337.71	5456.80
337.71	5472.00
337.71	5484.40
337.71	5484.80
337.71	5532.40
337.71	5525.60
337.71	5601.20
337.71	5644.40
337.71	5629.20
337.71	5588.40
337.71	5621.20
337.71	5654.00
337.71	5577.20
337.71	5614.80
337.71	5643.60
337.71	5654.80
337.71	5717.60
337.71	5771.20
337.71	5722.80
337.71	5804.00
337.71	5814.80
337.71	5836.40
337.71	5903.60
337.71	5883.60
337.71	5837.20
337.71	5870.40
337.71	5863.20
337.72	5891.20
337.72	5957.20
337.72	5892.80
337.72	5974.40
337.72	5960.40
337.72	5929.60
337.72	5934.80
337.72	5974.80
337.72	5989.60
337.72	6085.20
337.72	6100.80
337.72	6058.40
337.72	6108.00
337.72	6137.20
337.72	6176.80
337.72	6168.80
337.72	6153.60
337.72	6226.40
337.72	6203.60
337.72	6240.80
337.72	6247.20
337.72	6265.60
337.72	6294.40
337.72	6356.00
337.72	6351.20
337.72	6309.60
337.72	6320.00
337.72	6402.00
337.72	6423.60
337.72	6399.20
337.72	6473.20
337.72	6441.20
337.72	6472.40
337.72	6490.00
337.72	6498.00
337.72	6470.00
337.73	6530.00
337.73	6552.80
337.73	6541.60
337.73	6578.00
337.73	6615.60
337.73	6676.40
337.73	6675.60
337.73	6616.40
337.73	6678.80
337.73	6666.00
337.73	6673.60
337.73	6710.40
337.73	6735.20
337.73	6824.40
337.73	6803.20
337.73	6772.40
337.73	6749.20
337.73	6767.60
337.73	6805.20
337.73	6887.20
337.73	6884.00
337.73	6883.20
337.73	6946.80
337.73	6968.40
337.73	6936.00
337.73	6948.80
337.73	6948.80
337.73	7066.80
337.73	7080.00
337.73	7074.00
337.73	7113.60
337.73	7148.40
337.73	7116.00
337.73	7084.40
337.73	7072.00
337.73	7183.60
337.73	7156.80
337.74	7168.40
337.74	7235.20
337.74	7250.80
337.74	7264.00
337.74	7343.20
337.74	7346.00
337.74	7308.40
337.74	7284.40
337.74	7334.00
337.74	7436.40
337.74	7432.80
337.74	7415.20
337.74	7555.60
337.74	7454.40
337.74	7478.00
337.74	7542.40
337.74	7504.40
337.74	7540.80
337.74	7586.00
337.74	7598.80
337.74	7653.20
337.74	7677.60
337.74	7685.60
337.74	7672.40
337.74	7690.40
337.74	7743.20
337.74	7788.40
337.74	7760.40
337.74	7806.00
337.74	7836.00
337.74	7839.20
337.74	7928.80
337.74	7918.40
337.74	7909.60
337.74	7929.60
337.74	7924.00
337.75	7957.60
337.75	7949.60
337.75	7980.00
337.75	8078.00
337.75	8069.20
337.75	8039.60
337.75	8045.60
337.75	8090.40
337.75	8148.00
337.75	8139.20
337.75	8162.00
337.75	8170.40
337.75	8228.00
337.75	8222.40
337.75	8274.80
337.75	8313.60
337.75	8342.00
337.75	8405.60
337.75	8349.60
337.75	8362.80
337.75	8289.60
337.75	8296.00
337.75	8408.00
337.75	8406.40
337.75	8432.80
337.75	8449.20
337.75	8456.80
337.75	8527.20
337.75	8593.20
337.75	8615.20
337.75	8640.80
337.75	8588.00
337.75	8552.80
337.75	8625.20
337.75	8605.20
337.75	8668.40
337.76	8741.20
337.76	8732.40
337.76	8792.00
337.76	8798.80
337.76	8828.00
337.76	8854.40
337.76	8842.00
337.76	8880.00
337.76	8978.00
337.76	8918.00
337.76	8908.40
337.76	8953.20
337.76	9002.80
337.76	9030.00
337.76	9041.60
337.76	9092.00
337.76	9120.00
337.76	9071.60
337.76	9172.80
337.76	9205.20
337.76	9237.20
337.76	9244.80
337.76	9234.80
337.76	9296.80
337.76	9380.00
337.76	9402.00
337.76	9400.40
337.76	9413.60
337.76	9388.00
337.76	9444.00
337.76	9489.20
337.76	9458.80
337.76	9500.40
337.76	9567.60
337.76	9530.40
337.76	9561.20
337.76	9590.40
337.77	9586.80
337.77	9662.80
337.77	9639.20
337.77	9660.80
337.77	9696.80
337.77	9671.60
337.77	9657.20
337.77	9676.80
337.77	9698.00
337.77	9775.60
337.77	9795.60
337.77	9901.20
337.77	9928.80
337.77	9900.00
337.77	9941.20
337.77	9970.00
337.77	10005.60
337.77	10034.40
337.77	9958.00
337.77	10025.20
337.77	10101.20
337.77	10131.60
337.77	10116.80
337.77	10107.20
337.77	10202.00
337.77	10203.20
337.77	10170.40
337.77	10188.80
337.77	10254.80
337.77	10256.00
337.77	10211.60
337.77	10271.20
337.77	10290.80
337.77	10352.80
337.77	10366.00
337.77	10424.00
337.78	10464.40
337.78	10457.60
337.78	10516.80
337.78	10537.60
337.78	10498.40
337.78	10524.00
337.78	10574.40
337.78	10587.20
337.78	10613.20
337.78	10623.60
337.78	10624.00
337.78	10666.40
337.78	10636.00
337.78	10640.80
337.78	10656.00
337.78	10745.60
337.78	10743.60
337.78	10732.40
337.78	10786.00
337.78	10904.80
337.78	10874.80
337.78	10922.40
337.78	11050.00
337.78	10974.40
337.78	11022.00
337.78	11073.60
337.78	11034.40
337.78	11090.40
337.78	11069.20
337.78	11046.00
337.78	11039.20
337.78	11036.40
337.78	11091.60
337.78	11148.80
337.78	11111.20
337.78	11176.00
337.79	11190.40
337.79	11194.80
337.79	11270.80
337.79	11274.40
337.79	11258.40
337.79	11368.40
337.79	11338.00
337.79	11335.20
337.79	11405.60
337.79	11404.00
337.79	11483.20
337.79	11497.20
337.79	11572.00
337.79	11610.80
337.79	11611.60
337.79	11588.80
337.79	11545.60
337.79	11536.40
337.79	11584.40
337.79	11629.20
337.79	11586.80
337.79	11676.80
337.79	11716.40
337.79	11694.80
337.79	11744.80
337.79	11718.00
337.79	11731.60
337.79	11830.80
337.79	11831.20
337.79	11791.60
337.79	11827.60
337.79	11897.20
337.79	11924.40
337.79	11954.40
337.79	11918.00
337.79	11934.40
337.79	11954.80
337.80	11969.20
337.80	11990.80
337.80	12019.60
337.80	12060.40
337.80	12049.60
337.80	12047.60
337.80	12030.40
337.80	12082.00
337.80	12170.80
337.80	12203.60
337.80	12222.80
337.80	12203.60
337.80	12236.40
337.80	12197.60
337.80	12222.00
337.80	12244.40
337.80	12239.20
337.80	12223.20
337.80	12190.40
337.80	12241.20
337.80	12282.40
337.80	12286.80
337.80	12340.40
337.80	12350.00
337.80	12371.60
337.80	12430.00
337.80	12444.00
337.80	12496.00
337.80	12489.60
337.80	12426.80
337.80	12513.60
337.80	12559.20
337.80	12468.80
337.80	12508.80
337.80	12569.60
337.80	12498.40
337.81	12513.20
337.81	12608.40
337.81	12600.00
337.81	12590.40
337.81	12581.60
337.81	12604.00
337.81	12632.80
337.81	12640.40
337.81	12712.40
337.81	12685.60
337.81	12683.20
337.81	12749.60
337.81	12747.60
337.81	12665.20
337.81	12726.40
337.81	12811.60
337.81	12797.60
337.81	12781.20
337.81	12789.60
337.81	12733.20
337.81	12746.80
337.81	12834.80
337.81	12830.40
337.81	12802.40
337.81	12827.60
337.81	12853.60
337.81	12822.00
337.81	12910.80
337.81	12930.40
337.81	12874.00
337.81	12958.40
337.81	12942.80
337.81	12974.80
337.81	12993.60
337.81	12978.00
337.81	12992.00
337.82	12981.60
337.82	13004.00
337.82	13022.80
337.82	12944.80
337.82	12991.60
337.82	12989.20
337.82	13086.80
337.82	13119.60
337.82	13064.00
337.82	13070.00
337.82	13120.00
337.82	13119.20
337.82	13090.00
337.82	13095.20
337.82	13093.20
337.82	13119.60
337.82	13094.00
337.82	13029.20
337.82	13059.20
337.82	13034.00
337.82	13053.60
337.82	13105.60
337.82	13062.40
337.82	13058.40
337.82	13092.40
337.82	13116.80
337.82	13110.40
337.82	13110.80
337.82	13050.80
337.82	13109.20
337.82	13109.60
337.82	13102.40
337.82	13054.40
337.82	13094.80
337.82	13061.60
337.82	13046.80
337.82	13088.00
337.83	13082.00
337.83	13049.20
337.83	12976.40
337.83	12980.40
337.83	13072.80
337.83	13092.80
337.83	13117.60
337.83	13092.00
337.83	13028.40
337.83	13018.00
337.83	13016.40
337.83	13052.00
337.83	12970.00
337.83	13004.80
337.83	13048.40
337.83	13017.60
337.83	12993.20
337.83	12954.00
337.83	12934.00
337.83	12910.80
337.83	12927.20
337.83	12922.40
337.83	12914.80
337.83	12934.00
337.83	12903.60
337.83	12826.00
337.83	12816.80
337.83	12826.80
337.83	12835.20
337.83	12849.60
337.83	12872.00
337.83	12788.80
337.83	12795.60
337.83	12794.00
337.83	12746.80
337.83	12704.00
337.84	12722.00
337.84	12758.80
337.84	12722.40
337.84	12681.20
337.84	12733.60
337.84	12677.20
337.84	12636.00
337.84	12605.60
337.84	12530.40
337.84	12518.80
337.84	12531.60
337.84	12502.00
337.84	12546.80
337.84	12534.40
337.84	12494.40
337.84	12448.40
337.84	12474.80
337.84	12425.20
337.84	12328.80
337.84	12278.00
337.84	12373.20
337.84	12286.80
337.84	12237.20
337.84	12248.00
337.84	12205.60
337.84	12227.60
337.84	12202.00
337.84	12162.00
337.84	12158.00
337.84	12185.20
337.84	12132.40
337.84	12071.60
337.84	11969.60
337.84	11982.80
337.84	11981.60
337.84	11955.60
337.84	11866.00
337.85	11843.20
337.85	11776.80
337.85	11789.60
337.85	11707.20
337.85	11688.80
337.85	11714.80
337.85	11663.60
337.85	11599.20
337.85	11576.80
337.85	11526.00
337.85	11540.40
337.85	11518.00
337.85	11432.00
337.85	11482.80
337.85	11436.80
337.85	11395.20
337.85	11371.20
337.85	11242.80
337.85	11220.40
337.85	11209.20
337.85	11146.80
337.85	11169.20
337.85	11117.60
337.85	11040.00
337.85	11031.60
337.85	10994.00
337.85	10998.80
337.85	10974.80
337.85	10862.00
337.85	10814.80
337.85	10791.60
337.85	10740.00
337.85	10735.60
337.85	10639.20
337.85	10572.00
337.85	10558.80
337.86	10392.80
337.86	10380.00
337.86	10271.60
337.86	10217.60
337.86	10309.60
337.86	10224.80
337.86	10143.60
337.86	10132.80
337.86	10030.40
337.86	10034.40
337.86	10024.80
337.86	9896.00
337.86	9836.00
337.86	9784.40
337.86	9745.20
337.86	9757.20
337.86	9621.60
337.86	9508.80
337.86	9610.00
337.86	9526.00
337.86	9470.40
337.86	9418.80
337.86	9341.20
337.86	9244.00
337.86	9192.00
337.86	9205.60
337.86	9168.00
337.86	9015.20
337.86	9025.60
337.86	9042.00
337.86	8894.80
337.86	8924.40
337.86	8856.40
337.86	8753.20
337.86	8775.60
337.86	8642.00
337.87	8577.60
337.87	8523.20
337.87	8371.20
337.87	8370.40
337.87	8332.80
337.87	8150.40
337.87	8173.60
337.87	8118.80
337.87	8020.00
337.87	8013.20
337.87	7877.60
337.87	7808.80
337.87	7814.40
337.87	7638.40
337.87	7652.40
337.87	7596.80
337.87	7438.80
337.87	7397.20
337.87	7287.60
337.87	7188.80
337.87	7195.60
337.87	7049.20
337.87	6998.00
337.87	6920.80
337.87	6797.60
337.87	6766.80
337.87	6682.80
337.87	6590.00
337.87	6668.40
337.87	6439.60
337.87	6403.60
337.87	6416.00
337.87	6282.40
337.87	6212.80
337.87	6110.40
337.87	5994.80
337.87	5997.20
337.88	5868.00
337.88	5774.40
337.88	5754.00
337.88	5572.80
337.88	5524.00
337.88	5438.80
337.88	5252.80
337.88	5300.00
337.88	5192.00
337.88	4944.80
337.88	4925.20
337.88	4802.40
337.88	4793.60
337.88	4757.20
337.88	4574.00
337.88	4671.60
337.88	4593.20
337.88	4400.00
337.88	4474.00
337.88	4245.20
337.88	4098.00
337.88	4164.80
337.88	3976.40
337.88	3951.20
337.88	3908.00
337.88	3708.80
337.88	3650.00
337.88	3676.40
337.88	3516.40
337.88	3552.80
337.88	3390.40
337.88	3293.20
337.88	3212.40
337.88	3052.00
337.88	3044.00
337.88	2990.00
337.89	2856.80
337.89	2841.20
337.89	2643.20
337.89	2500.00
337.89	2566.80
337.89	2319.20
337.89	2236.00
337.89	2245.20
337.89	2062.00
337.89	2098.40
337.89	2010.80
337.89	1798.40
337.89	1809.60
337.89	1662.40
337.89	1591.60
337.89	1559.60
337.89	1386.00
337.89	1400.00
337.89	1355.20
337.89	1114.00
337.89	1072.40
337.89	992.00
337.89	802.40
337.89	716.80
337.89	583.20
337.89	529.60
337.89	517.20
337.89	319.60
337.89	260.80
337.89	213.20
337.89	64.80
337.89	58.00
337.89	-76.00
337.89	-164.00
337.89	-195.60
337.89	-352.40
337.90	-374.80
337.90	-434.40
337.90	-696.00
337.90	-690.00
337.90	-780.80
337.90	-911.20
337.90	-959.60
337.90	-1119.20
337.90	-1254.40
337.90	-1294.00
337.90	-1433.60
337.90	-1409.20
337.90	-1480.80
337.90	-1746.40
337.90	-1662.80
337.90	-1764.40
337.90	-1906.40
337.90	-1897.20
337.90	-2112.80
337.90	-2242.80
337.90	-2279.60
337.90	-2456.80
337.90	-2362.80
337.90	-2516.80
337.90	-2734.40
337.90	-2738.40
337.90	-2921.60
337.90	-3018.80
337.90	-3052.00
337.90	-3243.20
337.90	-3229.20
337.90	-3303.60
337.90	-3412.00
337.90	-3480.80
337.90	-3652.40
337.90	-3775.20
337.90	-3776.00
337.91	-3940.00
337.91	-4022.40
337.91	-4038.80
337.91	-4202.80
337.91	-4145.60
337.91	-4190.40
337.91	-4337.20
337.91	-4368.80
337.91	-4504.00
337.91	-4623.20
337.91	-4660.80
337.91	-4836.40
337.91	-4808.80
337.91	-4852.40
337.91	-5079.60
337.91	-5029.60
337.91	-5179.20
337.91	-5290.40
337.91	-5245.20
337.91	-5430.80
337.91	-5494.40
337.91	-5518.00
337.91	-5694.40
337.91	-5797.60
337.91	-5838.80
337.91	-5981.60
337.91	-5968.00
337.91	-6107.60
337.91	-6222.00
337.91	-6189.20
337.91	-6375.60
337.91	-6438.80
337.91	-6463.60
337.91	-6642.00
337.91	-6612.80
337.91	-6721.60
337.92	-6824.80
337.92	-6759.20
337.92	-6914.40
337.92	-7058.80
337.92	-7169.60
337.92	-7334.80
337.92	-7341.60
337.92	-7406.00
337.92	-7526.80
337.92	-7481.60
337.92	-7657.60
337.92	-7694.00
337.92	-7637.60
337.92	-7814.80
337.92	-7891.60
337.92	-7911.20
337.92	-8059.20
337.92	-8054.40
337.92	-8156.40
337.92	-8220.40
337.92	-8224.00
337.92	-8354.80
337.92	-8395.20
337.92	-8420.80
337.92	-8562.80
337.92	-8544.40
337.92	-8636.00
337.92	-8782.80
337.92	-8830.40
337.92	-8961.20
337.92	-9025.60
337.92	-8983.60
337.92	-9180.40
337.92	-9224.00
337.92	-9168.40
337.92	-9340.40
337.93	-9358.00
337.93	-9388.00
337.93	-9472.80
337.93	-9506.00
337.93	-9632.80
337.93	-9702.00
337.93	-9718.00
337.93	-9864.40
337.93	-9901.60
337.93	-9908.00
337.93	-9992.40
337.93	-9998.80
337.93	-10040.40
337.93	-10121.60
337.93	-10134.00
337.93	-10286.40
337.93	-10342.40
337.93	-10367.20
337.93	-10518.00
337.93	-10479.20
337.93	-10549.60
337.93	-10687.20
337.93	-10643.60
337.93	-10721.60
337.93	-10805.20
337.93	-10837.60
337.93	-10970.00
337.93	-10962.00
337.93	-10992.80
337.93	-11182.00
337.93	-11208.40
337.93	-11310.00
337.93	-11344.80
337.93	-11302.40
337.93	-11364.80
337.93	-11436.40
337.93	-11400.40
337.94	-11488.80
337.94	-11568.80
337.94	-11651.20
337.94	-11658.40
337.94	-11580.00
337.94	-11712.80
337.94	-11813.20
337.94	-11763.20
337.94	-11842.80
337.94	-11911.60
337.94	-11925.20
337.94	-12022.40
337.94	-12054.80
337.94	-12083.20
337.94	-12149.20
337.94	-12081.20
337.94	-12185.60
337.94	-12220.80
337.94	-12275.60
337.94	-12394.40
337.94	-12346.80
337.94	-12391.20
337.94	-12534.00
337.94	-12535.20
337.94	-12518.00
337.94	-12561.20
337.94	-12540.40
337.94	-12673.20
337.94	-12722.40
337.94	-12712.40
337.94	-12761.20
337.94	-12710.80
337.94	-12793.60
337.94	-12891.60
337.94	-12883.20
337.94	-12989.60
337.95	-13014.40
337.95	-12998.40
337.95	-12997.20
337.95	-13032.40
337.95	-13055.20
337.95	-13120.00
337.95	-13083.20
337.95	-13100.80
337.95	-13193.60
337.95	-13251.20
337.95	-13250.40
337.95	-13255.60
337.95	-13328.40
337.95	-13388.00
337.95	-13388.80
337.95	-13426.40
337.95	-13431.20
337.95	-13390.40
337.95	-13496.40
337.95	-13498.80
337.95	-13493.20
337.95	-13525.60
337.95	-13613.60
337.95	-13597.60
337.95	-13674.00
337.95	-13662.80
337.95	-13654.00
337.95	-13716.40
337.95	-13697.60
337.95	-13707.20
337.95	-13726.40
337.95	-13754.00
337.95	-13755.20
337.95	-13722.00
337.95	-13790.80
337.95	-13842.40
337.96	-13796.00
337.96	-13823.60
337.96	-13870.00
337.96	-13876.80
337.96	-13954.80
337.96	-13939.20
337.96	-13937.60
337.96	-13981.60
337.96	-13987.60
337.96	-13959.20
337.96	-13988.40
337.96	-14024.40
337.96	-14038.40
337.96	-14022.00
337.96	-14009.20
337.96	-14083.20
337.96	-14056.00
337.96	-14048.00
337.96	-14087.60
337.96	-14140.00
337.96	-14080.00
337.96	-14061.60
337.96	-14129.20
337.96	-14126.80
337.96	-14156.40
337.96	-14197.60
337.96	-14186.00
337.96	-14160.80
337.96	-14182.80
337.96	-14157.20
337.96	-14184.80
337.96	-14226.40
337.96	-14232.80
337.96	-14234.80
337.96	-14222.80
337.96	-14229.20
337.96	-14263.20
337.97	-14333.20
337.97	-14282.40
337.97	-14276.80
337.97	-14284.80
337.97	-14256.40
337.97	-14201.20
337.97	-14236.80
337.97	-14226.00
337.97	-14215.60
337.97	-14246.00
337.97	-14243.20
337.97	-14266.80
337.97	-14234.80
337.97	-14242.00
337.97	-14239.60
337.97	-14196.00
337.97	-14229.20
337.97	-14312.40
337.97	-14299.60
337.97	-14276.80
337.97	-14320.40
337.97	-14303.20
337.97	-14248.00
337.97	-14238.00
337.97	-14245.60
337.97	-14242.40
337.97	-14258.00
337.97	-14237.20
337.97	-14242.40
337.97	-14214.00
337.97	-14248.40
337.97	-14287.60
337.97	-14222.80
337.97	-14208.00
337.97	-14219.20
337.97	-14226.00
337.98	-14258.40
337.98	-14226.80
337.98	-14162.40
337.98	-14165.60
337.98	-14169.60
337.98	-14128.40
337.98	-14145.20
337.98	-14174.80
337.98	-14171.20
337.98	-14133.60
337.98	-14132.00
337.98	-14199.20
337.98	-14126.00
337.98	-14040.40
337.98	-14088.80
337.98	-14079.20
337.98	-14039.60
337.98	-14029.20
337.98	-14086.00
337.98	-14086.00
337.98	-14064.40
337.98	-14057.20
337.98	-14026.00
337.98	-14002.80
337.98	-13930.80
337.98	-13908.00
337.98	-13935.20
337.98	-13942.80
337.98	-13972.40
337.98	-13993.60
337.98	-13973.20
337.98	-13922.40
337.98	-13888.00
337.98	-13954.80
337.98	-13891.60
337.98	-13865.20
337.99	-13926.40
337.99	-13910.40
337.99	-13817.20
337.99	-13816.00
337.99	-13819.60
337.99	-13816.80
337.99	-13815.60
337.99	-13778.80
337.99	-13748.40
337.99	-13718.40
337.99	-13712.00
337.99	-13742.80
337.99	-13696.00
337.99	-13697.20
337.99	-13732.00
337.99	-13618.40
337.99	-13659.60
337.99	-13645.20
337.99	-13616.40
337.99	-13613.60
337.99	-13580.40
337.99	-13578.00
337.99	-13557.20
337.99	-13492.00
337.99	-13573.60
337.99	-13505.20
337.99	-13446.80
337.99	-13463.60
337.99	-13426.00
337.99	-13418.00
337.99	-13424.40
337.99	-13384.00
337.99	-13363.20
337.99	-13344.80
337.99	-13302.00
337.99	-13283.60
337.99	-13297.60
338.00	-13300.40
338.00	-13283.20
338.00	-13212.80
338.00	-13230.00
338.00	-13248.80
338.00	-13218.00
338.00	-13186.80
338.00	-13187.60
338.00	-13125.60
338.00	-13095.20
338.00	-13056.80
338.00	-13068.00
338.00	-13072.80
338.00	-13076.00
338.00	-13040.40
338.00	-13000.80
338.00	-13002.00
338.00	-13022.80
338.00	-13022.00
338.00	-12956.40
338.00	-12918.80
338.00	-12859.20
338.00	-12859.60
338.00	-12897.20
338.00	-12856.80
338.00	-12816.40
338.00	-12812.40
338.00	-12791.60
338.00	-12800.40
338.00	-12788.40
338.00	-12723.60
338.00	-12715.60
338.00	-12619.60
338.00	-12616.00
338.00	-12626.00
338.00	-12598.80
338.01	-12597.20
338.01	-12562.80
338.01	-12553.60
338.01	-12648.00
338.01	-12601.60
338.01	-12524.40
338.01	-12483.60
338.01	-12470.80
338.01	-12458.40
338.01	-12468.40
338.01	-12421.20
338.01	-12435.60
338.01	-12403.20
338.01	-12380.40
338.01	-12346.40
338.01	-12281.60
338.01	-12230.80
338.01	-12180.00
338.01	-12187.60
338.01	-12199.20
338.01	-12152.40
338.01	-12138.00
338.01	-12138.80
338.01	-12090.80
338.01	-12032.80
338.01	-12007.60
338.01	-12046.80
338.01	-12086.40
338.01	-12011.20
338.01	-11922.00
338.01	-11897.60
338.01	-11915.60
338.01	-11877.20
338.01	-11883.20
338.01	-11866.80
338.01	-11864.80
338.02	-11890.40
338.02	-11811.60
338.02	-11800.00
338.02	-11796.80
338.02	-11681.60
338.02	-11651.60
338.02	-11667.20
338.02	-11691.20
338.02	-11648.40
338.02	-11648.00
338.02	-11669.20
338.02	-11628.80
338.02	-11568.00
338.02	-11562.40
338.02	-11530.00
338.02	-11490.80
338.02	-11516.40
338.02	-11451.60
338.02	-11421.20
338.02	-11374.00
338.02	-11313.60
338.02	-11329.60
338.02	-11341.60
338.02	-11338.40
338.02	-11357.60
338.02	-11317.20
338.02	-11255.60
338.02	-11271.60
338.02	-11210.80
338.02	-11148.80
338.02	-11144.40
338.02	-11090.80
338.02	-11105.20
338.02	-11082.00
338.02	-11075.20
338.02	-11051.20
338.02	-11033.60
338.03	-10981.60
338.03	-10986.40
338.03	-10948.00
338.03	-10953.20
338.03	-10916.40
338.03	-10878.40
338.03	-10869.20
338.03	-10832.40
338.03	-10856.00
338.03	-10872.40
338.03	-10801.20
338.03	-10774.40
338.03	-10725.60
338.03	-10688.40
338.03	-10732.80
338.03	-10702.40
338.03	-10664.40
338.03	-10659.60
338.03	-10598.00
338.03	-10617.60
338.03	-10596.80
338.03	-10476.40
338.03	-10460.00
338.03	-10458.00
338.03	-10400.40
338.03	-10371.60
338.03	-10354.40
338.03	-10329.20
338.03	-10377.20
338.03	-10304.00
338.03	-10319.20
338.03	-10369.20
338.03	-10313.60
338.03	-10271.60
338.03	-10258.00
338.03	-10267.60
338.04	-10228.80
338.04	-10187.60
338.04	-10181.20
338.04	-10154.40
338.04	-10030.80
338.04	-10058.80
338.04	-10121.60
338.04	-10028.80
338.04	-10088.00
338.04	-10021.60
338.04	-9999.20
338.04	-9934.80
338.04	-9901.60
338.04	-9913.20
338.04	-9917.60
338.04	-9880.80
338.04	-9959.60
338.04	-9862.80
338.04	-9817.20
338.04	-9796.40
338.04	-9744.00
338.04	-9677.60
338.04	-9746.80
338.04	-9730.80
338.04	-9711.20
338.04	-9697.20
338.04	-9609.20
338.04	-9630.40
338.04	-9585.20
338.04	-9549.20
338.04	-9591.20
338.04	-9534.80
338.04	-9503.20
338.04	-9504.80
338.04	-9398.00
338.04	-9437.60
338.05	-9449.20
338.05	-9412.40
338.05	-9372.40
338.05	-9371.60
338.05	-9326.00
338.05	-9292.80
338.05	-9287.20
338.05	-9293.20
338.05	-9265.20
338.05	-9214.00
338.05	-9252.40
338.05	-9248.00
338.05	-9209.20
338.05	-9226.40
338.05	-9137.60
338.05	-9120.00
338.05	-9104.00
338.05	-9023.20
338.05	-8984.00
338.05	-9038.00
338.05	-8978.00
338.05	-8992.00
338.05	-8942.00
338.05	-8934.00
338.05	-8944.40
338.05	-8906.40
338.05	-8874.00
338.05	-8853.20
338.05	-8820.00
338.05	-8846.80
338.05	-8845.20
338.05	-8816.80
338.05	-8799.20
338.05	-8780.80
338.05	-8713.20
338.05	-8700.00
338.05	-8728.40
338.06	-8715.20
338.06	-8624.40
338.06	-8640.40
338.06	-8609.60
338.06	-8626.00
338.06	-8577.60
338.06	-8547.60
338.06	-8490.00
338.06	-8478.80
338.06	-8430.00
338.06	-8342.80
338.06	-8373.60
338.06	-8431.60
338.06	-8369.60
338.06	-8392.00
338.06	-8378.80
338.06	-8350.80
338.06	-8354.80
338.06	-8329.20
338.06	-8346.80
338.06	-8301.20
338.06	-8252.00
338.06	-8250.40
338.06	-8220.00
338.06	-8197.20
338.06	-8188.80
338.06	-8141.60
338.06	-8107.60
338.06	-8132.80
338.06	-8080.00
338.06	-8124.80
338.06	-8148.40
338.06	-8148.40
338.06	-8028.80
338.06	-7980.40
338.06	-7982.00
338.07	-8000.00
338.07	-7980.40
338.07	-7983.20
338.07	-7971.60
338.07	-7947.60
338.07	-7962.00
338.07	-7911.60
338.07	-7856.00
338.07	-7902.40
338.07	-7866.80
338.07	-7798.40
338.07	-7812.80
338.07	-7728.40
338.07	-7738.00
338.07	-7715.20
338.07	-7686.00
338.07	-7692.80
338.07	-7662.00
338.07	-7600.40
338.07	-7657.20
338.07	-7568.00
338.07	-7598.00
338.07	-7656.40
338.07	-7618.00
338.07	-7615.60
338.07	-7612.80
338.07	-7573.60
338.07	-7564.00
338.07	-7559.60
338.07	-7531.20
338.07	-7522.00
338.07	-7485.60
338.07	-7486.00
338.07	-7414.00
338.07	-7338.00
338.07	-7341.20
338.07	-7344.00
338.08	-7355.20
338.08	-7344.40
338.08	-7282.00
338.08	-7258.40
338.08	-7290.00
338.08	-7225.20
338.08	-7287.20
338.08	-7282.80
338.08	-7224.40
338.08	-7220.00
338.08	-7208.00
338.08	-7169.20
338.08	-7150.80
338.08	-7124.40
338.08	-7129.60
338.08	-7099.20
338.08	-7128.80
338.08	-7077.60
338.08	-7101.60
338.08	-7042.00
338.08	-7028.80
338.08	-6999.60
338.08	-7032.40
338.08	-7009.60
338.08	-6958.80
338.08	-6940.00
338.08	-6908.40
338.08	-6861.60
338.08	-6874.40
338.08	-6848.00
338.08	-6873.20
338.08	-6850.80
338.08	-6794.00
338.08	-6814.80
338.08	-6813.20
338.08	-6767.20
338.09	-6794.40
338.09	-6753.60
338.09	-6687.20
338.09	-6671.60
338.09	-6708.40
338.09	-6675.20
338.09	-6648.80
338.09	-6638.40
338.09	-6650.00
338.09	-6618.40
338.09	-6602.00
338.09	-6573.20
338.09	-6545.20
338.09	-6509.20
338.09	-6505.60
338.09	-6497.20
338.09	-6567.20
338.09	-6637.20
338.09	-6542.00
338.09	-6502.40
338.09	-6482.40
338.09	-6475.60
338.09	-6422.40
338.09	-6353.20
338.09	-6381.20
338.09	-6440.00
338.09	-6379.60
338.09	-6383.60
338.09	-6386.40
338.09	-6336.80
338.09	-6365.60
338.09	-6366.00
338.09	-6295.20
338.09	-6315.60
338.09	-6323.60
338.09	-6284.00
338.10	-6261.60
338.10	-6239.60
338.10	-6201.60
338.10	-6138.00
338.10	-6067.20
338.10	-6132.40
338.10	-6079.60
338.10	-6066.40
338.10	-6122.40
338.10	-6096.80
338.10	-6127.20
338.10	-6139.20
338.10	-6084.00
338.10	-6070.00
338.10	-6008.40
338.10	-5995.60
338.10	-5963.60
338.10	-5957.20
338.10	-5960.40
338.10	-5947.20
338.10	-5935.20
338.10	-5958.80
338.10	-5910.80
338.10	-5872.00
338.10	-5899.60
338.10	-5931.60
338.10	-5886.80
338.10	-5868.00
338.10	-5892.00
338.10	-5862.40
338.10	-5902.40
338.10	-5871.60
338.10	-5838.00
338.10	-5799.20
338.10	-5814.80
338.10	-5781.60
338.10	-5691.60
338.11	-5722.40
338.11	-5721.60
338.11	-5701.60
338.11	-5670.40
338.11	-5656.80
338.11	-5648.00
338.11	-5750.80
338.11	-5694.00
338.11	-5665.60
338.11	-5738.40
338.11	-5668.00
338.11	-5654.80
338.11	-5668.40
338.11	-5647.20
338.11	-5657.60
338.11	-5608.80
338.11	-5625.60
338.11	-5513.20
338.11	-5488.00
338.11	-5486.40
338.11	-5498.00
338.11	-5436.80
338.11	-5434.40
338.11	-5460.40
338.11	-5461.60
338.11	-5426.80
338.11	-5436.00
338.11	-5413.20
338.11	-5396.80
338.11	-5414.80
338.11	-5444.00
338.11	-5405.60
338.11	-5380.80
338.11	-5423.60
338.11	-5430.40
338.11	-5378.40
338.12	-5405.20
338.12	-5318.40
338.12	-5276.00
338.12	-5308.40
338.12	-5293.60
338.12	-5308.80
338.12	-5326.80
338.12	-5285.20
338.12	-5304.80
338.12	-5276.80
338.12	-5237.60
338.12	-5202.40
338.12	-5128.00
338.12	-5133.20
338.12	-5161.20
338.12	-5143.20
338.12	-5178.80
338.12	-5186.40
338.12	-5146.80
338.12	-5139.20
338.12	-5058.80
338.12	-5042.00
338.12	-5091.20
338.12	-5043.20
338.12	-5016.00
338.12	-4990.40
338.12	-5021.20
338.12	-5016.80
338.12	-4984.80
338.12	-4980.00
338.12	-5042.40
338.12	-4999.60
338.12	-4998.00
338.12	-4987.60
338.12	-4950.40
338.12	-4946.40
338.13	-4948.00
338.13	-4865.20
338.13	-4839.60
338.13	-4850.40
338.13	-4859.60
338.13	-4868.00
338.13	-4887.60
338.13	-4904.00
338.13	-4900.80
338.13	-4824.00
338.13	-4842.40
338.13	-4854.00
338.13	-4874.40
338.13	-4802.80
338.13	-4814.80
338.13	-4804.40
338.13	-4808.40
338.13	-4737.60
338.13	-4706.40
338.13	-4695.20
338.13	-4660.00
338.13	-4636.00
338.13	-4658.80
338.13	-4711.60
338.13	-4686.40
338.13	-4699.20
338.13	-4690.40
338.13	-4694.80
338.13	-4648.80
338.13	-4634.00
338.13	-4618.00
338.13	-4609.60
338.13	-4602.80
338.13	-4572.40
338.13	-4596.00
338.13	-4600.40
338.13	-4564.80
338.14	-4552.80
338.14	-4577.20
338.14	-4474.40
338.14	-4541.20
338.14	-4502.80
338.14	-4492.00
338.14	-4542.40
338.14	-4513.60
338.14	-4489.20
338.14	-4454.40
338.14	-4442.80
338.14	-4452.40
338.14	-4472.40
338.14	-4514.80
338.14	-4556.80
338.14	-4490.00
338.14	-4428.80
338.14	-4432.40
338.14	-4440.40
338.14	-4442.80
338.14	-4409.20
338.14	-4346.80
338.14	-4346.00
338.14	-4374.00
338.14	-4318.00
338.14	-4356.80
338.14	-4366.00
338.14	-4316.40
338.14	-4356.40
338.14	-4299.60
338.14	-4307.60
338.14	-4287.20
338.14	-4296.80
338.14	-4222.00
338.14	-4181.20
338.14	-4162.00
338.15	-4235.20
338.15	-4265.20
338.15	-4245.60
338.15	-4232.00
338.15	-4247.20
338.15	-4197.20
338.15	-4244.40
338.15	-4245.60
338.15	-4175.20
338.15	-4197.20
338.15	-4200.40
338.15	-4206.40
338.15	-4193.20
338.15	-4152.80
338.15	-4094.40
338.15	-4087.60
338.15	-4097.20
338.15	-4092.80
338.15	-4150.00
338.15	-4101.20
338.15	-4028.80
338.15	-4073.20
338.15	-4078.40
338.15	-4006.40
338.15	-4029.20
338.15	-4059.20
338.15	-4033.20
338.15	-3968.40
338.15	-3971.60
338.15	-3967.20
338.15	-3982.00
338.15	-3991.60
338.15	-4006.80
338.15	-3991.60
338.15	-3980.80
338.15	-3980.80
338.16	-3957.60
338.16	-3960.00
338.16	-3868.40
338.16	-3804.40
338.16	-3844.00
338.16	-3874.80
338.16	-3866.80
338.16	-3846.40
338.16	-3877.20
338.16	-3870.00
338.16	-3882.40
338.16	-3834.40
338.16	-3830.00
338.16	-3801.60
338.16	-3803.60
338.16	-3841.20
338.16	-3853.60
338.16	-3797.20
338.16	-3782.40
338.16	-3811.20
338.16	-3805.60
338.16	-3792.00
338.16	-3781.20
338.16	-3838.00
338.16	-3813.60
338.16	-3785.20
338.16	-3783.20
338.16	-3753.60
338.16	-3680.40
338.16	-3715.20
338.16	-3723.60
338.16	-3718.80
338.16	-3721.60
338.16	-3683.20
338.16	-3709.20
338.16	-3696.80
338.16	-3735.60
338.17	-3731.20
338.17	-3729.20
338.17	-3636.40
338.17	-3672.40
338.17	-3658.00
338.17	-3659.20
338.17	-3684.00
338.17	-3712.00
338.17	-3685.20
338.17	-3675.20
338.17	-3611.20
338.17	-3605.20
338.17	-3607.60
338.17	-3591.60
338.17	-3632.00
338.17	-3600.40
338.17	-3585.60
338.17	-3588.40
338.17	-3596.00
338.17	-3600.00
338.17	-3604.00
338.17	-3573.60
338.17	-3551.60
338.17	-3513.60
338.17	-3517.60
338.17	-3551.60
338.17	-3532.80
338.17	-3572.80
338.17	-3542.00
338.17	-3514.40
338.17	-3559.60
338.17	-3513.60
338.17	-3467.60
338.17	-3509.20
338.17	-3407.60
338.17	-3382.40
338.18	-3394.40
338.18	-3402.40
338.18	-3419.60
338.18	-3450.40
338.18	-3399.60
338.18	-3468.00
338.18	-3445.20
338.18	-3425.20
338.18	-3432.40
338.18	-3411.20
338.18	-3460.40
338.18	-3470.80
338.18	-3409.20
338.18	-3367.20
338.18	-3386.40
338.18	-3348.80
338.18	-3348.40
338.18	-3302.80
338.18	-3308.40
338.18	-3292.40
338.18	-3291.60
338.18	-3301.20
338.18	-3328.00
338.18	-3298.40
338.18	-3297.20
338.18	-3273.60
338.18	-3264.80
338.18	-3311.60
338.18	-3272.40
338.18	-3291.20
338.18	-3335.60
338.18	-3345.60
338.18	-3367.60
338.18	-3274.80
338.18	-3277.60
338.18	-3266.40
338.19	-3296.40
338.19	-3260.00
338.19	-3212.00
338.19	-3216.00
338.19	-3237.60
338.19	-3210.80
338.19	-3195.60
338.19	-3199.20
338.19	-3186.40
338.19	-3245.60
338.19	-3257.60
338.19	-3212.40
338.19	-3188.80
338.19	-3243.20
338.19	-3192.00
338.19	-3181.60
338.19	-3172.80
338.19	-3145.60
338.19	-3135.20
338.19	-3205.20
338.19	-3174.80
338.19	-3145.20
338.19	-3154.80
338.19	-3173.20
338.19	-3185.20
338.19	-3132.00
338.19	-3128.00
338.19	-3145.60
338.19	-3127.20
338.19	-3084.00
338.19	-3034.40
338.19	-3020.40
338.19	-3015.60
338.19	-3014.00
338.19	-3021.60
338.19	-3009.20
338.19	-3016.80
338.20	-3007.60
338.20	-2989.60
338.20	-2988.00
338.20	-2962.40
338.20	-2932.40
338.20	-2986.00
338.20	-2994.00
338.20	-2992.80
338.20	-3013.60
338.20	-3032.00
338.20	-2957.20
338.20	-3008.80
338.20	-3068.80
338.20	-3033.20
338.20	-3040.00
338.20	-2991.60
338.20	-2973.20
338.20	-2984.80
338.20	-2958.40
338.20	-2950.00
338.20	-2928.80
338.20	-2896.40
338.20	-2904.40
338.20	-2942.00
338.20	-2928.80
338.20	-2914.80
338.20	-2873.20
338.20	-2845.60
338.20	-2826.40
338.20	-2866.80
338.20	-2840.80
338.20	-2844.40
338.20	-2843.60
338.20	-2834.80
338.20	-2870.40
338.20	-2846.80
338.21	-2847.20
338.21	-2811.20
338.21	-2847.60
338.21	-2845.60
338.21	-2888.00
338.21	-2837.20
338.21	-2862.40
338.21	-2879.60
338.21	-2878.00
338.21	-2878.40
338.21	-2846.00
338.21	-2816.80
338.21	-2795.60
338.21	-2827.60
338.21	-2827.60
338.21	-2868.80
338.21	-2852.40
338.21	-2844.00
338.21	-2764.00
338.21	-2736.00
338.21	-2720.80
338.21	-2740.40
338.21	-2800.40
338.21	-2823.20
338.21	-2831.20
338.21	-2775.60
338.21	-2760.40
338.21	-2758.80
338.21	-2788.40
338.21	-2796.40
338.21	-2738.00
338.21	-2674.80
338.21	-2666.80
338.21	-2737.60
338.21	-2742.40
338.21	-2728.80
338.22	-2652.80
338.22	-2645.60
338.22	-2666.80
338.22	-2702.80
338.22	-2619.60
338.22	-2660.80
338.22	-2620.40
338.22	-2591.20
338.22	-2631.20
338.22	-2662.40
338.22	-2668.80
338.22	-2603.20
338.22	-2572.80
338.22	-2638.00
338.22	-2658.40
338.22	-2592.80
338.22	-2577.20
338.22	-2634.80
338.22	-2654.40
338.22	-2628.80
338.22	-2645.20
338.22	-2687.20
338.22	-2626.80
338.22	-2636.40
338.22	-2641.20
338.22	-2639.60
338.22	-2687.20
338.22	-2618.40
338.22	-2596.40
338.22	-2619.20
338.22	-2522.80
338.22	-2552.40
338.22	-2614.40
338.22	-2577.20
338.22	-2543.20
338.22	-2546.00
338.22	-2549.60
338.23	-2531.20
338.23	-2523.20
338.23	-2508.00
338.23	-2531.20
338.23	-2536.80
338.23	-2576.00
338.23	-2541.20
338.23	-2565.20
338.23	-2500.00
338.23	-2459.60
338.23	-2474.40
338.23	-2457.60
338.23	-2537.60
338.23	-2552.40
338.23	-2559.60
338.23	-2475.20
338.23	-2452.40
338.23	-2416.80
338.23	-2444.00
338.23	-2454.00
338.23	-2476.00
338.23	-2487.60
338.23	-2494.00
338.23	-2446.80
338.23	-2430.40
338.23	-2460.00
338.23	-2486.80
338.23	-2445.20
338.23	-2454.80
338.23	-2416.00
338.23	-2365.20
338.23	-2426.40
338.23	-2423.60
338.23	-2424.80
338.23	-2502.80
338.23	-2486.40
338.24	-2410.00
338.24	-2385.20
338.24	-2352.40
338.24	-2295.60
338.24	-2338.00
338.24	-2378.40
338.24	-2320.80
338.24	-2317.20
338.24	-2366.00
338.24	-2349.20
338.24	-2364.00
338.24	-2427.60
338.24	-2443.60
338.24	-2422.00
338.24	-2378.40
338.24	-2348.40
338.24	-2374.00
338.24	-2385.20
338.24	-2334.80
338.24	-2340.00
338.24	-2290.00
338.24	-2396.00
338.24	-2400.40
338.24	-2336.80
338.24	-2285.60
338.24	-2322.00
338.24	-2329.60
338.24	-2302.00
338.24	-2344.80
338.24	-2284.40
338.24	-2293.20
338.24	-2373.60
338.24	-2350.00
338.24	-2255.60
338.24	-2282.00
338.24	-2362.80
338.25	-2315.60
338.25	-2354.40
338.25	-2304.00
338.25	-2211.20
338.25	-2238.00
338.25	-2315.60
338.25	-2254.80
338.25	-2255.20
338.25	-2258.80
338.25	-2278.40
338.25	-2276.40
338.25	-2278.40
338.25	-2279.60
338.25	-2252.40
338.25	-2222.40
338.25	-2188.00
338.25	-2239.60
338.25	-2288.00
338.25	-2316.80
338.25	-2242.40
338.25	-2178.80
338.25	-2226.40
338.25	-2240.80
338.25	-2273.60
338.25	-2197.20
338.25	-2198.40
338.25	-2183.60
338.25	-2252.40
338.25	-2238.80
338.25	-2188.40
338.25	-2187.20
338.25	-2232.40
338.25	-2162.00
338.25	-2191.20
338.25	-2239.60
338.25	-2186.00
338.25	-2142.80
338.26	-2217.60
338.26	-2268.80
338.26	-2317.60
338.26	-2281.20
338.26	-2249.20
338.26	-2245.20
338.26	-2252.40
338.26	-2250.00
338.26	-2215.60
338.26	-2235.60
338.26	-2235.60
338.26	-2248.80
338.26	-2230.00
338.26	-2155.20
338.26	-2149.20
338.26	-2123.60
338.26	-2162.80
338.26	-2149.60
338.26	-2137.60
338.26	-2141.20
338.26	-2114.00
338.26	-2133.20
338.26	-2090.80
338.26	-2096.80
338.26	-2074.80
338.26	-2116.40
338.26	-2132.40
338.26	-2132.40
338.26	-2101.60
338.26	-2084.00
338.26	-2069.60
338.26	-2080.00
338.26	-2090.40
338.26	-2126.80
338.26	-2145.60
338.26	-2063.20
338.27	-2072.40
338.27	-2053.60
338.27	-2056.80
338.27	-2030.80
338.27	-2084.80
338.27	-2044.00
338.27	-2034.40
338.27	-2046.00
338.27	-2068.00
338.27	-2065.60
338.27	-2088.00
338.27	-2052.00
338.27	-2066.40
338.27	-2062.40
338.27	-2064.00
338.27	-2146.40
338.27	-2092.40
338.27	-2064.00
338.27	-2102.40
338.27	-2044.00
338.27	-2072.80
338.27	-2056.80
338.27	-2056.80
338.27	-2034.80
338.27	-2046.80
338.27	-2012.80
338.27	-1968.40
338.27	-2028.40
338.27	-2031.20
338.27	-1973.20
338.27	-2007.20
338.27	-2054.00
338.27	-2079.20
338.27	-2097.20
338.27	-2074.80
338.27	-2038.80
338.28	-2023.20
338.28	-1996.80
338.28	-2020.00
338.28	-1972.00
338.28	-1964.00
338.28	-1964.80
338.28	-1983.20
338.28	-1991.20
338.28	-1962.80
338.28	-2023.20
338.28	-1948.40
338.28	-1961.20
338.28	-2010.00
338.28	-1992.00
338.28	-1996.00
338.28	-1984.00
338.28	-1954.00
338.28	-1978.00
338.28	-2040.80
338.28	-2016.80
338.28	-2031.20
338.28	-1988.80
338.28	-1936.80
338.28	-1866.80
338.28	-1910.40
338.28	-1889.60
338.28	-1899.60
338.28	-1961.20
338.28	-1895.60
338.28	-1898.80
338.28	-1932.40
338.28	-1974.40
338.28	-1940.40
338.28	-1902.40
338.28	-1907.60
338.28	-1943.20
338.28	-1910.80
338.29	-1913.60
338.29	-1880.00
338.29	-1915.60
338.29	-1908.40
338.29	-1906.00
338.29	-1953.20
338.29	-1903.20
338.29	-1866.80
338.29	-1889.60
338.29	-1876.80
338.29	-1952.40
338.29	-1974.40
338.29	-1892.80
338.29	-1868.00
338.29	-1912.80
338.29	-1884.80
338.29	-1909.20
338.29	-1917.20
338.29	-1840.00
338.29	-1825.20
338.29	-1888.40
338.29	-1886.00
338.29	-1869.20
338.29	-1904.00
338.29	-1876.80
338.29	-1867.20
338.29	-1912.00
338.29	-1836.40
338.29	-1875.20
338.29	-1874.80
338.29	-1892.40
338.29	-1827.60
338.29	-1795.60
338.29	-1772.80
338.29	-1810.00
338.29	-1891.60
338.30	-1877.60
338.30	-1860.00
338.30	-1834.80
338.30	-1794.00
338.30	-1809.60
338.30	-1808.80
338.30	-1768.80
338.30	-1810.40
338.30	-1804.00
338.30	-1775.60
338.30	-1810.40
338.30	-1786.40
338.30	-1741.20
338.30	-1762.00
338.30	-1752.80
338.30	-1800.40
338.30	-1794.40
338.30	-1805.60
338.30	-1774.80
338.30	-1836.40
338.30	-1832.80
338.30	-1804.40
338.30	-1792.80
338.30	-1783.60
338.30	-1786.40
338.30	-1797.60
338.30	-1806.00
338.30	-1770.40
338.30	-1756.40
338.30	-1794.80
338.30	-1752.40
338.30	-1748.80
338.30	-1763.20
338.30	-1774.80
338.30	-1760.80
338.30	-1788.80
338.30	-1818.40
338.31	-1838.00
338.31	-1777.60
338.31	-1764.80
338.31	-1774.00
338.31	-1776.40
338.31	-1792.80
338.31	-1794.80
338.31	-1757.20
338.31	-1705.60
338.31	-1756.80
338.31	-1775.60
338.31	-1762.00
338.31	-1713.60
338.31	-1704.80
338.31	-1709.60
338.31	-1710.80
338.31	-1748.80
338.31	-1677.60
338.31	-1689.20
338.31	-1625.60
338.31	-1656.00
338.31	-1702.00
338.31	-1740.00
338.31	-1742.40
338.31	-1728.40
338.31	-1702.40
338.31	-1686.00
338.31	-1754.40
338.31	-1641.20
338.31	-1669.20
338.31	-1660.00
338.31	-1703.20
338.31	-1661.20
338.31	-1687.60
338.31	-1713.20
338.31	-1677.20
338.32	-1671.20
338.32	-1663.60
338.32	-1659.60
338.32	-1683.60
338.32	-1706.00
338.32	-1702.00
338.32	-1702.00
338.32	-1693.60
338.32	-1666.40
338.32	-1727.60
338.32	-1717.60
338.32	-1661.60
338.32	-1648.00
338.32	-1616.40
338.32	-1608.80
338.32	-1666.00
338.32	-1685.60
338.32	-1696.00
338.32	-1696.40
338.32	-1682.00
338.32	-1631.20
338.32	-1632.80
338.32	-1726.40
338.32	-1715.20
338.32	-1640.40
338.32	-1620.00
338.32	-1622.00
338.32	-1612.40
338.32	-1658.40
338.32	-1692.80
338.32	-1687.60
338.32	-1684.80
338.32	-1722.80
338.32	-1644.80
338.32	-1646.80
338.32	-1691.60
338.33	-1677.20
338.33	-1642.80
338.33	-1642.00
338.33	-1637.20
338.33	-1594.00
338.33	-1621.20
338.33	-1614.40
338.33	-1624.40
338.33	-1651.20
338.33	-1669.20
338.33	-1596.40
338.33	-1627.60
338.33	-1639.20
338.33	-1633.20
338.33	-1606.80
338.33	-1558.00
338.33	-1591.60
338.33	-1591.60
338.33	-1600.80
338.33	-1530.00
338.33	-1520.80
338.33	-1534.80
338.33	-1501.20
338.33	-1419.20
338.33	-1517.20
338.33	-1575.60
338.33	-1570.40
338.33	-1572.00
338.33	-1530.40
338.33	-1570.80
338.33	-1523.60
338.33	-1557.20
338.33	-1584.00
338.33	-1556.00
338.33	-1516.40
338.33	-1588.00
338.33	-1626.80
338.34	-1585.60
338.34	-1600.40
338.34	-1599.20
338.34	-1582.80
338.34	-1608.80
338.34	-1566.40
338.34	-1524.00
338.34	-1555.20
338.34	-1565.20
338.34	-1530.00
338.34	-1514.40
338.34	-1556.80
338.34	-1561.60
338.34	-1538.80
338.34	-1572.80
338.34	-1531.20
338.34	-1511.60
338.34	-1546.40
338.34	-1521.60
338.34	-1461.20
338.34	-1512.40
338.34	-1568.40
338.34	-1536.00
338.34	-1555.60
338.34	-1617.20
338.34	-1582.40
338.34	-1553.20
338.34	-1600.80
338.34	-1600.40
338.34	-1573.60
338.34	-1537.20
338.34	-1494.40
338.34	-1510.00
338.34	-1533.20
338.34	-1572.00
338.34	-1650.40
338.35	-1550.00
338.35	-1578.40
338.35	-1580.40
338.35	-1562.80
338.35	-1568.40
338.35	-1559.60
338.35	-1505.20
338.35	-1460.40
338.35	-1470.40
338.35	-1411.60
338.35	-1418.80
338.35	-1441.60
338.35	-1483.20
338.35	-1484.80
338.35	-1526.00
338.35	-1495.60
338.35	-1507.20
338.35	-1539.20
338.35	-1498.40
338.35	-1462.80
338.35	-1481.20
338.35	-1476.80
338.35	-1473.20
338.35	-1501.20
338.35	-1496.80
338.35	-1499.20
338.35	-1534.40
338.35	-1533.20
338.35	-1483.60
338.35	-1462.40
338.35	-1464.80
338.35	-1522.80
338.35	-1503.20
338.35	-1496.00
338.35	-1476.80
338.35	-1441.60
338.36	-1408.80
338.36	-1458.40
338.36	-1484.00
338.36	-1477.20
338.36	-1476.40
338.36	-1493.20
338.36	-1358.00
338.36	-1343.20
338.36	-1445.20
338.36	-1416.80
338.36	-1477.20
338.36	-1576.00
338.36	-1537.60
338.36	-1450.00
338.36	-1420.80
338.36	-1417.60
338.36	-1394.00
338.36	-1444.00
338.36	-1454.80
338.36	-1461.60
338.36	-1393.60
338.36	-1447.20
338.36	-1462.00
338.36	-1486.00
338.36	-1519.20
338.36	-1482.40
338.36	-1464.80
338.36	-1442.40
338.36	-1500.80
338.36	-1461.20
338.36	-1512.00
338.36	-1481.60
338.36	-1470.40
338.36	-1486.40
338.36	-1462.80
338.36	-1457.20
338.36	-1396.00
338.37	-1406.80
338.37	-1422.00
338.37	-1390.00
338.37	-1408.40
338.37	-1434.80
338.37	-1397.20
338.37	-1396.00
338.37	-1464.40
338.37	-1384.40
338.37	-1364.80
338.37	-1402.00
338.37	-1351.20
338.37	-1371.60
338.37	-1462.00
338.37	-1462.40
338.37	-1390.00
338.37	-1416.40
338.37	-1413.20
338.37	-1351.20
338.37	-1350.00
338.37	-1380.40
338.37	-1356.40
338.37	-1375.60
338.37	-1433.60
338.37	-1459.60
338.37	-1437.60
338.37	-1381.20
338.37	-1378.40
338.37	-1311.20
338.37	-1318.40
338.37	-1358.00
338.37	-1384.40
338.37	-1396.40
338.37	-1339.60
338.37	-1368.80
338.37	-1386.80
338.38	-1432.40
338.38	-1419.60
338.38	-1400.00
338.38	-1419.60
338.38	-1453.20
338.38	-1405.20
338.38	-1419.60
338.38	-1425.60
338.38	-1407.20
338.38	-1406.00
338.38	-1386.80
338.38	-1332.80
338.38	-1339.20
338.38	-1354.80
338.38	-1353.20
338.38	-1343.20
338.38	-1393.60
338.38	-1424.40
338.38	-1393.60
338.38	-1382.00
338.38	-1298.80
338.38	-1269.20
338.38	-1289.60
338.38	-1408.00
338.38	-1403.60
338.38	-1333.60
338.38	-1283.20
338.38	-1363.60
338.38	-1381.20
338.38	-1428.00
338.38	-1389.20
338.38	-1359.60
338.38	-1328.40
338.38	-1373.60
338.38	-1392.40
338.38	-1329.60
338.39	-1332.00
338.39	-1370.80
338.39	-1329.20
338.39	-1368.40
338.39	-1318.40
338.39	-1357.60
338.39	-1402.80
338.39	-1369.20
338.39	-1309.20
338.39	-1256.40
338.39	-1346.80
338.39	-1383.60
338.39	-1392.40
338.39	-1387.20
338.39	-1360.80
338.39	-1320.80
338.39	-1363.20
338.39	-1400.40
338.39	-1308.40
338.39	-1286.00
338.39	-1278.40
338.39	-1332.40
338.39	-1379.20
338.39	-1359.20
338.39	-1329.60
338.39	-1313.20
338.39	-1314.80
338.39	-1357.60
338.39	-1344.80
338.39	-1312.40
338.39	-1314.00
338.39	-1268.40
338.39	-1298.00
338.39	-1362.80
338.39	-1288.40
338.39	-1274.00
338.39	-1357.60
338.40	-1342.80
338.40	-1275.60
338.40	-1284.40
338.40	-1308.80
338.40	-1271.60
338.40	-1259.60
338.40	-1290.00
338.40	-1237.20
338.40	-1237.60
338.40	-1312.00
338.40	-1350.00
338.40	-1341.20
338.40	-1329.20
338.40	-1286.00
338.40	-1265.20
338.40	-1280.00
338.40	-1292.80
338.40	-1347.60
338.40	-1349.20
338.40	-1328.40
338.40	-1292.00
338.40	-1294.40
338.40	-1265.20
338.40	-1231.20
338.40	-1221.20
338.40	-1295.60
338.40	-1313.20
338.40	-1292.00
338.40	-1340.40
338.40	-1366.80
338.40	-1302.80
338.40	-1279.20
338.40	-1342.00
338.40	-1298.80
338.40	-1338.40
338.40	-1346.80
338.41	-1261.60
338.41	-1281.20
338.41	-1289.60
338.41	-1278.40
338.41	-1305.20
338.41	-1290.00
338.41	-1272.40
338.41	-1234.40
338.41	-1254.00
338.41	-1269.20
338.41	-1238.40
338.41	-1253.20
338.41	-1268.80
338.41	-1264.00
338.41	-1216.00
338.41	-1188.80
338.41	-1189.60
338.41	-1203.20
338.41	-1213.20
338.41	-1235.20
338.41	-1263.20
338.41	-1244.80
338.41	-1198.40
338.41	-1209.60
338.41	-1226.00
338.41	-1255.60
338.41	-1279.20
338.41	-1245.60
338.41	-1236.80
338.41	-1302.00
338.41	-1253.60
338.41	-1212.40
338.41	-1237.60
338.41	-1244.00
338.41	-1228.40
338.41	-1202.40
338.42	-1221.20
338.42	-1251.60
338.42	-1260.80
338.42	-1290.00
338.42	-1215.20
338.42	-1177.20
338.42	-1242.80
338.42	-1276.80
338.42	-1285.20
338.42	-1308.00
338.42	-1305.20
338.42	-1311.60
338.42	-1359.60
338.42	-1324.00
338.42	-1244.80
338.42	-1256.80
338.42	-1256.80
338.42	-1275.60
338.42	-1262.80
338.42	-1259.20
338.42	-1261.60
338.42	-1195.20
338.42	-1205.20
338.42	-1212.40
338.42	-1208.80
338.42	-1264.40
338.42	-1276.00
338.42	-1222.80
338.42	-1204.00
338.42	-1256.80
338.42	-1203.20
338.42	-1126.40
338.42	-1141.60
338.42	-1220.00
338.42	-1195.60
338.42	-1226.40
338.42	-1204.80
338.43	-1232.00
338.43	-1184.40
338.43	-1237.20
338.43	-1192.00
338.43	-1173.60
338.43	-1188.00
338.43	-1204.00
338.43	-1175.20
338.43	-1203.20
338.43	-1253.20
338.43	-1272.80
338.43	-1260.80
338.43	-1262.80
338.43	-1166.40
338.43	-1136.80
338.43	-1183.20
338.43	-1222.00
338.43	-1254.80
338.43	-1275.20
338.43	-1234.40
338.43	-1194.00
338.43	-1192.40
338.43	-1212.80
338.43	-1170.80
338.43	-1183.20
338.43	-1194.00
338.43	-1195.60
338.43	-1213.60
338.43	-1182.00
338.43	-1208.80
338.43	-1200.80
338.43	-1192.80
338.43	-1185.60
338.43	-1148.00
338.43	-1193.20
338.43	-1211.60
338.44	-1195.60
338.44	-1165.60
338.44	-1217.60
338.44	-1170.80
338.44	-1174.80
338.44	-1199.60
338.44	-1169.20
338.44	-1167.60
338.44	-1168.40
338.44	-1189.60
338.44	-1210.40
338.44	-1221.60
338.44	-1143.60
338.44	-1158.40
338.44	-1179.60
338.44	-1179.20
338.44	-1216.80
338.44	-1156.80
338.44	-1182.00
338.44	-1167.60
338.44	-1174.40
338.44	-1206.40
338.44	-1234.80
338.44	-1236.40
338.44	-1196.80
338.44	-1180.80
338.44	-1182.00
338.44	-1193.20
338.44	-1185.60
338.44	-1156.80
338.44	-1114.40
338.44	-1166.80
338.44	-1217.20
338.44	-1190.00
338.44	-1224.40
338.44	-1196.40
338.45	-1114.40
338.45	-1112.40
338.45	-1137.60
338.45	-1133.20
338.45	-1096.40
338.45	-1154.80
338.45	-1160.40
338.45	-1145.60
338.45	-1192.80
338.45	-1227.60
338.45	-1210.80
338.45	-1190.00
338.45	-1172.00
338.45	-1184.80
338.45	-1128.40
338.45	-1170.80
338.45	-1096.40
338.45	-1061.60
338.45	-1106.40
338.45	-1169.60
338.45	-1111.20
338.45	-1142.80
338.45	-1172.00
338.45	-1173.20
338.45	-1184.80
338.45	-1207.60
338.45	-1189.20
338.45	-1211.60
338.45	-1263.20
338.45	-1202.80
338.45	-1151.20
338.45	-1169.60
338.45	-1152.00
338.45	-1114.40
338.45	-1107.60
338.45	-1124.40
338.45	-1044.80
338.46	-1092.00
338.46	-1102.40
338.46	-1108.00
338.46	-1094.00
338.46	-1070.80
338.46	-1070.80
338.46	-1100.00
338.46	-1196.40
338.46	-1170.40
338.46	-1154.80
338.46	-1152.40
338.46	-1159.60
338.46	-1177.20
338.46	-1181.60
338.46	-1161.20
338.46	-1142.00
338.46	-1134.40
338.46	-1174.00
338.46	-1175.60
338.46	-1179.60
338.46	-1158.80
338.46	-1133.60
338.46	-1154.80
338.46	-1186.80
338.46	-1182.80
338.46	-1102.80
338.46	-1110.40
338.46	-1126.00
338.46	-1161.20
338.46	-1135.60
338.46	-1178.80
338.46	-1161.60
338.46	-1145.20
338.46	-1155.20
338.46	-1191.20
338.46	-1179.60
338.47	-1137.60
338.47	-1150.00
338.47	-1134.00
338.47	-1094.00
338.47	-1100.80
338.47	-1075.60
338.47	-1050.80
338.47	-1086.40
338.47	-1139.20
338.47	-1082.80
338.47	-1042.00
338.47	-1085.20
338.47	-1098.00
338.47	-1093.20
338.47	-1097.20
338.47	-1099.20
338.47	-1046.80
338.47	-1124.80
338.47	-1142.40
338.47	-1134.00
338.47	-1094.00
338.47	-1051.20
338.47	-1055.60
338.47	-1077.60
338.47	-1092.00
338.47	-1111.60
338.47	-1062.40
338.47	-1088.00
338.47	-1120.80
338.47	-1086.40
338.47	-1108.00
338.47	-1146.00
338.47	-1131.60
338.47	-1147.20
338.47	-1130.00
338.47	-1099.60
338.48	-1103.20
338.48	-1132.40
338.48	-1089.20
338.48	-1077.20
338.48	-1101.20
338.48	-1055.60
338.48	-1070.80
338.48	-1170.80
338.48	-1169.20
338.48	-1140.40
338.48	-1107.60
338.48	-1090.00
338.48	-1114.00
338.48	-1129.20
338.48	-1140.00
338.48	-1130.00
338.48	-1091.20
338.48	-1114.80
338.48	-1054.40
338.48	-1017.60
338.48	-1035.20
338.48	-1061.20
338.48	-1040.80
338.48	-1046.00
338.48	-1030.00
338.48	-1051.60
338.48	-1025.20
338.48	-1041.60
338.48	-1091.20
338.48	-1107.20
