335.48	-240.00
335.48	-236.00
335.48	-240.00
335.48	-240.00
335.48	-240.00
335.48	-240.00
335.49	-240.00
335.49	-235.33
335.49	-240.00
335.49	-240.00
335.49	-240.00
335.49	-240.00
335.49	-240.00
335.49	-240.00
335.50	-202.00
335.50	-208.66
335.50	-240.00
335.50	-239.34
335.50	-240.00
335.50	-240.00
335.50	-240.00
335.50	-240.00
335.50	-240.00
335.51	-240.00
335.51	-240.00
335.51	-240.00
335.51	-240.00
335.51	-239.34
335.51	-238.66
335.51	-238.66
335.51	-240.00
335.52	-240.66
335.52	-245.33
335.52	-240.00
335.52	-240.00
335.52	-240.00
335.52	-240.00
335.52	-231.34
335.52	-238.66
335.53	-240.00
335.53	-240.00
335.53	-240.00
335.53	-240.00
335.53	-230.00
335.53	-239.34
335.53	-240.00
335.53	-240.00
335.53	-240.00
335.54	-240.00
335.54	-240.00
335.54	-240.00
335.54	-240.00
335.54	-240.00
335.54	-240.00
335.54	-240.00
335.54	-240.00
335.55	-240.00
335.55	-240.00
335.55	-240.00
335.55	-240.00
335.55	-240.00
335.55	-242.00
335.55	-240.00
335.55	-227.33
335.55	-200.00
335.56	-200.00
335.56	-200.00
335.56	-200.00
335.56	-214.67
335.56	-240.00
335.56	-240.00
335.56	-240.00
335.56	-240.00
335.57	-240.00
335.57	-240.00
335.57	-240.00
335.57	-240.00
335.57	-240.00
335.57	-241.34
335.57	-240.00
335.57	-240.00
335.58	-240.66
335.58	-240.00
335.58	-240.66
335.58	-240.66
335.58	-240.66
335.58	-240.00
335.58	-239.34
335.58	-240.00
335.58	-240.00
335.59	-240.00
335.59	-240.00
335.59	-240.00
335.59	-240.00
335.59	-240.66
335.59	-240.00
335.59	-240.00
335.59	-240.00
335.60	-240.00
335.60	-240.00
335.60	-239.34
335.60	-240.00
335.60	-240.00
335.60	-240.00
335.60	-240.66
335.60	-240.00
335.60	-240.00
335.61	-240.00
335.61	-240.00
335.61	-240.00
335.61	-240.00
335.61	-240.00
335.61	-240.00
335.61	-240.00
335.61	-240.00
335.62	-240.66
335.62	-242.67
335.62	-240.00
335.62	-240.00
335.62	-240.00
335.62	-240.00
335.62	-240.00
335.62	-240.00
335.63	-240.00
335.63	-240.00
335.63	-240.00
335.63	-240.00
335.63	-240.00
335.63	-240.00
335.63	-240.00
335.63	-240.00
335.63	-218.00
335.64	-200.00
335.64	-236.67
335.64	-240.00
335.64	-240.00
335.64	-216.67
335.64	-200.00
335.64	-200.00
335.64	-200.00
335.65	-200.00
335.65	-200.00
335.65	-240.00
335.65	-240.00
335.65	-240.00
335.65	-240.00
335.65	-240.00
335.65	-240.00
335.66	-240.00
335.66	-240.00
335.66	-240.00
335.66	-240.00
335.66	-240.00
335.66	-240.00
335.66	-240.00
335.66	-240.00
335.66	-240.00
335.67	-240.00
335.67	-240.00
335.67	-240.00
335.67	-240.00
335.67	-240.00
335.67	-240.00
335.67	-240.00
335.67	-240.00
335.68	-240.00
335.68	-240.00
335.68	-240.00
335.68	-239.34
335.68	-240.00
335.68	-240.00
335.68	-238.66
335.68	-240.00
335.68	-240.00
335.69	-239.34
335.69	-240.00
335.69	-241.34
335.69	-240.00
335.69	-242.00
335.69	-250.00
335.69	-240.00
335.69	-240.00
335.70	-240.00
335.70	-240.00
335.70	-240.00
335.70	-240.00
335.70	-240.00
335.70	-240.00
335.70	-240.00
335.70	-240.00
335.71	-240.00
335.71	-240.00
335.71	-240.00
335.71	-240.00
335.71	-240.00
335.71	-240.00
335.71	-240.00
335.71	-240.00
335.71	-240.00
335.72	-240.00
335.72	-240.00
335.72	-240.00
335.72	-240.00
335.72	-240.00
335.72	-240.00
335.72	-240.00
335.72	-247.33
335.73	-244.67
335.73	-240.00
335.73	-240.00
335.73	-239.34
335.73	-240.00
335.73	-240.00
335.73	-240.00
335.73	-240.00
335.73	-240.00
335.74	-240.00
335.74	-240.00
335.74	-240.00
335.74	-240.00
335.74	-240.00
335.74	-240.00
335.74	-240.00
335.74	-240.00
335.75	-240.00
335.75	-240.00
335.75	-240.00
335.75	-240.00
335.75	-240.00
335.75	-240.00
335.75	-240.00
335.75	-240.00
335.76	-240.00
335.76	-240.00
335.76	-240.00
335.76	-240.00
335.76	-240.00
335.76	-240.00
335.76	-240.00
335.76	-240.00
335.76	-240.00
335.77	-240.00
335.77	-240.00
335.77	-240.00
335.77	-240.00
335.77	-240.00
335.77	-226.00
335.77	-200.00
335.77	-200.00
335.78	-200.00
335.78	-200.00
335.78	-204.67
335.78	-240.00
335.78	-240.00
335.78	-240.00
335.78	-240.00
335.78	-237.33
335.78	-240.00
335.79	-240.00
335.79	-240.00
335.79	-240.00
335.79	-240.00
335.79	-240.00
335.79	-238.00
335.79	-240.00
335.79	-240.00
335.80	-240.00
335.80	-240.00
335.80	-240.00
335.80	-240.00
335.80	-240.00
335.80	-240.00
335.80	-240.00
335.80	-240.00
335.81	-240.00
335.81	-240.00
335.81	-240.00
335.81	-240.00
335.81	-240.00
335.81	-240.00
335.81	-240.00
335.81	-240.00
335.81	-240.00
335.82	-240.00
335.82	-240.00
335.82	-240.00
335.82	-240.00
335.82	-240.00
335.82	-240.00
335.82	-240.00
335.82	-240.00
335.83	-240.00
335.83	-240.00
335.83	-240.00
335.83	-240.00
335.83	-240.00
335.83	-240.00
335.83	-240.00
335.83	-240.00
335.84	-240.00
335.84	-240.00
335.84	-239.34
335.84	-240.00
335.84	-240.00
335.84	-240.00
335.84	-238.66
335.84	-240.00
335.84	-240.00
335.85	-242.00
335.85	-240.00
335.85	-240.00
335.85	-240.00
335.85	-240.00
335.85	-240.00
335.85	-240.00
335.85	-240.00
335.86	-240.00
335.86	-240.00
335.86	-228.00
335.86	-240.00
335.86	-240.00
335.86	-240.00
335.86	-240.00
335.86	-240.00
335.86	-240.00
335.87	-240.00
335.87	-240.00
335.87	-240.00
335.87	-240.00
335.87	-240.00
335.87	-240.00
335.87	-240.00
335.87	-240.00
335.88	-240.00
335.88	-240.00
335.88	-240.00
335.88	-240.00
335.88	-240.00
335.88	-240.00
335.88	-240.00
335.88	-240.00
335.89	-240.00
335.89	-240.00
335.89	-238.66
335.89	-240.00
335.89	-240.00
335.89	-240.00
335.89	-242.00
335.89	-240.66
335.89	-240.00
335.90	-240.00
335.90	-240.00
335.90	-240.00
335.90	-240.00
335.90	-240.00
335.90	-240.00
335.90	-240.00
335.90	-240.00
335.91	-240.00
335.91	-240.00
335.91	-240.00
335.91	-240.00
335.91	-240.00
335.91	-240.00
335.91	-240.00
335.91	-240.00
335.91	-240.00
335.92	-240.00
335.92	-240.00
335.92	-240.00
335.92	-240.00
335.92	-240.00
335.92	-240.00
335.92	-240.00
335.92	-240.00
335.93	-240.00
335.93	-240.00
335.93	-240.00
335.93	-240.00
335.93	-240.00
335.93	-240.00
335.93	-240.00
335.93	-240.00
335.94	-240.00
335.94	-240.00
335.94	-240.00
335.94	-240.00
335.94	-240.66
335.94	-240.00
335.94	-240.00
335.94	-240.00
335.94	-240.00
335.95	-240.00
335.95	-240.00
335.95	-240.00
335.95	-240.00
335.95	-240.00
335.95	-240.00
335.95	-240.00
335.95	-240.00
335.96	-240.00
335.96	-240.00
335.96	-240.00
335.96	-240.00
335.96	-240.00
335.96	-240.00
335.96	-240.00
335.96	-240.00
335.96	-241.34
335.97	-240.00
335.97	-240.00
335.97	-240.00
335.97	-240.00
335.97	-240.00
335.97	-240.00
335.97	-240.00
335.97	-240.00
335.98	-240.00
335.98	-240.00
335.98	-238.66
335.98	-237.33
335.98	-240.00
335.98	-240.00
335.98	-240.00
335.98	-240.00
335.99	-240.00
335.99	-240.00
335.99	-240.00
335.99	-240.00
335.99	-239.34
335.99	-239.34
335.99	-240.00
335.99	-240.00
335.99	-240.00
336.00	-240.00
336.00	-240.00
336.00	-240.00
336.00	-240.00
336.00	-240.00
336.00	-240.00
336.00	-240.00
336.00	-240.00
336.01	-240.00
336.01	-240.00
336.01	-240.00
336.01	-240.00
336.01	-240.00
336.01	-240.00
336.01	-240.00
336.01	-240.00
336.02	-240.00
336.02	-240.00
336.02	-240.00
336.02	-240.00
336.02	-240.00
336.02	-240.00
336.02	-238.66
336.02	-240.00
336.02	-240.00
336.03	-238.00
336.03	-240.00
336.03	-240.00
336.03	-240.00
336.03	-240.00
336.03	-237.33
336.03	-239.34
336.03	-238.00
336.04	-240.00
336.04	-240.00
336.04	-240.00
336.04	-240.00
336.04	-240.00
336.04	-228.66
336.04	-240.00
336.04	-240.00
336.04	-240.00
336.05	-240.00
336.05	-240.00
336.05	-240.00
336.05	-240.00
336.05	-240.00
336.05	-240.00
336.05	-240.00
336.05	-240.00
336.06	-240.00
336.06	-240.00
336.06	-240.00
336.06	-240.00
336.06	-240.00
336.06	-240.00
336.06	-240.00
336.06	-240.00
336.07	-240.00
336.07	-240.00
336.07	-239.34
336.07	-240.00
336.07	-240.00
336.07	-234.67
336.07	-200.00
336.07	-226.00
336.07	-240.00
336.08	-240.00
336.08	-240.00
336.08	-240.00
336.08	-240.00
336.08	-240.00
336.08	-241.34
336.08	-240.66
336.08	-240.00
336.09	-240.00
336.09	-240.00
336.09	-240.00
336.09	-240.00
336.09	-240.00
336.09	-240.00
336.09	-240.00
336.09	-240.00
336.09	-240.00
336.10	-240.00
336.10	-240.00
336.10	-240.66
336.10	-240.00
336.10	-240.00
336.10	-240.00
336.10	-240.00
336.10	-239.34
336.11	-239.34
336.11	-240.00
336.11	-240.00
336.11	-240.00
336.11	-240.00
336.11	-206.67
336.11	-200.00
336.11	-200.00
336.12	-200.00
336.12	-200.00
336.12	-209.34
336.12	-240.00
336.12	-240.00
336.12	-240.00
336.12	-240.00
336.12	-234.00
336.12	-200.00
336.13	-200.00
336.13	-200.00
336.13	-216.00
336.13	-243.33
336.13	-240.00
336.13	-240.66
336.13	-240.00
336.13	-240.00
336.14	-240.00
336.14	-240.00
336.14	-240.00
336.14	-240.00
336.14	-240.00
336.14	-240.00
336.14	-228.66
336.14	-233.33
336.15	-240.00
336.15	-240.66
336.15	-240.00
336.15	-240.00
336.15	-240.00
336.15	-240.00
336.15	-232.67
336.15	-206.00
336.15	-240.00
336.16	-240.00
336.16	-240.00
336.16	-240.00
336.16	-240.00
336.16	-240.00
336.16	-240.66
336.16	-240.00
336.16	-240.00
336.17	-240.00
336.17	-240.00
336.17	-244.00
336.17	-240.00
336.17	-240.00
336.17	-240.00
336.17	-240.00
336.17	-239.34
336.17	-240.00
336.18	-240.00
336.18	-240.00
336.18	-240.00
336.18	-240.00
336.18	-240.00
336.18	-240.00
336.18	-240.00
336.18	-240.00
336.19	-240.00
336.19	-240.00
336.19	-240.00
336.19	-240.00
336.19	-240.00
336.19	-240.00
336.19	-240.66
336.19	-240.00
336.20	-240.00
336.20	-240.00
336.20	-240.00
336.20	-240.00
336.20	-240.00
336.20	-239.34
336.20	-240.00
336.20	-240.00
336.20	-240.00
336.21	-240.00
336.21	-240.00
336.21	-240.00
336.21	-239.34
336.21	-240.00
336.21	-240.00
336.21	-240.00
336.21	-240.00
336.22	-240.00
336.22	-240.00
336.22	-228.66
336.22	-200.00
336.22	-200.00
336.22	-224.67
336.22	-240.00
336.22	-239.34
336.22	-234.00
336.23	-236.67
336.23	-240.00
336.23	-240.00
336.23	-240.00
336.23	-236.00
336.23	-200.00
336.23	-221.34
336.23	-240.00
336.24	-240.00
336.24	-200.66
336.24	-200.00
336.24	-200.00
336.24	-200.00
336.24	-236.00
336.24	-240.00
336.24	-240.00
336.25	-240.00
336.25	-240.00
336.25	-240.00
336.25	-240.00
336.25	-240.00
336.25	-240.00
336.25	-240.00
336.25	-240.00
336.25	-240.00
336.26	-240.00
336.26	-240.00
336.26	-240.00
336.26	-240.00
336.26	-240.00
336.26	-240.00
336.26	-240.00
336.26	-240.00
336.27	-240.00
336.27	-240.00
336.27	-236.00
336.27	-238.00
336.27	-240.00
336.27	-240.00
336.27	-240.00
336.27	-240.00
336.27	-240.00
336.28	-240.00
336.28	-242.67
336.28	-240.00
336.28	-240.00
336.28	-240.00
336.28	-240.00
336.28	-240.00
336.28	-240.00
336.29	-236.67
336.29	-238.66
336.29	-240.00
336.29	-242.00
336.29	-240.00
336.29	-240.00
336.29	-240.00
336.29	-240.00
336.30	-240.00
336.30	-213.33
336.30	-200.00
336.30	-200.00
336.30	-216.00
336.30	-241.34
336.30	-240.00
336.30	-240.00
336.30	-240.00
336.31	-240.00
336.31	-240.00
336.31	-240.00
336.31	-240.00
336.31	-240.00
336.31	-240.00
336.31	-240.00
336.31	-240.00
336.32	-240.00
336.32	-240.66
336.32	-240.00
336.32	-240.00
336.32	-240.00
336.32	-240.00
336.32	-240.00
336.32	-240.00
336.33	-240.00
336.33	-238.66
336.33	-240.00
336.33	-240.66
336.33	-240.00
336.33	-240.00
336.33	-240.00
336.33	-240.00
336.33	-240.00
336.34	-240.00
336.34	-240.00
336.34	-240.00
336.34	-240.00
336.34	-240.00
336.34	-240.00
336.34	-226.67
336.34	-200.00
336.35	-206.00
336.35	-240.00
336.35	-243.33
336.35	-240.00
336.35	-240.00
336.35	-240.00
336.35	-240.00
336.35	-201.34
336.35	-200.00
336.36	-200.00
336.36	-200.00
336.36	-200.00
336.36	-200.00
336.36	-200.00
336.36	-200.00
336.36	-200.00
336.36	-200.00
336.37	-200.00
336.37	-200.00
336.37	-228.00
336.37	-240.00
336.37	-240.00
336.37	-243.33
336.37	-240.66
336.37	-240.66
336.38	-240.00
336.38	-240.00
336.38	-236.67
336.38	-236.00
336.38	-240.00
336.38	-240.00
336.38	-220.66
336.38	-200.00
336.38	-200.00
336.39	-236.67
336.39	-240.00
336.39	-240.00
336.39	-240.00
336.39	-240.00
336.39	-240.00
336.39	-240.00
336.39	-240.00
336.40	-240.00
336.40	-240.00
336.40	-240.00
336.40	-240.00
336.40	-238.66
336.40	-240.00
336.40	-240.00
336.40	-240.00
336.40	-240.00
336.41	-240.00
336.41	-240.00
336.41	-237.33
336.41	-240.00
336.41	-240.00
336.41	-240.00
336.41	-240.00
336.41	-240.00
336.42	-234.67
336.42	-230.00
336.42	-242.00
336.42	-245.33
336.42	-244.67
336.42	-240.00
336.42	-241.34
336.42	-240.00
336.43	-244.00
336.43	-241.34
336.43	-240.00
336.43	-240.00
336.43	-240.00
336.43	-240.00
336.43	-240.00
336.43	-240.00
336.43	-240.00
336.44	-240.00
336.44	-240.00
336.44	-240.00
336.44	-240.00
336.44	-240.00
336.44	-240.66
336.44	-240.00
336.44	-240.00
336.45	-240.00
336.45	-240.00
336.45	-240.00
336.45	-240.00
336.45	-240.00
336.45	-240.00
336.45	-240.00
336.45	-240.00
336.46	-240.00
336.46	-240.00
336.46	-240.00
336.46	-239.34
336.46	-240.00
336.46	-240.00
336.46	-240.00
336.46	-240.00
336.46	-240.00
336.47	-240.00
336.47	-240.00
336.47	-219.34
336.47	-200.00
336.47	-200.00
336.47	-200.00
336.47	-200.00
336.47	-206.00
336.48	-240.00
336.48	-240.66
336.48	-240.00
336.48	-240.00
336.48	-240.00
336.48	-240.00
336.48	-240.00
336.48	-240.00
336.48	-240.00
336.49	-237.33
336.49	-240.00
336.49	-240.00
336.49	-240.00
336.49	-240.00
336.49	-240.00
336.49	-240.00
336.49	-240.00
336.50	-240.00
336.50	-240.00
336.50	-240.00
336.50	-240.00
336.50	-240.00
336.50	-240.00
336.50	-240.00
336.50	-240.00
336.51	-240.00
336.51	-240.00
336.51	-240.00
336.51	-240.00
336.51	-240.00
336.51	-240.00
336.51	-240.00
336.51	-240.00
336.51	-240.00
336.52	-240.00
336.52	-240.00
336.52	-240.00
336.52	-240.00
336.52	-240.00
336.52	-240.00
336.52	-240.00
336.52	-240.00
336.53	-240.00
336.53	-240.00
336.53	-240.00
336.53	-202.67
336.53	-200.00
336.53	-200.00
336.53	-200.00
336.53	-208.00
336.53	-240.00
336.54	-223.33
336.54	-200.00
336.54	-224.00
336.54	-208.66
336.54	-200.00
336.54	-211.34
336.54	-213.33
336.54	-200.00
336.55	-200.00
336.55	-200.00
336.55	-200.00
336.55	-200.00
336.55	-202.00
336.55	-210.66
336.55	-200.00
336.55	-200.00
336.56	-200.00
336.56	-200.00
336.56	-200.00
336.56	-200.00
336.56	-200.00
336.56	-206.00
336.56	-240.00
336.56	-240.00
336.56	-240.00
336.57	-240.00
336.57	-240.00
336.57	-240.00
336.57	-240.00
336.57	-238.66
336.57	-238.66
336.57	-240.00
336.57	-240.00
336.58	-240.00
336.58	-240.00
336.58	-240.00
336.58	-205.33
336.58	-200.00
336.58	-200.00
336.58	-200.00
336.58	-200.00
336.58	-200.00
336.59	-200.00
336.59	-200.00
336.59	-200.00
336.59	-200.00
336.59	-200.00
336.59	-200.00
336.59	-221.34
336.59	-240.00
336.60	-240.00
336.60	-240.00
336.60	-238.66
336.60	-231.34
336.60	-240.00
336.60	-240.00
336.60	-239.34
336.60	-240.00
336.61	-240.00
336.61	-230.00
336.61	-240.00
336.61	-239.34
336.61	-240.00
336.61	-240.00
336.61	-240.00
336.61	-235.33
336.61	-200.00
336.62	-200.00
336.62	-200.00
336.62	-200.00
336.62	-200.00
336.62	-200.00
336.62	-200.00
336.62	-200.00
336.62	-200.00
336.63	-200.00
336.63	-222.00
336.63	-240.00
336.63	-240.00
336.63	-240.00
336.63	-240.00
336.63	-240.00
336.63	-238.00
336.64	-240.00
336.64	-240.00
336.64	-240.00
336.64	-239.34
336.64	-240.00
336.64	-240.00
336.64	-240.00
336.64	-240.00
336.64	-240.00
336.65	-240.00
336.65	-240.00
336.65	-240.00
336.65	-240.00
336.65	-240.00
336.65	-239.34
336.65	-239.34
336.65	-240.00
336.66	-238.66
336.66	-240.00
336.66	-240.00
336.66	-240.00
336.66	-240.00
336.66	-240.00
336.66	-240.00
336.66	-240.00
336.66	-239.34
336.67	-235.33
336.67	-240.00
336.67	-240.00
336.67	-240.00
336.67	-240.00
336.67	-240.00
336.67	-240.00
336.67	-240.00
336.68	-240.00
336.68	-240.00
336.68	-240.00
336.68	-240.00
336.68	-239.34
336.68	-200.00
336.68	-219.34
336.68	-215.33
336.69	-200.00
336.69	-200.00
336.69	-200.00
336.69	-200.00
336.69	-200.00
336.69	-200.00
336.69	-200.00
336.69	-200.00
336.69	-215.33
336.70	-240.00
336.70	-239.34
336.70	-240.00
336.70	-240.00
336.70	-235.33
336.70	-220.00
336.70	-226.67
336.70	-216.67
336.71	-217.33
336.71	-238.66
336.71	-239.34
336.71	-239.34
336.71	-240.00
336.71	-240.00
336.71	-238.00
336.71	-238.00
336.71	-233.33
336.72	-238.00
336.72	-240.00
336.72	-240.00
336.72	-240.00
336.72	-217.33
336.72	-200.00
336.72	-225.33
336.72	-240.00
336.73	-240.00
336.73	-240.00
336.73	-238.00
336.73	-239.34
336.73	-240.00
336.73	-235.33
336.73	-200.00
336.73	-200.00
336.74	-201.34
336.74	-240.00
336.74	-238.66
336.74	-240.00
336.74	-240.00
336.74	-203.33
336.74	-200.00
336.74	-200.00
336.74	-200.00
336.75	-200.00
336.75	-200.00
336.75	-200.00
336.75	-200.00
336.75	-200.00
336.75	-200.00
336.75	-200.00
336.75	-200.00
336.76	-200.00
336.76	-200.00
336.76	-200.00
336.76	-200.00
336.76	-200.00
336.76	-200.00
336.76	-200.00
336.76	-200.00
336.76	-200.00
336.77	-200.00
336.77	-200.00
336.77	-200.00
336.77	-200.00
336.77	-200.00
336.77	-200.00
336.77	-200.00
336.77	-200.00
336.78	-200.00
336.78	-200.00
336.78	-200.00
336.78	-200.00
336.78	-200.00
336.78	-200.00
336.78	-200.00
336.78	-200.00
336.79	-200.00
336.79	-200.00
336.79	-200.00
336.79	-200.00
336.79	-200.00
336.79	-200.00
336.79	-200.00
336.79	-200.00
336.79	-200.00
336.80	-200.00
336.80	-200.00
336.80	-203.33
336.80	-240.00
336.80	-240.00
336.80	-236.67
336.80	-234.67
336.80	-238.66
336.81	-240.00
336.81	-240.00
336.81	-240.00
336.81	-240.00
336.81	-232.67
336.81	-234.67
336.81	-221.34
336.81	-218.00
336.82	-240.00
336.82	-239.34
336.82	-222.67
336.82	-235.33
336.82	-240.00
336.82	-239.34
336.82	-240.00
336.82	-240.00
336.82	-241.34
336.83	-207.33
336.83	-200.00
336.83	-200.00
336.83	-200.00
336.83	-200.00
336.83	-200.00
336.83	-200.00
336.83	-200.00
336.84	-200.00
336.84	-200.00
336.84	-200.00
336.84	-200.00
336.84	-200.00
336.84	-211.34
336.84	-240.00
336.84	-240.00
336.84	-218.66
336.85	-222.67
336.85	-240.00
336.85	-221.34
336.85	-200.00
336.85	-200.00
336.85	-200.00
336.85	-200.00
336.85	-200.00
336.86	-200.00
336.86	-200.00
336.86	-200.00
336.86	-200.00
336.86	-200.00
336.86	-200.00
336.86	-200.00
336.86	-200.00
336.87	-228.66
336.87	-200.00
336.87	-200.00
336.87	-200.00
336.87	-200.00
336.87	-200.00
336.87	-200.00
336.87	-200.00
336.87	-200.00
336.88	-200.00
336.88	-200.00
336.88	-200.00
336.88	-200.66
336.88	-204.67
336.88	-200.66
336.88	-205.33
336.88	-204.00
336.89	-211.34
336.89	-235.33
336.89	-210.00
336.89	-205.33
336.89	-234.00
336.89	-233.33
336.89	-214.67
336.89	-227.33
336.89	-209.34
336.90	-216.00
336.90	-240.00
336.90	-220.00
336.90	-236.00
336.90	-232.67
336.90	-203.33
336.90	-200.00
336.90	-200.00
336.91	-200.00
336.91	-200.00
336.91	-200.00
336.91	-200.00
336.91	-200.00
336.91	-200.00
336.91	-225.33
336.91	-235.33
336.92	-210.00
336.92	-210.66
336.92	-233.33
336.92	-222.67
336.92	-201.34
336.92	-206.00
336.92	-210.66
336.92	-233.33
336.92	-224.67
336.93	-204.67
336.93	-208.00
336.93	-200.66
336.93	-213.33
336.93	-213.33
336.93	-216.67
336.93	-225.33
336.93	-225.33
336.94	-235.33
336.94	-237.33
336.94	-228.00
336.94	-207.33
336.94	-211.34
336.94	-206.67
336.94	-240.00
336.94	-228.66
336.95	-236.67
336.95	-240.00
336.95	-240.00
336.95	-206.00
336.95	-200.00
336.95	-200.00
336.95	-200.00
336.95	-200.00
336.95	-200.00
336.96	-200.00
336.96	-200.00
336.96	-200.00
336.96	-200.00
336.96	-200.00
336.96	-200.00
336.96	-200.00
336.96	-200.00
336.97	-200.00
336.97	-200.00
336.97	-200.00
336.97	-200.00
336.97	-200.00
336.97	-200.00
336.97	-200.00
336.97	-200.00
336.97	-200.00
336.98	-200.00
336.98	-200.00
336.98	-200.00
336.98	-200.00
336.98	-200.00
336.98	-200.00
336.98	-200.00
336.98	-200.00
336.99	-200.00
336.99	-200.00
336.99	-200.00
336.99	-200.00
336.99	-200.00
336.99	-211.34
336.99	-212.00
336.99	-203.33
337.00	-230.00
337.00	-217.33
337.00	-211.34
337.00	-227.33
337.00	-222.67
337.00	-228.66
337.00	-235.33
337.00	-238.00
337.00	-210.00
337.01	-200.00
337.01	-229.34
337.01	-210.66
337.01	-204.67
337.01	-200.00
337.01	-201.34
337.01	-218.00
337.01	-239.34
337.02	-212.00
337.02	-200.66
337.02	-215.33
337.02	-212.00
337.02	-206.67
337.02	-195.33
337.02	-189.34
337.02	-200.66
337.02	-200.00
337.03	-221.34
337.03	-226.67
337.03	-200.00
337.03	-202.67
337.03	-206.67
337.03	-202.00
337.03	-228.66
337.03	-239.34
337.04	-217.33
337.04	-206.67
337.04	-216.00
337.04	-226.67
337.04	-200.66
337.04	-200.00
337.04	-200.00
337.04	-200.66
337.05	-200.66
337.05	-200.66
337.05	-201.34
337.05	-212.67
337.05	-202.00
337.05	-207.33
337.05	-202.00
337.05	-202.00
337.05	-200.00
337.06	-208.00
337.06	-237.33
337.06	-239.34
337.06	-232.67
337.06	-234.67
337.06	-232.67
337.06	-214.00
337.06	-200.00
337.07	-200.00
337.07	-203.33
337.07	-200.00
337.07	-211.34
337.07	-218.66
337.07	-200.66
337.07	-208.66
337.07	-205.33
337.07	-203.33
337.08	-228.00
337.08	-238.00
337.08	-222.67
337.08	-216.00
337.08	-226.00
337.08	-238.66
337.08	-228.66
337.08	-222.67
337.09	-216.00
337.09	-208.00
337.09	-200.00
337.09	-210.66
337.09	-200.00
337.09	-200.00
337.09	-200.00
337.09	-200.00
337.10	-200.00
337.10	-200.00
337.10	-200.00
337.10	-200.00
337.10	-200.00
337.10	-200.00
337.10	-200.00
337.10	-200.00
337.10	-200.00
337.11	-200.66
337.11	-202.67
337.11	-220.66
337.11	-210.66
337.11	-213.33
337.11	-226.00
337.11	-205.33
337.11	-200.00
337.12	-200.00
337.12	-200.66
337.12	-200.00
337.12	-205.33
337.12	-210.00
337.12	-200.00
337.12	-200.00
337.12	-200.00
337.13	-200.00
337.13	-203.33
337.13	-206.67
337.13	-200.66
337.13	-200.00
337.13	-200.00
337.13	-200.00
337.13	-200.00
337.13	-200.00
337.14	-200.00
337.14	-200.00
337.14	-200.00
337.14	-200.00
337.14	-200.00
337.14	-200.00
337.14	-200.00
337.14	-200.00
337.15	-196.00
337.15	-160.00
337.15	-174.67
337.15	-200.00
337.15	-200.00
337.15	-200.00
337.15	-182.67
337.15	-160.00
337.15	-160.00
337.16	-198.00
337.16	-200.00
337.16	-200.00
337.16	-200.00
337.16	-200.00
337.16	-203.33
337.16	-200.00
337.16	-200.00
337.17	-191.34
337.17	-160.00
337.17	-162.67
337.17	-200.00
337.17	-200.00
337.17	-200.00
337.17	-200.00
337.17	-179.34
337.18	-180.00
337.18	-198.66
337.18	-160.00
337.18	-160.00
337.18	-198.00
337.18	-201.34
337.18	-200.00
337.18	-200.00
337.18	-170.66
337.19	-160.00
337.19	-160.00
337.19	-160.00
337.19	-160.00
337.19	-160.00
337.19	-160.00
337.19	-160.00
337.19	-160.00
337.20	-160.00
337.20	-160.00
337.20	-189.34
337.20	-200.00
337.20	-178.66
337.20	-160.00
337.20	-162.67
337.20	-173.33
337.20	-200.00
337.21	-200.00
337.21	-200.00
337.21	-172.67
337.21	-160.00
337.21	-160.00
337.21	-160.00
337.21	-178.66
337.21	-162.00
337.22	-160.00
337.22	-160.00
337.22	-160.00
337.22	-160.00
337.22	-198.66
337.22	-200.00
337.22	-170.00
337.22	-160.00
337.23	-160.00
337.23	-160.00
337.23	-160.00
337.23	-160.00
337.23	-160.00
337.23	-160.00
337.23	-160.00
337.23	-160.00
337.23	-160.00
337.24	-160.00
337.24	-160.00
337.24	-160.00
337.24	-160.00
337.24	-160.00
337.24	-160.00
337.24	-160.00
337.24	-160.00
337.25	-160.00
337.25	-160.00
337.25	-160.00
337.25	-160.00
337.25	-160.00
337.25	-160.00
337.25	-160.00
337.25	-160.00
337.26	-160.00
337.26	-160.00
337.26	-160.00
337.26	-160.00
337.26	-160.00
337.26	-160.00
337.26	-160.00
337.26	-160.00
337.26	-160.00
337.27	-160.00
337.27	-160.00
337.27	-160.00
337.27	-160.00
337.27	-160.00
337.27	-160.00
337.27	-160.00
337.27	-160.00
337.28	-160.00
337.28	-160.00
337.28	-160.00
337.28	-160.00
337.28	-160.00
337.28	-160.00
337.28	-146.00
337.28	-126.67
337.28	-160.00
337.29	-160.00
337.29	-160.00
337.29	-160.00
337.29	-160.00
337.29	-137.33
337.29	-120.00
337.29	-120.00
337.29	-120.00
337.30	-120.00
337.30	-120.00
337.30	-120.00
337.30	-150.66
337.30	-154.67
337.30	-120.00
337.30	-120.00
337.30	-120.00
337.31	-120.00
337.31	-120.00
337.31	-120.00
337.31	-120.00
337.31	-120.00
337.31	-121.34
337.31	-144.67
337.31	-120.00
337.31	-120.00
337.32	-120.00
337.32	-120.00
337.32	-120.00
337.32	-120.00
337.32	-120.00
337.32	-120.00
337.32	-120.00
337.32	-120.00
337.33	-120.00
337.33	-120.00
337.33	-120.00
337.33	-120.00
337.33	-120.00
337.33	-120.00
337.33	-120.00
337.33	-120.00
337.33	-120.00
337.34	-118.00
337.34	-118.00
337.34	-120.00
337.34	-120.00
337.34	-120.00
337.34	-120.00
337.34	-120.00
337.34	-111.34
337.35	-120.00
337.35	-120.00
337.35	-120.00
337.35	-120.00
337.35	-112.00
337.35	-100.66
337.35	-106.00
337.35	-115.33
337.36	-107.33
337.36	-106.00
337.36	-116.00
337.36	-120.00
337.36	-116.67
337.36	-120.00
337.36	-120.00
337.36	-117.33
337.36	-115.33
337.37	-108.00
337.37	-106.67
337.37	-99.34
337.37	-100.00
337.37	-109.34
337.37	-112.67
337.37	-101.34
337.37	-102.67
337.38	-104.67
337.38	-109.34
337.38	-116.67
337.38	-102.67
337.38	-95.33
337.38	-100.66
337.38	-100.00
337.38	-101.34
337.38	-99.34
337.39	-100.00
337.39	-100.00
337.39	-100.00
337.39	-100.00
337.39	-100.00
337.39	-100.00
337.39	-110.66
337.39	-102.67
337.40	-98.00
337.40	-94.00
337.40	-88.66
337.40	-88.66
337.40	-95.33
337.40	-96.00
337.40	-89.34
337.40	-82.00
337.41	-83.33
337.41	-80.66
337.41	-88.00
337.41	-88.00
337.41	-89.34
337.41	-80.00
337.41	-80.00
337.41	-80.00
337.41	-80.00
337.42	-80.00
337.42	-56.67
337.42	-40.00
337.42	-40.00
337.42	-46.67
337.42	-80.00
337.42	-80.00
337.42	-80.00
337.43	-80.66
337.43	-80.00
337.43	-64.00
337.43	-40.00
337.43	-40.00
337.43	-40.00
337.43	-40.00
337.43	-40.00
337.44	-40.00
337.44	-52.00
337.44	-80.00
337.44	-80.00
337.44	-80.00
337.44	-44.00
337.44	-40.00
337.44	-40.00
337.44	-40.00
337.45	-40.00
337.45	-40.00
337.45	-40.00
337.45	-40.00
337.45	-40.00
337.45	-40.00
337.45	-40.00
337.45	-40.00
337.46	-40.00
337.46	-44.67
337.46	-49.34
337.46	-44.00
337.46	-40.00
337.46	-40.00
337.46	-40.00
337.46	-40.00
337.46	-40.00
337.47	-40.00
337.47	-40.00
337.47	-40.00
337.47	-40.00
337.47	-40.00
337.47	-40.00
337.47	-38.00
337.47	0.00
337.48	0.00
337.48	0.00
337.48	0.00
337.48	0.00
337.48	0.00
337.48	0.00
337.48	0.00
337.48	0.00
337.49	0.00
337.49	0.00
337.49	0.00
337.49	0.00
337.49	0.67
337.49	40.00
337.49	28.67
337.49	0.67
337.49	0.00
337.50	0.67
337.50	4.67
337.50	22.00
337.50	40.00
337.50	40.00
337.50	28.00
337.50	40.67
337.50	40.00
337.51	40.00
337.51	40.00
337.51	43.33
337.51	60.00
337.51	50.00
337.51	56.67
337.51	49.33
337.51	58.67
337.51	54.67
337.52	59.33
337.52	51.33
337.52	66.00
337.52	68.00
337.52	60.00
337.52	72.00
337.52	80.00
337.52	80.00
337.53	71.33
337.53	71.33
337.53	79.33
337.53	80.00
337.53	80.00
337.53	80.00
337.53	80.00
337.53	80.67
337.54	109.33
337.54	110.00
337.54	115.33
337.54	120.00
337.54	116.00
337.54	114.67
337.54	118.67
337.54	120.00
337.54	120.00
337.55	120.00
337.55	120.00
337.55	120.00
337.55	114.00
337.55	120.00
337.55	120.00
337.55	120.00
337.55	120.00
337.56	120.00
337.56	120.00
337.56	120.00
337.56	120.00
337.56	134.67
337.56	134.00
337.56	160.00
337.56	160.00
337.56	160.00
337.57	160.00
337.57	160.00
337.57	160.00
337.57	160.00
337.57	160.00
337.57	179.33
337.57	165.33
337.57	196.00
337.58	200.67
337.58	215.33
337.58	210.00
337.58	209.33
337.58	202.67
337.58	229.33
337.58	236.67
337.58	240.00
337.59	239.33
337.59	240.00
337.59	238.67
337.59	240.00
337.59	240.00
337.59	240.00
337.59	240.00
337.59	240.00
337.59	250.67
337.60	248.00
337.60	276.67
337.60	280.00
337.60	280.00
337.60	280.00
337.60	280.00
337.60	280.00
337.60	280.00
337.61	309.33
337.61	280.00
337.61	280.00
337.61	315.33
337.61	307.33
337.61	320.00
337.61	320.00
337.61	320.00
337.62	327.33
337.62	337.33
337.62	342.00
337.62	360.00
337.62	361.33
337.62	368.00
337.62	381.33
337.62	392.00
337.62	400.00
337.63	400.00
337.63	400.00
337.63	410.67
337.63	438.00
337.63	421.33
337.63	421.33
337.63	440.00
337.63	440.00
337.64	440.00
337.64	440.00
337.64	440.00
337.64	440.00
337.64	464.67
337.64	480.00
337.64	480.00
337.64	480.00
337.64	481.33
337.65	518.00
337.65	528.00
337.65	540.00
337.65	542.00
337.65	541.33
337.65	552.00
337.65	560.00
337.65	559.33
337.66	566.00
337.66	566.67
337.66	577.33
337.66	600.00
337.66	600.00
337.66	600.00
337.66	616.00
337.66	625.33
337.67	622.00
337.67	634.00
337.67	640.00
337.67	642.00
337.67	667.33
337.67	682.00
337.67	693.33
337.67	700.00
337.67	716.67
337.68	719.33
337.68	720.00
337.68	720.67
337.68	755.33
337.68	756.00
337.68	760.00
337.68	760.00
337.68	763.33
337.69	798.67
337.69	800.00
337.69	820.00
337.69	840.00
337.69	842.00
337.69	866.00
337.69	872.00
337.69	871.33
337.69	880.00
337.70	897.33
337.70	906.00
337.70	920.00
337.70	920.00
337.70	939.33
337.70	960.00
337.70	960.67
337.70	982.00
337.71	1000.00
337.71	1019.33
337.71	1036.67
337.71	1038.00
337.71	1040.00
337.71	1044.67
337.71	1080.00
337.71	1080.00
337.72	1105.33
337.72	1120.00
337.72	1134.00
337.72	1160.00
337.72	1166.67
337.72	1194.67
337.72	1200.00
337.72	1212.00
337.72	1240.00
337.73	1240.00
337.73	1240.00
337.73	1274.67
337.73	1280.00
337.73	1283.33
337.73	1324.67
337.73	1344.00
337.73	1359.33
337.74	1372.67
337.74	1400.00
337.74	1401.33
337.74	1440.00
337.74	1440.00
337.74	1450.67
337.74	1478.67
337.74	1510.00
337.75	1520.00
337.75	1545.33
337.75	1560.00
337.75	1573.33
337.75	1610.00
337.75	1631.33
337.75	1646.00
337.75	1663.33
337.75	1680.00
337.76	1696.67
337.76	1720.00
337.76	1720.00
337.76	1733.33
337.76	1760.00
337.76	1787.33
337.76	1826.67
337.76	1838.00
337.77	1847.33
337.77	1880.00
337.77	1880.00
337.77	1907.33
337.77	1934.00
337.77	1959.33
337.77	1984.67
337.77	2000.00
337.77	2012.67
337.78	2040.00
337.78	2041.33
337.78	2077.33
337.78	2100.00
337.78	2137.33
337.78	2160.00
337.78	2184.00
337.78	2200.00
337.79	2202.67
337.79	2240.00
337.79	2256.67
337.79	2292.67
337.79	2300.67
337.79	2320.00
337.79	2347.33
337.79	2360.00
337.80	2360.00
337.80	2392.00
337.80	2403.33
337.80	2448.00
337.80	2474.00
337.80	2485.33
337.80	2520.00
337.80	2520.67
337.80	2549.33
337.81	2598.67
337.81	2602.67
337.81	2618.00
337.81	2640.00
337.81	2660.67
337.81	2680.00
337.81	2680.00
337.81	2680.00
337.82	2710.67
337.82	2747.33
337.82	2769.33
337.82	2782.00
337.82	2799.33
337.82	2804.67
337.82	2813.33
337.82	2840.00
337.82	2840.00
337.83	2840.00
337.83	2846.67
337.83	2880.00
337.83	2880.00
337.83	2880.00
337.83	2880.00
337.83	2880.00
337.83	2882.67
337.84	2899.33
337.84	2900.00
337.84	2917.33
337.84	2918.00
337.84	2890.67
337.84	2880.00
337.84	2897.33
337.84	2882.00
337.85	2880.00
337.85	2880.00
337.85	2844.67
337.85	2840.00
337.85	2840.00
337.85	2828.00
337.85	2800.00
337.85	2780.67
337.85	2774.67
337.86	2773.33
337.86	2730.67
337.86	2718.00
337.86	2680.00
337.86	2656.00
337.86	2640.00
337.86	2614.67
337.86	2566.67
337.87	2532.00
337.87	2509.33
337.87	2470.00
337.87	2440.00
337.87	2380.00
337.87	2340.67
337.87	2298.67
337.87	2242.67
337.87	2204.00
337.88	2163.33
337.88	2104.00
337.88	2064.00
337.88	1993.33
337.88	1927.33
337.88	1880.00
337.88	1811.33
337.88	1746.00
337.89	1684.00
337.89	1581.33
337.89	1548.00
337.89	1451.33
337.89	1374.00
337.89	1334.67
337.89	1225.33
337.89	1156.00
337.90	1086.67
337.90	1011.33
337.90	936.67
337.90	866.67
337.90	769.33
337.90	708.67
337.90	598.67
337.90	528.67
337.90	452.67
337.91	337.33
337.91	263.33
337.91	176.67
337.91	80.67
337.91	14.00
337.91	-92.67
337.91	-199.34
337.91	-255.33
337.92	-367.33
337.92	-435.33
337.92	-498.00
337.92	-614.00
337.92	-678.66
337.92	-772.00
337.92	-882.67
337.92	-924.67
337.93	-1029.34
337.93	-1095.33
337.93	-1184.67
337.93	-1268.66
337.93	-1340.00
337.93	-1408.66
337.93	-1527.33
337.93	-1564.00
337.93	-1664.67
337.94	-1747.33
337.94	-1820.00
337.94	-1898.00
337.94	-1974.67
337.94	-2018.00
337.94	-2084.67
337.94	-2151.34
337.94	-2204.67
337.95	-2300.00
337.95	-2328.66
337.95	-2394.67
337.95	-2476.67
337.95	-2511.34
337.95	-2578.66
337.95	-2640.00
337.95	-2660.66
337.95	-2703.33
337.96	-2749.34
337.96	-2809.34
337.96	-2837.33
337.96	-2889.34
337.96	-2938.00
337.96	-2965.33
337.96	-2988.66
337.96	-3023.33
337.97	-3060.00
337.97	-3100.66
337.97	-3116.67
337.97	-3137.33
337.97	-3151.34
337.97	-3178.66
337.97	-3178.66
337.97	-3210.66
337.98	-3230.66
337.98	-3240.00
337.98	-3240.00
337.98	-3269.34
337.98	-3284.67
337.98	-3298.66
337.98	-3309.34
337.98	-3310.00
337.98	-3300.66
337.99	-3317.33
337.99	-3320.00
337.99	-3320.00
337.99	-3320.00
337.99	-3320.00
337.99	-3316.67
337.99	-3309.34
337.99	-3315.33
338.00	-3301.34
338.00	-3299.34
338.00	-3300.00
338.00	-3299.34
338.00	-3282.00
338.00	-3280.00
338.00	-3281.34
338.00	-3242.67
338.00	-3240.00
338.01	-3225.33
338.01	-3218.00
338.01	-3202.67
338.01	-3200.00
338.01	-3174.67
338.01	-3160.00
338.01	-3155.33
338.01	-3139.34
338.02	-3125.33
338.02	-3086.67
338.02	-3080.00
338.02	-3080.00
338.02	-3054.67
338.02	-3040.00
338.02	-3040.00
338.02	-2996.00
338.03	-2978.00
338.03	-2960.00
338.03	-2921.34
338.03	-2920.00
338.03	-2920.00
338.03	-2884.00
338.03	-2840.00
338.03	-2831.34
338.03	-2811.34
338.04	-2780.66
338.04	-2760.00
338.04	-2759.34
338.04	-2720.00
338.04	-2715.33
338.04	-2676.67
338.04	-2660.00
338.04	-2646.67
338.05	-2618.00
338.05	-2600.00
338.05	-2600.00
338.05	-2573.33
338.05	-2525.33
338.05	-2515.33
338.05	-2494.67
338.05	-2473.33
338.05	-2440.00
338.06	-2440.00
338.06	-2410.00
338.06	-2372.00
338.06	-2359.34
338.06	-2350.66
338.06	-2322.67
338.06	-2316.67
338.06	-2280.00
338.07	-2280.00
338.07	-2268.00
338.07	-2220.66
338.07	-2200.00
338.07	-2192.00
338.07	-2172.00
338.07	-2157.33
338.07	-2120.00
338.08	-2106.00
338.08	-2080.00
338.08	-2058.00
338.08	-2036.67
338.08	-2020.66
338.08	-1981.34
338.08	-2000.00
338.08	-1960.00
338.08	-1960.00
338.09	-1949.34
338.09	-1932.00
338.09	-1912.00
338.09	-1880.00
338.09	-1860.00
338.09	-1846.67
338.09	-1842.67
338.09	-1801.34
338.10	-1800.00
338.10	-1800.00
338.10	-1766.00
338.10	-1760.00
338.10	-1727.33
338.10	-1716.67
338.10	-1701.34
338.10	-1684.00
338.11	-1680.00
338.11	-1640.66
338.11	-1640.00
338.11	-1640.00
338.11	-1639.34
338.11	-1600.00
338.11	-1598.66
338.11	-1560.00
338.11	-1555.33
338.12	-1539.34
338.12	-1522.67
338.12	-1526.00
338.12	-1513.33
338.12	-1480.00
338.12	-1480.00
338.12	-1480.00
338.12	-1443.33
338.13	-1440.00
338.13	-1401.34
338.13	-1400.00
338.13	-1397.33
338.13	-1380.00
338.13	-1379.34
338.13	-1360.66
338.13	-1354.67
338.13	-1350.66
338.14	-1320.00
338.14	-1320.00
338.14	-1320.00
338.14	-1309.34
338.14	-1280.00
338.14	-1280.00
338.14	-1242.67
338.14	-1240.00
338.15	-1240.00
338.15	-1238.00
338.15	-1223.33
338.15	-1220.00
338.15	-1210.00
338.15	-1188.66
338.15	-1160.00
338.15	-1160.00
338.16	-1160.00
338.16	-1160.00
338.16	-1160.00
338.16	-1141.34
338.16	-1120.00
338.16	-1120.00
338.16	-1120.00
338.16	-1086.67
338.16	-1080.00
338.17	-1080.00
338.17	-1071.34
338.17	-1060.00
338.17	-1057.33
338.17	-1060.00
338.17	-1052.67
338.17	-1021.34
338.17	-1040.66
338.18	-1002.67
338.18	-1000.00
338.18	-1000.00
338.18	-1000.00
338.18	-1000.00
338.18	-1000.00
338.18	-998.66
338.18	-960.66
338.18	-958.00
338.19	-920.00
338.19	-920.00
338.19	-920.00
338.19	-920.00
338.19	-913.33
338.19	-906.00
338.19	-915.33
338.19	-900.00
338.20	-896.67
338.20	-898.00
338.20	-892.67
338.20	-888.66
338.20	-889.34
338.20	-882.00
338.20	-880.66
338.20	-865.33
338.21	-840.00
338.21	-840.00
338.21	-840.00
338.21	-840.00
338.21	-840.00
338.21	-840.00
338.21	-840.00
338.21	-817.33
338.21	-800.00
338.22	-800.00
338.22	-800.00
338.22	-800.00
338.22	-774.67
338.22	-760.00
338.22	-760.00
338.22	-760.00
338.22	-758.66
338.23	-758.00
338.23	-744.00
338.23	-749.34
338.23	-741.34
338.23	-737.33
338.23	-732.00
338.23	-720.00
338.23	-699.34
338.24	-692.00
338.24	-720.00
338.24	-720.00
338.24	-691.34
338.24	-685.33
338.24	-680.00
338.24	-680.00
338.24	-680.00
338.24	-680.00
338.25	-680.00
338.25	-678.66
338.25	-698.00
338.25	-670.00
338.25	-660.66
338.25	-660.66
338.25	-661.34
338.25	-653.33
338.26	-658.00
338.26	-659.34
338.26	-651.34
338.26	-646.67
338.26	-647.33
338.26	-630.00
338.26	-620.66
338.26	-634.67
338.26	-640.00
338.27	-601.34
338.27	-600.00
338.27	-600.00
338.27	-600.00
338.27	-600.00
338.27	-600.00
338.27	-590.66
338.27	-600.00
338.28	-600.00
338.28	-586.00
338.28	-580.00
338.28	-584.67
338.28	-581.34
338.28	-580.00
338.28	-580.00
338.28	-580.00
338.29	-566.00
338.29	-568.00
338.29	-566.67
338.29	-576.67
338.29	-573.33
338.29	-564.67
338.29	-529.34
338.29	-556.00
338.29	-558.66
338.30	-520.00
338.30	-520.00
338.30	-520.00
338.30	-520.00
338.30	-520.00
338.30	-520.00
338.30	-520.00
338.30	-520.00
338.31	-520.00
338.31	-520.00
338.31	-520.00
338.31	-520.00
338.31	-520.00
338.31	-520.66
338.31	-520.00
338.31	-520.00
338.31	-520.00
338.32	-490.66
338.32	-480.00
338.32	-486.67
338.32	-517.33
338.32	-480.00
338.32	-510.00
338.32	-480.00
338.32	-480.00
338.33	-480.00
338.33	-480.00
338.33	-480.00
338.33	-480.00
338.33	-480.00
338.33	-480.00
338.33	-480.00
338.33	-480.00
338.34	-480.00
338.34	-480.00
338.34	-480.00
338.34	-480.00
338.34	-453.33
338.34	-456.00
338.34	-444.67
338.34	-440.00
338.34	-440.00
338.35	-474.67
338.35	-445.33
338.35	-440.00
338.35	-440.00
338.35	-440.00
338.35	-440.00
338.35	-440.00
338.35	-440.00
338.36	-440.00
338.36	-440.00
338.36	-440.00
338.36	-440.00
338.36	-440.00
338.36	-440.00
338.36	-440.00
338.36	-440.00
338.36	-440.00
338.37	-438.66
338.37	-430.66
338.37	-436.67
338.37	-439.34
338.37	-440.00
338.37	-438.00
338.37	-430.66
338.37	-422.67
338.38	-420.66
338.38	-424.00
338.38	-420.66
338.38	-422.00
338.38	-422.00
338.38	-420.66
338.38	-416.00
338.38	-420.00
338.39	-414.67
338.39	-413.33
338.39	-418.66
338.39	-420.00
338.39	-402.00
338.39	-406.00
338.39	-414.00
338.39	-409.34
338.39	-410.00
338.40	-414.67
338.40	-417.33
338.40	-418.66
338.40	-414.67
338.40	-400.00
338.40	-374.67
338.40	-360.00
338.40	-360.00
338.41	-376.00
338.41	-400.00
338.41	-400.00
338.41	-386.67
338.41	-360.00
338.41	-360.00
338.41	-392.00
338.41	-370.66
338.42	-400.00
338.42	-402.00
338.42	-400.00
338.42	-372.00
338.42	-360.00
338.42	-360.00
338.42	-360.00
338.42	-360.00
338.42	-360.00
338.43	-360.00
338.43	-360.00
338.43	-360.00
338.43	-360.00
338.43	-360.00
338.43	-360.00
338.43	-360.00
338.43	-360.00
338.44	-360.00
338.44	-360.00
338.44	-360.00
338.44	-360.00
338.44	-360.00
338.44	-360.00
338.44	-360.00
338.44	-360.00
338.44	-360.00
338.45	-360.00
338.45	-360.00
338.45	-360.00
338.45	-360.00
338.45	-360.00
338.45	-371.34
338.45	-391.34
338.45	-398.66
338.46	-396.67
338.46	-366.00
338.46	-365.33
338.46	-363.33
338.46	-362.00
338.46	-362.00
338.46	-360.00
338.46	-360.66
338.47	-360.00
338.47	-360.00
338.47	-360.00
338.47	-360.00
338.47	-360.00
338.47	-360.00
338.47	-360.00
338.47	-334.00
338.47	-351.34
338.48	-360.00
338.48	-344.67
338.48	-360.00
338.48	-360.00
338.48	-360.00
338.48	-360.66
338.48	-362.00
338.48	-360.00
338.49	-360.00
338.49	-340.00
338.49	-320.00
338.49	-331.34
338.49	-360.00
338.49	-360.00
338.49	-360.00
338.49	-360.00
338.49	-336.00
338.50	-320.00
338.50	-348.00
338.50	-360.00
338.50	-328.66
338.50	-353.33
338.50	-360.00
338.50	-330.66
338.50	-320.00
338.51	-344.67
338.51	-320.00
338.51	-320.00
338.51	-325.33
338.51	-344.00
338.51	-320.00
338.51	-320.00
338.51	-328.66
338.52	-320.00
338.52	-340.66
338.52	-360.00
338.52	-343.33
338.52	-358.00
338.52	-323.33
338.52	-320.00
338.52	-320.00
338.52	-300.66
338.53	-334.67
338.53	-320.00
338.53	-320.00
338.53	-334.67
338.53	-326.67
338.53	-320.00
338.53	-336.00
338.53	-336.00
338.54	-320.00
338.54	-324.67
338.54	-320.00
338.54	-320.00
338.54	-325.33
338.54	-327.33
338.54	-320.00
338.54	-320.00
338.55	-320.00
338.55	-320.00
338.55	-320.00
338.55	-320.00
338.55	-320.00
338.55	-320.00
338.55	-327.33
338.55	-320.00
338.55	-320.00
338.56	-320.00
338.56	-320.00
338.56	-320.00
338.56	-306.67
338.56	-321.34
338.56	-320.00
338.56	-308.00
338.56	-280.00
338.57	-280.00
338.57	-280.00
338.57	-280.00
338.57	-282.67
338.57	-288.66
338.57	-280.00
338.57	-280.00
338.57	-280.00
338.57	-280.00
338.58	-309.34
338.58	-309.34
338.58	-280.00
338.58	-280.00
338.58	-280.00
338.58	-280.00
338.58	-286.00
338.58	-311.34
338.59	-280.00
338.59	-280.00
338.59	-280.00
338.59	-280.00
338.59	-280.00
338.59	-280.00
338.59	-280.00
338.59	-280.00
338.60	-280.00
338.60	-280.00
338.60	-280.00
338.60	-280.00
338.60	-280.00
338.60	-280.00
338.60	-280.00
338.60	-280.00
338.60	-280.00
338.61	-280.00
338.61	-280.00
338.61	-280.00
338.61	-280.00
338.61	-280.00
338.61	-280.00
338.61	-280.00
338.61	-280.00
338.62	-280.00
338.62	-268.66
338.62	-277.33
338.62	-277.33
338.62	-264.00
338.62	-278.66
338.62	-280.00
338.62	-280.00
338.62	-280.00
338.63	-280.00
338.63	-280.00
338.63	-271.34
338.63	-280.00
338.63	-280.00
338.63	-280.00
338.63	-280.00
338.63	-280.00
338.64	-280.00
338.64	-272.00
338.64	-280.00
338.64	-280.00
338.64	-280.00
338.64	-280.00
338.64	-280.00
338.64	-280.00
338.65	-280.00
338.65	-280.00
338.65	-280.00
338.65	-275.33
338.65	-272.67
338.65	-269.34
338.65	-276.00
338.65	-280.00
338.65	-279.34
338.66	-264.00
338.66	-273.33
338.66	-280.00
338.66	-277.33
338.66	-262.00
338.66	-264.67
338.66	-260.00
338.66	-268.66
338.67	-271.34
338.67	-264.00
338.67	-276.67
338.67	-276.00
338.67	-270.66
338.67	-261.34
338.67	-270.00
338.67	-272.00
338.67	-270.66
338.68	-260.00
338.68	-273.33
338.68	-278.66
338.68	-267.33
338.68	-280.00
338.68	-280.00
338.68	-280.00
338.68	-280.00
338.69	-276.67
338.69	-280.00
338.69	-276.00
338.69	-280.00
338.69	-269.34
338.69	-274.67
338.69	-280.00
338.69	-275.33
338.70	-276.67
338.70	-276.67
338.70	-260.00
338.70	-260.00
338.70	-269.34
338.70	-280.00
338.70	-278.00
338.70	-268.00
338.70	-279.34
338.71	-278.66
338.71	-262.67
338.71	-266.67
338.71	-279.34
338.71	-268.66
338.71	-260.00
338.71	-270.00
338.71	-261.34
338.72	-270.66
338.72	-267.33
338.72	-260.00
338.72	-260.00
338.72	-260.00
338.72	-278.66
338.72	-277.33
338.72	-266.00
338.73	-271.34
338.73	-260.00
338.73	-260.00
338.73	-267.33
338.73	-260.00
338.73	-260.00
338.73	-270.66
338.73	-262.67
338.73	-260.00
338.74	-262.00
338.74	-260.00
338.74	-269.34
338.74	-274.67
338.74	-260.00
338.74	-259.34
338.74	-260.00
338.74	-260.00
338.75	-260.00
338.75	-260.00
338.75	-260.00
338.75	-260.00
338.75	-260.00
338.75	-260.00
338.75	-260.00
338.75	-260.00
338.75	-260.00
338.76	-260.00
338.76	-260.00
338.76	-260.00
338.76	-260.00
338.76	-271.34
338.76	-261.34
338.76	-262.00
338.76	-260.00
338.77	-260.00
338.77	-264.00
338.77	-260.66
338.77	-260.00
338.77	-260.00
338.77	-262.00
338.77	-260.00
338.77	-254.67
338.78	-260.00
338.78	-260.00
338.78	-260.00
338.78	-260.00
338.78	-262.67
338.78	-265.33
338.78	-260.00
338.78	-265.33
338.78	-260.00
338.79	-261.34
338.79	-272.00
338.79	-264.67
338.79	-260.00
338.79	-260.00
338.79	-257.33
338.79	-256.00
338.79	-260.00
338.80	-260.00
338.80	-260.00
338.80	-260.00
338.80	-260.00
338.80	-260.00
338.80	-259.34
338.80	-260.00
338.80	-260.00
338.80	-260.00
338.81	-260.00
338.81	-260.66
338.81	-260.00
338.81	-267.33
338.81	-260.00
338.81	-260.00
338.81	-260.00
338.81	-260.00
338.82	-266.00
338.82	-263.33
338.82	-262.00
338.82	-260.00
338.82	-260.00
338.82	-260.00
338.82	-260.00
338.82	-260.00
338.83	-260.00
338.83	-260.00
338.83	-259.34
338.83	-260.00
338.83	-260.00
338.83	-260.00
338.83	-260.00
338.83	-260.00
338.83	-260.00
338.84	-260.00
338.84	-260.00
338.84	-260.00
338.84	-270.00
338.84	-274.67
338.84	-270.00
338.84	-260.00
338.84	-260.00
338.85	-260.00
338.85	-256.67
338.85	-255.33
338.85	-259.34
338.85	-260.00
338.85	-258.00
338.85	-259.34
338.85	-260.00
338.85	-260.00
338.86	-251.34
338.86	-248.66
338.86	-240.00
338.86	-241.34
338.86	-258.66
338.86	-252.00
338.86	-258.66
338.86	-261.34
338.87	-259.34
338.87	-258.00
338.87	-260.00
338.87	-260.00
338.87	-259.34
338.87	-259.34
338.87	-260.00
338.87	-260.00
338.88	-260.00
338.88	-260.00
338.88	-268.66
338.88	-267.33
338.88	-260.00
338.88	-255.33
338.88	-242.67
338.88	-256.67
338.88	-260.00
338.89	-260.00
338.89	-260.00
338.89	-260.00
338.89	-260.00
338.89	-254.00
338.89	-256.67
338.89	-260.00
338.89	-256.00
338.90	-260.00
338.90	-260.00
338.90	-258.66
338.90	-260.00
338.90	-260.00
338.90	-260.00
338.90	-258.66
338.90	-260.00
338.91	-258.00
338.91	-251.34
338.91	-257.33
338.91	-260.00
338.91	-260.00
338.91	-260.00
338.91	-256.67
338.91	-256.67
338.91	-244.00
338.92	-248.66
338.92	-241.34
338.92	-242.00
338.92	-257.33
338.92	-260.00
338.92	-260.00
338.92	-252.67
338.92	-256.00
338.93	-250.66
338.93	-259.34
338.93	-260.00
338.93	-260.00
338.93	-260.00
338.93	-260.00
338.93	-254.67
338.93	-248.66
338.93	-260.00
338.94	-256.67
338.94	-254.00
338.94	-260.00
338.94	-260.66
338.94	-260.66
338.94	-260.00
338.94	-256.00
338.94	-247.33
338.95	-258.00
338.95	-260.00
338.95	-260.00
338.95	-257.33
338.95	-258.00
338.95	-260.00
338.95	-250.00
338.95	-259.34
338.96	-260.00
338.96	-260.00
338.96	-260.00
338.96	-260.00
338.96	-258.66
338.96	-258.66
338.96	-260.00
338.96	-260.00
338.96	-259.34
338.97	-260.00
338.97	-260.00
338.97	-260.00
338.97	-260.00
338.97	-258.66
338.97	-249.34
338.97	-254.67
338.97	-242.00
338.98	-258.00
338.98	-244.00
338.98	-251.34
338.98	-244.67
338.98	-240.66
338.98	-254.67
338.98	-258.00
338.98	-254.00
338.98	-248.66
338.99	-244.00
338.99	-243.33
338.99	-256.67
338.99	-254.67
338.99	-258.66
338.99	-260.00
338.99	-260.00
338.99	-260.00
339.00	-259.34
339.00	-259.34
339.00	-260.00
339.00	-246.67
339.00	-240.00
339.00	-254.67
339.00	-253.33
339.00	-257.33
339.01	-260.00
339.01	-249.34
339.01	-258.00
339.01	-255.33
339.01	-256.67
339.01	-250.66
339.01	-259.34
339.01	-260.00
339.01	-260.00
339.02	-260.00
339.02	-260.00
339.02	-259.34
339.02	-251.34
339.02	-240.00
339.02	-241.34
339.02	-224.00
339.02	-239.34
339.03	-241.34
339.03	-246.00
339.03	-248.66
339.03	-240.66
339.03	-259.34
339.03	-254.00
339.03	-260.00
339.03	-243.33
339.04	-240.00
339.04	-234.67
339.04	-242.67
339.04	-225.33
339.04	-242.00
339.04	-254.67
339.04	-258.00
339.04	-242.67
339.04	-247.33
339.05	-254.67
339.05	-248.00
339.05	-260.00
339.05	-260.00
339.05	-253.33
339.05	-249.34
339.05	-240.66
339.05	-241.34
339.06	-245.33
339.06	-246.00
339.06	-248.00
339.06	-242.00
339.06	-244.67
339.06	-240.66
339.06	-253.33
339.06	-249.34
339.06	-228.00
339.07	-217.33
339.07	-226.67
339.07	-241.34
339.07	-215.33
339.07	-242.67
339.07	-250.00
339.07	-241.34
339.07	-256.67
339.08	-260.00
339.08	-250.66
339.08	-240.00
339.08	-240.66
339.08	-240.66
339.08	-240.00
339.08	-241.34
339.08	-243.33
339.09	-240.66
339.09	-229.34
339.09	-258.66
339.09	-254.67
339.09	-251.34
339.09	-251.34
339.09	-244.00
339.09	-256.00
339.09	-251.34
339.10	-250.66
339.10	-241.34
339.10	-241.34
339.10	-244.00
339.10	-249.34
339.10	-253.33
339.10	-251.34
339.10	-248.66
339.11	-241.34
339.11	-240.66
339.11	-240.00
339.11	-240.00
339.11	-254.67
339.11	-256.00
339.11	-240.66
339.11	-244.00
339.11	-246.00
339.12	-243.33
339.12	-256.67
339.12	-258.00
339.12	-257.33
339.12	-258.00
339.12	-258.00
339.12	-258.00
339.12	-256.67
339.13	-243.33
339.13	-248.00
339.13	-240.66
339.13	-212.00
339.13	-229.34
339.13	-240.00
339.13	-245.33
339.13	-248.66
339.14	-240.66
339.14	-242.00
339.14	-260.00
339.14	-259.34
339.14	-257.33
339.14	-241.34
339.14	-225.33
339.14	-200.00
339.14	-234.67
339.15	-242.67
339.15	-240.00
339.15	-233.33
339.15	-240.00
339.15	-240.00
339.15	-240.00
339.15	-242.67
339.15	-260.00
339.16	-257.33
339.16	-241.34
339.16	-256.67
339.16	-260.00
339.16	-258.66
339.16	-260.00
339.16	-259.34
339.16	-245.33
339.16	-248.00
339.17	-257.33
339.17	-254.67
339.17	-240.00
339.17	-240.66
339.17	-240.00
339.17	-246.67
339.17	-258.00
339.17	-249.34
339.18	-242.67
339.18	-248.66
339.18	-244.67
339.18	-241.34
339.18	-243.33
339.18	-242.67
339.18	-240.00
339.18	-201.34
339.19	-204.67
339.19	-240.66
339.19	-240.00
339.19	-240.66
339.19	-241.34
339.19	-243.33
339.19	-240.00
339.19	-240.00
339.19	-242.00
339.20	-250.00
339.20	-250.66
339.20	-240.00
339.20	-253.33
339.20	-260.00
339.20	-258.66
339.20	-240.00
339.20	-240.00
339.21	-245.33
339.21	-240.00
339.21	-242.00
339.21	-252.00
339.21	-242.00
339.21	-251.34
339.21	-254.67
339.21	-240.00
339.22	-240.00
339.22	-248.00
339.22	-240.66
339.22	-233.33
339.22	-240.00
339.22	-240.00
339.22	-201.34
339.22	-230.66
339.22	-238.00
339.23	-200.00
339.23	-238.66
339.23	-242.67
339.23	-218.00
339.23	-236.67
339.23	-242.00
339.23	-240.66
339.23	-244.67
339.24	-255.33
339.24	-252.00
339.24	-252.00
339.24	-257.33
339.24	-259.34
339.24	-256.67
339.24	-250.00
339.24	-258.00
339.24	-252.67
339.25	-251.34
339.25	-254.00
339.25	-259.34
339.25	-241.34
339.25	-240.00
339.25	-242.00
339.25	-223.33
339.25	-238.66
339.26	-218.00
339.26	-200.00
339.26	-200.00
339.26	-200.00
339.26	-208.66
339.26	-217.33
339.26	-240.00
339.26	-242.00
339.27	-240.66
339.27	-243.33
339.27	-240.66
339.27	-245.33
339.27	-241.34
339.27	-244.00
339.27	-242.00
339.27	-240.00
339.27	-240.66
339.28	-240.00
339.28	-221.34
339.28	-244.00
339.28	-240.00
339.28	-203.33
339.28	-219.34
339.28	-240.00
339.28	-240.00
339.29	-232.00
339.29	-200.00
339.29	-200.00
339.29	-200.00
339.29	-230.00
339.29	-240.00
339.29	-222.00
339.29	-232.00
339.29	-247.33
339.30	-249.34
339.30	-248.66
339.30	-240.66
339.30	-240.00
339.30	-230.00
339.30	-241.34
339.30	-245.33
339.30	-241.34
339.31	-244.67
339.31	-240.00
339.31	-244.00
339.31	-243.33
339.31	-240.00
339.31	-246.67
339.31	-258.00
339.31	-253.33
339.32	-242.67
339.32	-243.33
339.32	-242.67
339.32	-255.33
339.32	-249.34
339.32	-246.00
339.32	-240.66
339.32	-240.00
339.32	-240.00
339.33	-218.00
339.33	-200.00
339.33	-200.00
339.33	-200.00
339.33	-200.00
339.33	-235.33
339.33	-240.00
339.33	-240.00
339.34	-204.00
339.34	-221.34
339.34	-240.00
339.34	-240.00
339.34	-240.00
339.34	-254.67
339.34	-246.67
339.34	-240.00
339.35	-226.00
339.35	-214.00
339.35	-206.67
339.35	-205.33
339.35	-240.00
339.35	-206.00
339.35	-215.33
339.35	-240.66
339.35	-248.00
339.36	-251.34
339.36	-241.34
339.36	-240.00
339.36	-242.00
339.36	-241.34
339.36	-246.00
339.36	-240.66
339.36	-236.67
339.37	-244.67
339.37	-253.33
339.37	-249.34
339.37	-245.33
339.37	-240.00
339.37	-241.34
339.37	-240.66
339.37	-240.00
339.37	-240.00
339.38	-229.34
339.38	-210.66
339.38	-240.00
339.38	-242.67
339.38	-241.34
339.38	-240.00
339.38	-240.00
339.38	-256.67
339.39	-247.33
339.39	-240.66
339.39	-240.00
339.39	-200.66
339.39	-242.00
339.39	-260.00
339.39	-250.66
339.39	-206.00
339.40	-213.33
339.40	-241.34
339.40	-208.00
339.40	-216.67
339.40	-240.00
339.40	-223.33
339.40	-244.00
339.40	-242.67
339.40	-248.00
339.41	-240.66
339.41	-242.67
339.41	-246.00
339.41	-238.00
339.41	-212.67
339.41	-240.66
339.41	-236.67
339.41	-200.00
339.42	-200.00
339.42	-200.00
339.42	-200.00
339.42	-221.34
339.42	-236.67
339.42	-212.67
339.42	-222.67
339.42	-200.00
339.42	-200.00
339.43	-215.33
339.43	-238.66
339.43	-241.34
339.43	-240.00
339.43	-220.00
339.43	-200.00
339.43	-200.00
339.43	-206.00
339.44	-234.67
339.44	-240.00
339.44	-241.34
339.44	-240.00
339.44	-234.00
339.44	-237.33
339.44	-247.33
339.44	-241.34
339.45	-244.67
339.45	-244.67
339.45	-226.00
339.45	-200.00
339.45	-217.33
339.45	-204.00
339.45	-241.34
339.45	-245.33
339.45	-240.00
339.46	-218.66
339.46	-240.66
339.46	-240.66
339.46	-209.34
339.46	-200.00
339.46	-226.67
339.46	-216.67
339.46	-210.00
339.47	-240.66
339.47	-241.34
339.47	-242.00
339.47	-254.67
339.47	-254.00
339.47	-242.00
339.47	-240.00
339.47	-250.66
339.47	-243.33
339.48	-236.00
339.48	-203.33
339.48	-241.34
339.48	-240.00
339.48	-242.67
339.48	-240.00
339.48	-207.33
339.48	-240.00
339.49	-232.67
339.49	-240.00
339.49	-214.67
339.49	-240.00
339.49	-240.00
339.49	-240.66
339.49	-242.00
339.49	-233.33
339.50	-212.00
339.50	-224.67
339.50	-249.34
339.50	-240.00
339.50	-240.66
339.50	-240.00
339.50	-240.00
339.50	-242.67
339.50	-258.00
339.51	-248.00
339.51	-234.00
339.51	-240.66
339.51	-246.00
339.51	-241.34
339.51	-226.67
339.51	-232.67
339.51	-240.00
339.52	-240.00
339.52	-240.00
339.52	-243.33
339.52	-248.66
339.52	-246.00
339.52	-220.66
339.52	-240.00
339.52	-241.34
339.53	-243.33
339.53	-228.66
339.53	-238.00
339.53	-212.67
339.53	-208.66
339.53	-217.33
339.53	-240.00
339.53	-240.00
339.53	-242.00
339.54	-249.34
339.54	-249.34
339.54	-242.00
339.54	-232.67
339.54	-241.34
339.54	-220.00
339.54	-240.00
339.54	-250.66
339.55	-245.33
339.55	-240.00
339.55	-241.34
339.55	-240.00
339.55	-240.00
339.55	-217.33
339.55	-240.00
339.55	-240.00
339.55	-202.67
339.56	-200.00
339.56	-204.67
339.56	-240.00
339.56	-240.00
339.56	-240.00
339.56	-216.00
339.56	-236.67
339.56	-240.66
339.57	-236.00
339.57	-200.00
339.57	-200.00
339.57	-215.33
339.57	-228.66
339.57	-207.33
339.57	-235.33
339.57	-205.33
339.58	-235.33
339.58	-222.00
339.58	-206.00
339.58	-237.33
339.58	-214.67
339.58	-200.00
339.58	-222.00
339.58	-240.00
339.58	-241.34
339.59	-202.67
339.59	-212.00
339.59	-244.67
339.59	-242.00
339.59	-254.67
339.59	-249.34
339.59	-242.67
339.59	-248.66
339.60	-240.00
339.60	-244.67
339.60	-256.67
339.60	-242.00
339.60	-240.00
339.60	-240.00
339.60	-245.33
339.60	-244.00
339.60	-240.00
339.61	-235.33
339.61	-206.67
339.61	-216.00
339.61	-243.33
339.61	-240.00
339.61	-240.00
339.61	-240.00
339.61	-228.66
339.62	-222.00
339.62	-228.66
339.62	-240.00
339.62	-240.00
339.62	-240.00
339.62	-240.00
339.62	-240.00
339.62	-219.34
339.63	-240.00
339.63	-240.00
339.63	-203.33
339.63	-210.66
339.63	-248.00
339.63	-241.34
339.63	-251.34
339.63	-258.00
339.63	-260.00
339.64	-243.33
339.64	-253.33
339.64	-254.67
339.64	-240.00
339.64	-232.00
339.64	-241.34
339.64	-228.00
339.64	-200.00
339.65	-200.00
339.65	-234.67
339.65	-240.00
339.65	-241.34
339.65	-242.67
339.65	-240.66
339.65	-246.00
339.65	-240.66
339.65	-240.00
339.66	-227.33
339.66	-238.00
339.66	-200.00
339.66	-200.00
339.66	-228.66
339.66	-224.67
339.66	-240.00
339.66	-240.00
339.67	-241.34
339.67	-240.00
339.67	-240.00
339.67	-240.00
339.67	-242.00
339.67	-230.66
339.67	-249.34
339.67	-240.00
339.68	-202.00
339.68	-214.00
339.68	-219.34
339.68	-246.00
339.68	-242.00
339.68	-248.00
339.68	-240.00
339.68	-240.00
339.68	-240.66
339.69	-231.34
339.69	-224.00
339.69	-241.34
339.69	-240.00
339.69	-240.00
339.69	-246.67
339.69	-235.33
339.69	-232.67
339.70	-200.00
339.70	-200.00
339.70	-208.66
339.70	-240.00
339.70	-249.34
339.70	-222.00
339.70	-200.00
339.70	-235.33
339.71	-245.33
339.71	-247.33
339.71	-250.66
339.71	-241.34
339.71	-205.33
339.71	-235.33
339.71	-220.66
339.71	-240.66
339.71	-212.00
339.72	-200.00
339.72	-232.67
339.72	-240.00
339.72	-240.00
339.72	-224.00
339.72	-230.00
339.72	-240.00
339.72	-200.00
339.73	-200.00
339.73	-224.67
339.73	-241.34
339.73	-240.00
339.73	-207.33
339.73	-200.00
339.73	-212.67
339.73	-240.00
339.73	-240.66
339.74	-228.00
339.74	-224.67
339.74	-240.66
339.74	-240.00
339.74	-207.33
339.74	-224.00
339.74	-203.33
339.74	-222.00
339.75	-206.67
339.75	-240.00
339.75	-240.00
339.75	-220.00
339.75	-240.00
339.75	-240.00
339.75	-240.00
339.75	-202.00
339.76	-200.00
339.76	-200.00
339.76	-230.00
339.76	-248.66
339.76	-242.00
339.76	-242.00
339.76	-241.34
339.76	-230.00
339.76	-209.34
339.77	-241.34
339.77	-240.00
339.77	-240.00
339.77	-240.00
339.77	-246.00
339.77	-240.66
339.77	-215.33
339.77	-200.00
339.78	-210.00
339.78	-250.00
339.78	-242.00
339.78	-242.67
339.78	-212.67
339.78	-218.66
339.78	-238.00
339.78	-200.00
339.78	-230.00
339.79	-230.00
339.79	-240.00
339.79	-227.33
339.79	-219.34
339.79	-240.66
339.79	-242.00
339.79	-254.67
339.79	-255.33
339.80	-234.67
339.80	-240.00
339.80	-240.00
339.80	-240.00
339.80	-230.00
339.80	-240.00
339.80	-200.00
339.80	-222.67
339.81	-241.34
339.81	-241.34
339.81	-241.34
339.81	-246.00
339.81	-240.00
339.81	-240.00
339.81	-240.00
339.81	-249.34
339.81	-245.33
339.82	-240.00
339.82	-226.00
339.82	-212.00
339.82	-229.34
339.82	-233.33
339.82	-247.33
339.82	-240.00
339.82	-240.00
339.83	-240.66
339.83	-240.00
339.83	-240.00
339.83	-240.00
339.83	-210.00
339.83	-200.00
339.83	-240.66
339.83	-240.00
339.84	-222.67
339.84	-200.00
339.84	-208.00
339.84	-206.00
339.84	-200.00
339.84	-238.66
339.84	-240.00
339.84	-225.33
339.84	-205.33
339.85	-200.00
339.85	-200.00
339.85	-226.67
339.85	-240.00
339.85	-240.00
339.85	-240.00
339.85	-211.34
339.85	-200.00
339.86	-200.00
339.86	-212.00
339.86	-212.67
339.86	-200.00
339.86	-200.00
339.86	-234.67
339.86	-240.66
339.86	-248.66
339.86	-223.33
339.87	-240.00
339.87	-240.00
339.87	-227.33
339.87	-200.00
339.87	-200.00
339.87	-200.00
339.87	-202.00
339.87	-240.00
339.88	-250.00
339.88	-243.33
339.88	-240.00
339.88	-240.00
339.88	-214.67
339.88	-219.34
339.88	-243.33
339.88	-216.00
339.89	-200.00
339.89	-206.67
339.89	-240.00
339.89	-240.00
339.89	-240.00
339.89	-240.00
339.89	-240.00
339.89	-239.34
339.89	-200.00
339.90	-230.00
339.90	-240.00
339.90	-240.00
339.90	-240.00
339.90	-202.00
339.90	-200.00
339.90	-230.00
339.90	-240.00
339.91	-240.00
339.91	-242.00
339.91	-240.66
339.91	-240.00
339.91	-240.00
339.91	-240.00
339.91	-240.00
339.91	-240.00
339.91	-240.00
339.92	-240.00
339.92	-240.00
339.92	-233.33
339.92	-249.34
339.92	-241.34
339.92	-227.33
339.92	-235.33
339.92	-240.00
339.93	-220.66
339.93	-228.00
339.93	-200.00
339.93	-240.00
339.93	-258.66
339.93	-243.33
339.93	-240.66
339.93	-240.00
339.94	-249.34
339.94	-254.67
339.94	-240.00
339.94	-216.00
339.94	-200.00
339.94	-200.00
339.94	-200.00
339.94	-200.00
339.94	-235.33
339.95	-240.00
339.95	-240.00
339.95	-240.00
339.95	-252.00
339.95	-244.00
339.95	-222.00
339.95	-247.33
339.95	-255.33
339.96	-254.67
339.96	-240.66
339.96	-240.00
339.96	-240.00
339.96	-240.00
339.96	-240.66
339.96	-240.00
339.96	-229.34
339.96	-238.66
339.97	-240.00
339.97	-205.33
339.97	-211.34
339.97	-234.00
339.97	-240.00
339.97	-240.00
339.97	-240.00
339.97	-240.00
339.98	-232.67
339.98	-240.00
339.98	-242.00
339.98	-240.00
339.98	-247.33
339.98	-240.66
339.98	-212.67
339.98	-200.00
339.99	-200.00
339.99	-200.00
339.99	-236.67
339.99	-240.00
339.99	-216.67
339.99	-214.00
339.99	-241.34
339.99	-241.34
339.99	-240.00
340.00	-226.67
340.00	-240.00
340.00	-240.00
340.00	-242.67
340.00	-242.00
340.00	-227.33
340.00	-200.00
340.00	-200.00
340.01	-208.66
340.01	-216.67
340.01	-240.00
340.01	-232.67
340.01	-234.67
340.01	-242.00
340.01	-244.00
340.01	-244.67
340.02	-241.34
340.02	-242.67
340.02	-222.00
340.02	-200.00
340.02	-208.00
340.02	-240.00
340.02	-201.34
340.02	-200.00
340.02	-206.67
340.03	-213.33
340.03	-240.00
340.03	-240.00
340.03	-215.33
340.03	-200.00
340.03	-200.00
340.03	-220.00
340.03	-202.67
340.04	-200.00
340.04	-200.00
340.04	-208.00
340.04	-240.00
340.04	-214.67
340.04	-241.34
340.04	-242.00
340.04	-241.34
340.04	-240.66
340.05	-242.00
340.05	-216.67
340.05	-226.00
340.05	-240.00
340.05	-240.00
340.05	-240.00
340.05	-206.00
340.05	-230.00
340.06	-257.33
340.06	-254.67
340.06	-252.00
340.06	-259.34
340.06	-251.34
340.06	-241.34
340.06	-242.67
340.06	-221.34
340.07	-240.66
340.07	-244.00
340.07	-250.00
340.07	-242.67
340.07	-240.00
340.07	-242.00
340.07	-226.67
340.07	-200.00
340.07	-206.67
340.08	-210.66
340.08	-200.00
340.08	-236.00
340.08	-240.00
340.08	-208.66
340.08	-200.00
340.08	-232.00
340.08	-241.34
340.09	-207.33
340.09	-228.66
340.09	-240.00
340.09	-226.00
340.09	-240.00
340.09	-232.67
340.09	-246.67
340.09	-240.00
340.09	-240.00
340.10	-234.67
340.10	-240.00
340.10	-240.00
340.10	-240.66
340.10	-230.66
340.10	-201.34
340.10	-240.00
340.10	-200.66
340.11	-206.67
340.11	-241.34
340.11	-240.00
340.11	-226.00
340.11	-220.66
340.11	-212.67
340.11	-208.00
340.11	-224.67
340.12	-240.00
340.12	-237.33
340.12	-200.00
340.12	-219.34
340.12	-243.33
340.12	-242.67
340.12	-210.00
340.12	-200.00
340.12	-200.00
340.13	-200.00
340.13	-200.00
340.13	-210.66
340.13	-244.00
340.13	-240.00
340.13	-240.00
340.13	-251.34
340.13	-246.00
340.14	-230.00
340.14	-240.00
340.14	-240.66
340.14	-210.66
340.14	-240.66
340.14	-213.33
340.14	-240.00
340.14	-244.00
340.14	-240.00
340.15	-240.00
340.15	-204.67
340.15	-200.00
340.15	-200.00
340.15	-228.00
340.15	-242.00
340.15	-240.00
340.15	-240.00
340.16	-230.66
340.16	-227.33
340.16	-224.67
340.16	-246.00
340.16	-254.00
340.16	-258.00
340.16	-242.00
340.16	-240.66
340.17	-240.00
340.17	-206.67
340.17	-200.00
340.17	-220.66
340.17	-240.00
340.17	-201.34
340.17	-222.00
340.17	-220.66
340.17	-200.00
340.18	-231.34
340.18	-241.34
340.18	-240.00
340.18	-254.67
340.18	-253.33
340.18	-244.67
340.18	-238.00
340.18	-232.67
340.19	-240.00
340.19	-240.00
340.19	-241.34
340.19	-204.67
340.19	-228.00
340.19	-230.66
340.19	-200.00
340.19	-200.00
340.20	-200.00
340.20	-224.00
340.20	-240.00
340.20	-240.66
340.20	-242.67
340.20	-228.00
340.20	-200.00
340.20	-200.00
340.20	-206.00
340.21	-240.00
340.21	-257.33
340.21	-244.67
340.21	-241.34
340.21	-240.66
340.21	-240.00
340.21	-224.67
340.21	-231.34
340.22	-242.00
340.22	-247.33
340.22	-252.67
340.22	-234.67
340.22	-240.66
340.22	-240.00
340.22	-220.66
340.22	-244.67
340.22	-254.00
340.23	-246.67
340.23	-243.33
340.23	-241.34
340.23	-226.67
340.23	-230.00
340.23	-204.00
340.23	-242.00
340.23	-240.00
340.24	-244.00
340.24	-242.00
340.24	-244.67
340.24	-246.00
340.24	-234.67
340.24	-240.00
340.24	-233.33
340.24	-200.00
340.25	-200.00
340.25	-200.00
340.25	-206.00
340.25	-206.67
340.25	-226.00
340.25	-240.00
340.25	-212.67
340.25	-200.00
340.25	-220.00
340.26	-240.00
340.26	-256.00
340.26	-252.00
340.26	-241.34
340.26	-246.67
340.26	-247.33
340.26	-240.00
340.26	-232.00
340.27	-200.00
340.27	-234.00
340.27	-240.00
340.27	-240.00
340.27	-235.33
340.27	-222.00
340.27	-239.34
340.27	-218.66
340.27	-240.66
340.28	-246.00
340.28	-251.34
340.28	-244.67
340.28	-240.00
340.28	-212.00
340.28	-200.00
340.28	-226.00
340.28	-240.00
340.29	-246.67
340.29	-243.33
340.29	-240.00
340.29	-243.33
340.29	-210.66
340.29	-218.00
340.29	-240.66
340.29	-240.00
340.30	-240.00
340.30	-239.34
340.30	-240.00
340.30	-240.00
340.30	-240.00
340.30	-217.33
340.30	-211.34
340.30	-200.00
340.30	-236.00
340.31	-240.00
340.31	-220.00
340.31	-245.33
340.31	-240.00
340.31	-206.00
340.31	-200.00
340.31	-234.00
340.31	-241.34
340.32	-216.67
340.32	-230.00
340.32	-220.00
340.32	-240.00
340.32	-242.00
340.32	-240.00
340.32	-240.00
340.32	-240.00
340.33	-240.00
340.33	-240.00
340.33	-244.67
340.33	-222.00
340.33	-240.00
340.33	-200.00
340.33	-202.00
340.33	-214.67
340.33	-200.00
340.34	-200.00
340.34	-200.00
340.34	-200.00
340.34	-217.33
340.34	-240.00
340.34	-240.00
340.34	-221.34
340.34	-210.00
340.35	-206.67
340.35	-200.66
340.35	-222.67
340.35	-200.00
340.35	-200.00
340.35	-200.00
340.35	-200.00
340.35	-200.00
340.35	-200.00
340.36	-200.00
340.36	-223.33
340.36	-243.33
340.36	-240.00
340.36	-240.00
