335.48	-213.33
335.48	-224.00
335.48	-224.00
335.48	-221.34
335.48	-201.34
335.48	-240.00
335.49	-248.00
335.49	-220.66
335.49	-200.00
335.49	-215.33
335.49	-220.00
335.49	-204.00
335.49	-239.34
335.49	-211.34
335.50	-234.00
335.50	-200.00
335.50	-200.00
335.50	-200.00
335.50	-200.00
335.50	-230.66
335.50	-248.00
335.50	-240.00
335.50	-240.00
335.51	-240.00
335.51	-233.33
335.51	-211.34
335.51	-256.00
335.51	-246.00
335.51	-247.33
335.51	-248.66
335.51	-240.66
335.52	-240.00
335.52	-240.00
335.52	-210.66
335.52	-200.00
335.52	-200.00
335.52	-200.00
335.52	-208.66
335.52	-241.34
335.53	-231.34
335.53	-240.00
335.53	-240.00
335.53	-240.00
335.53	-240.00
335.53	-240.00
335.53	-240.00
335.53	-242.67
335.53	-240.66
335.54	-240.00
335.54	-241.34
335.54	-219.34
335.54	-200.00
335.54	-200.00
335.54	-200.00
335.54	-200.00
335.54	-200.00
335.55	-200.00
335.55	-200.00
335.55	-212.00
335.55	-242.67
335.55	-242.67
335.55	-210.00
335.55	-200.00
335.55	-200.00
335.55	-200.00
335.56	-200.00
335.56	-230.00
335.56	-212.00
335.56	-240.00
335.56	-245.33
335.56	-221.34
335.56	-200.00
335.56	-224.00
335.57	-240.00
335.57	-242.67
335.57	-240.66
335.57	-240.00
335.57	-218.00
335.57	-238.00
335.57	-240.66
335.57	-240.00
335.58	-238.00
335.58	-216.00
335.58	-249.34
335.58	-241.34
335.58	-201.34
335.58	-200.00
335.58	-200.00
335.58	-221.34
335.58	-200.00
335.59	-200.00
335.59	-200.00
335.59	-200.00
335.59	-200.00
335.59	-206.00
335.59	-229.34
335.59	-240.00
335.59	-240.00
335.60	-240.00
335.60	-240.00
335.60	-240.00
335.60	-241.34
335.60	-222.00
335.60	-200.00
335.60	-200.00
335.60	-210.66
335.60	-200.00
335.61	-200.00
335.61	-200.00
335.61	-200.00
335.61	-200.00
335.61	-215.33
335.61	-240.00
335.61	-232.67
335.61	-238.66
335.62	-236.67
335.62	-240.00
335.62	-232.67
335.62	-239.34
335.62	-240.00
335.62	-240.00
335.62	-229.34
335.62	-200.00
335.63	-200.00
335.63	-200.00
335.63	-204.67
335.63	-239.34
335.63	-200.00
335.63	-225.33
335.63	-240.00
335.63	-240.00
335.63	-240.00
335.64	-236.67
335.64	-229.34
335.64	-200.00
335.64	-217.33
335.64	-209.34
335.64	-210.66
335.64	-240.66
335.64	-240.00
335.65	-240.00
335.65	-246.67
335.65	-248.66
335.65	-240.00
335.65	-240.00
335.65	-240.00
335.65	-240.00
335.65	-232.00
335.66	-240.00
335.66	-237.33
335.66	-205.33
335.66	-240.66
335.66	-225.33
335.66	-230.00
335.66	-240.00
335.66	-208.00
335.66	-224.00
335.67	-240.00
335.67	-240.00
335.67	-240.00
335.67	-232.67
335.67	-237.33
335.67	-228.66
335.67	-240.00
335.67	-232.00
335.68	-214.67
335.68	-205.33
335.68	-237.33
335.68	-240.00
335.68	-239.34
335.68	-240.00
335.68	-240.00
335.68	-206.67
335.68	-200.00
335.69	-233.33
335.69	-240.00
335.69	-240.00
335.69	-240.00
335.69	-240.00
335.69	-218.00
335.69	-200.00
335.69	-200.00
335.70	-200.00
335.70	-200.00
335.70	-200.00
335.70	-200.00
335.70	-227.33
335.70	-226.00
335.70	-200.00
335.70	-200.00
335.71	-200.00
335.71	-200.00
335.71	-200.00
335.71	-200.00
335.71	-200.00
335.71	-201.34
335.71	-228.66
335.71	-237.33
335.71	-200.00
335.72	-200.00
335.72	-200.00
335.72	-218.00
335.72	-208.66
335.72	-200.00
335.72	-200.00
335.72	-200.00
335.72	-220.00
335.73	-216.67
335.73	-212.67
335.73	-236.00
335.73	-240.66
335.73	-229.34
335.73	-200.00
335.73	-200.00
335.73	-210.00
335.73	-230.66
335.74	-247.33
335.74	-240.00
335.74	-240.00
335.74	-240.00
335.74	-242.00
335.74	-242.00
335.74	-240.00
335.74	-211.34
335.75	-200.00
335.75	-200.00
335.75	-200.00
335.75	-200.00
335.75	-209.34
335.75	-240.66
335.75	-250.66
335.75	-242.00
335.76	-236.67
335.76	-200.00
335.76	-200.00
335.76	-208.00
335.76	-208.66
335.76	-229.34
335.76	-200.00
335.76	-205.33
335.76	-227.33
335.77	-204.67
335.77	-240.66
335.77	-232.00
335.77	-200.00
335.77	-231.34
335.77	-247.33
335.77	-244.00
335.77	-240.00
335.78	-240.00
335.78	-202.00
335.78	-228.66
335.78	-240.00
335.78	-240.00
335.78	-226.67
335.78	-200.00
335.78	-200.00
335.78	-200.00
335.79	-200.00
335.79	-200.00
335.79	-200.00
335.79	-200.00
335.79	-200.00
335.79	-200.00
335.79	-223.33
335.79	-214.00
335.80	-205.33
335.80	-246.00
335.80	-258.00
335.80	-244.00
335.80	-241.34
335.80	-217.33
335.80	-240.00
335.80	-203.33
335.81	-200.00
335.81	-200.00
335.81	-200.00
335.81	-200.00
335.81	-228.00
335.81	-240.00
335.81	-201.34
335.81	-200.00
335.81	-200.00
335.82	-227.33
335.82	-254.67
335.82	-240.00
335.82	-213.33
335.82	-200.00
335.82	-200.00
335.82	-200.00
335.82	-200.00
335.83	-200.00
335.83	-200.00
335.83	-200.00
335.83	-233.33
335.83	-240.00
335.83	-223.33
335.83	-239.34
335.83	-200.00
335.84	-200.00
335.84	-200.00
335.84	-200.00
335.84	-200.00
335.84	-240.66
335.84	-256.00
335.84	-242.67
335.84	-206.00
335.84	-208.00
335.85	-240.00
335.85	-240.00
335.85	-208.00
335.85	-200.00
335.85	-219.34
335.85	-233.33
335.85	-240.66
335.85	-221.34
335.86	-200.00
335.86	-219.34
335.86	-240.00
335.86	-240.66
335.86	-205.33
335.86	-214.00
335.86	-214.67
335.86	-202.67
335.86	-200.00
335.87	-200.00
335.87	-240.66
335.87	-234.00
335.87	-200.00
335.87	-200.00
335.87	-200.00
335.87	-221.34
335.87	-256.00
335.88	-254.67
335.88	-246.00
335.88	-240.00
335.88	-203.33
335.88	-200.00
335.88	-200.00
335.88	-220.66
335.88	-240.66
335.89	-242.67
335.89	-249.34
335.89	-252.67
335.89	-228.00
335.89	-200.00
335.89	-208.66
335.89	-212.00
335.89	-204.00
335.89	-200.00
335.90	-227.33
335.90	-252.00
335.90	-245.33
335.90	-240.00
335.90	-244.67
335.90	-240.00
335.90	-222.67
335.90	-240.00
335.91	-240.00
335.91	-234.67
335.91	-220.00
335.91	-200.00
335.91	-200.00
335.91	-200.00
335.91	-202.67
335.91	-243.33
335.91	-240.66
335.92	-214.67
335.92	-200.00
335.92	-232.67
335.92	-216.00
335.92	-216.67
335.92	-227.33
335.92	-240.66
335.92	-235.33
335.93	-223.33
335.93	-240.00
335.93	-226.67
335.93	-200.00
335.93	-200.00
335.93	-200.00
335.93	-204.00
335.93	-240.00
335.94	-240.00
335.94	-240.00
335.94	-206.67
335.94	-200.00
335.94	-200.00
335.94	-200.00
335.94	-200.00
335.94	-200.00
335.94	-200.00
335.95	-213.33
335.95	-200.00
335.95	-202.67
335.95	-219.34
335.95	-200.00
335.95	-200.00
335.95	-200.00
335.95	-212.00
335.96	-206.00
335.96	-228.00
335.96	-200.00
335.96	-238.66
335.96	-237.33
335.96	-222.67
335.96	-240.00
335.96	-212.00
335.96	-230.66
335.97	-252.00
335.97	-210.66
335.97	-200.00
335.97	-200.00
335.97	-200.00
335.97	-200.00
335.97	-232.00
335.97	-240.66
335.98	-212.00
335.98	-200.00
335.98	-200.00
335.98	-200.00
335.98	-200.00
335.98	-200.00
335.98	-200.00
335.98	-209.34
335.99	-200.00
335.99	-200.00
335.99	-200.00
335.99	-200.00
335.99	-200.00
335.99	-200.00
335.99	-200.00
335.99	-200.00
335.99	-200.00
336.00	-200.00
336.00	-200.00
336.00	-200.00
336.00	-200.00
336.00	-200.00
336.00	-200.00
336.00	-214.67
336.00	-246.00
336.01	-240.66
336.01	-205.33
336.01	-200.00
336.01	-232.67
336.01	-246.67
336.01	-246.00
336.01	-248.66
336.01	-242.67
336.02	-250.00
336.02	-247.33
336.02	-216.67
336.02	-226.00
336.02	-216.67
336.02	-240.00
336.02	-204.67
336.02	-200.00
336.02	-221.34
336.03	-240.00
336.03	-220.00
336.03	-200.00
336.03	-200.00
336.03	-200.00
336.03	-220.66
336.03	-230.00
336.03	-200.00
336.04	-216.67
336.04	-200.00
336.04	-200.00
336.04	-200.00
336.04	-200.00
336.04	-200.00
336.04	-200.00
336.04	-200.00
336.04	-200.00
336.05	-220.00
336.05	-240.66
336.05	-216.67
336.05	-208.66
336.05	-240.00
336.05	-220.66
336.05	-200.00
336.05	-216.67
336.06	-240.00
336.06	-240.66
336.06	-243.33
336.06	-240.00
336.06	-234.00
336.06	-250.00
336.06	-240.00
336.06	-240.66
336.07	-229.34
336.07	-200.00
336.07	-200.00
336.07	-200.00
336.07	-200.00
336.07	-237.33
336.07	-221.34
336.07	-240.00
336.07	-224.67
336.08	-202.67
336.08	-216.00
336.08	-232.67
336.08	-206.00
336.08	-200.00
336.08	-200.00
336.08	-203.33
336.08	-206.67
336.09	-200.00
336.09	-200.00
336.09	-200.00
336.09	-200.00
336.09	-200.00
336.09	-200.00
336.09	-207.33
336.09	-240.00
336.09	-240.00
336.10	-240.00
336.10	-216.67
336.10	-200.00
336.10	-200.00
336.10	-218.66
336.10	-204.00
336.10	-200.00
336.10	-200.00
336.11	-216.67
336.11	-251.34
336.11	-244.67
336.11	-241.34
336.11	-243.33
336.11	-206.00
336.11	-200.00
336.11	-226.67
336.12	-202.67
336.12	-200.00
336.12	-200.00
336.12	-200.00
336.12	-224.00
336.12	-207.33
336.12	-200.00
336.12	-207.33
336.12	-241.34
336.13	-240.00
336.13	-206.67
336.13	-200.00
336.13	-226.67
336.13	-240.00
336.13	-240.00
336.13	-240.00
336.13	-209.34
336.14	-200.00
336.14	-200.00
336.14	-200.00
336.14	-200.00
336.14	-200.00
336.14	-200.00
336.14	-200.00
336.14	-200.00
336.15	-200.00
336.15	-208.66
336.15	-237.33
336.15	-200.00
336.15	-200.00
336.15	-200.00
336.15	-200.00
336.15	-200.00
336.15	-202.00
336.16	-240.00
336.16	-240.66
336.16	-204.67
336.16	-200.00
336.16	-200.00
336.16	-200.00
336.16	-236.67
336.16	-240.00
336.17	-228.66
336.17	-200.00
336.17	-204.00
336.17	-223.33
336.17	-200.00
336.17	-208.00
336.17	-208.00
336.17	-235.33
336.17	-205.33
336.18	-228.66
336.18	-242.67
336.18	-240.00
336.18	-222.67
336.18	-200.00
336.18	-200.00
336.18	-213.33
336.18	-200.00
336.19	-200.00
336.19	-222.67
336.19	-240.00
336.19	-223.33
336.19	-212.67
336.19	-230.66
336.19	-200.00
336.19	-200.00
336.20	-200.00
336.20	-200.00
336.20	-205.33
336.20	-218.00
336.20	-200.00
336.20	-200.00
336.20	-200.00
336.20	-200.00
336.20	-200.00
336.21	-200.00
336.21	-200.00
336.21	-200.00
336.21	-200.00
336.21	-200.00
336.21	-200.00
336.21	-200.00
336.21	-200.00
336.22	-234.67
336.22	-209.34
336.22	-233.33
336.22	-200.00
336.22	-200.00
336.22	-200.00
336.22	-200.00
336.22	-200.00
336.22	-200.00
336.23	-200.00
336.23	-200.00
336.23	-220.66
336.23	-224.67
336.23	-229.34
336.23	-240.00
336.23	-201.34
336.23	-200.00
336.24	-200.00
336.24	-200.00
336.24	-200.00
336.24	-200.00
336.24	-200.00
336.24	-211.34
336.24	-249.34
336.24	-241.34
336.25	-240.00
336.25	-240.00
336.25	-208.00
336.25	-200.00
336.25	-200.00
336.25	-228.00
336.25	-247.33
336.25	-216.00
336.25	-226.00
336.26	-213.33
336.26	-200.66
336.26	-224.67
336.26	-207.33
336.26	-228.00
336.26	-200.00
336.26	-200.00
336.26	-200.00
336.27	-200.00
336.27	-200.00
336.27	-200.00
336.27	-216.67
336.27	-200.00
336.27	-200.00
336.27	-200.00
336.27	-200.00
336.27	-200.00
336.28	-200.00
336.28	-234.67
336.28	-241.34
336.28	-240.00
336.28	-220.66
336.28	-240.00
336.28	-242.00
336.28	-252.67
336.29	-224.67
336.29	-200.00
336.29	-200.00
336.29	-200.00
336.29	-200.00
336.29	-200.00
336.29	-200.00
336.29	-220.00
336.30	-212.67
336.30	-200.00
336.30	-200.00
336.30	-200.00
336.30	-200.00
336.30	-200.00
336.30	-200.00
336.30	-214.00
336.30	-222.00
336.31	-200.00
336.31	-200.00
336.31	-200.00
336.31	-228.00
336.31	-215.33
336.31	-200.00
336.31	-200.00
336.31	-200.00
336.32	-224.67
336.32	-202.00
336.32	-200.00
336.32	-200.00
336.32	-227.33
336.32	-216.67
336.32	-203.33
336.32	-200.00
336.33	-237.33
336.33	-206.00
336.33	-215.33
336.33	-244.67
336.33	-240.00
336.33	-235.33
336.33	-229.34
336.33	-200.00
336.33	-216.67
336.34	-216.67
336.34	-200.00
336.34	-200.00
336.34	-231.34
336.34	-229.34
336.34	-240.00
336.34	-221.34
336.34	-200.00
336.35	-200.00
336.35	-200.00
336.35	-239.34
336.35	-248.00
336.35	-212.00
336.35	-240.00
336.35	-201.34
336.35	-200.00
336.35	-200.00
336.36	-200.00
336.36	-200.00
336.36	-200.00
336.36	-204.67
336.36	-241.34
336.36	-236.00
336.36	-243.33
336.36	-234.00
336.37	-200.00
336.37	-200.00
336.37	-200.00
336.37	-200.00
336.37	-200.00
336.37	-200.00
336.37	-200.00
336.37	-200.00
336.38	-200.00
336.38	-211.34
336.38	-222.67
336.38	-200.00
336.38	-200.00
336.38	-200.00
336.38	-200.00
336.38	-224.00
336.38	-200.00
336.39	-200.00
336.39	-200.00
336.39	-200.00
336.39	-200.00
336.39	-200.00
336.39	-200.00
336.39	-200.00
336.39	-200.00
336.40	-200.00
336.40	-200.00
336.40	-200.00
336.40	-200.00
336.40	-200.00
336.40	-200.00
336.40	-207.33
336.40	-238.66
336.40	-233.33
336.41	-240.00
336.41	-220.66
336.41	-200.00
336.41	-200.00
336.41	-200.00
336.41	-200.00
336.41	-216.67
336.41	-244.00
336.42	-241.34
336.42	-234.67
336.42	-241.34
336.42	-229.34
336.42	-200.00
336.42	-200.00
336.42	-234.67
336.42	-234.00
336.43	-200.00
336.43	-230.00
336.43	-208.00
336.43	-200.00
336.43	-200.00
336.43	-200.00
336.43	-200.00
336.43	-200.00
336.43	-200.00
336.44	-200.00
336.44	-200.00
336.44	-200.00
336.44	-200.00
336.44	-200.00
336.44	-200.00
336.44	-200.00
336.44	-200.00
336.45	-208.00
336.45	-200.00
336.45	-234.67
336.45	-240.00
336.45	-241.34
336.45	-216.67
336.45	-200.00
336.45	-200.00
336.46	-200.00
336.46	-200.00
336.46	-234.00
336.46	-240.00
336.46	-218.66
336.46	-200.00
336.46	-200.00
336.46	-200.00
336.46	-206.67
336.47	-200.00
336.47	-200.00
336.47	-200.00
336.47	-200.00
336.47	-200.00
336.47	-200.00
336.47	-200.00
336.47	-200.00
336.48	-200.00
336.48	-234.67
336.48	-234.00
336.48	-210.66
336.48	-200.00
336.48	-200.00
336.48	-233.33
336.48	-200.00
336.48	-200.00
336.49	-200.00
336.49	-200.00
336.49	-200.00
336.49	-200.00
336.49	-200.00
336.49	-200.00
336.49	-200.00
336.49	-200.00
336.50	-227.33
336.50	-240.66
336.50	-240.00
336.50	-200.66
336.50	-200.00
336.50	-200.00
336.50	-200.00
336.50	-200.00
336.51	-218.00
336.51	-203.33
336.51	-200.00
336.51	-200.00
336.51	-200.00
336.51	-200.00
336.51	-212.67
336.51	-200.00
336.51	-228.66
336.52	-212.00
336.52	-204.00
336.52	-205.33
336.52	-200.00
336.52	-200.00
336.52	-200.00
336.52	-206.00
336.52	-240.66
336.53	-232.00
336.53	-224.00
336.53	-200.00
336.53	-200.00
336.53	-200.00
336.53	-200.00
336.53	-200.00
336.53	-206.00
336.53	-218.66
336.54	-209.34
336.54	-200.00
336.54	-200.00
336.54	-214.67
336.54	-200.00
336.54	-227.33
336.54	-232.67
336.54	-240.00
336.55	-212.67
336.55	-212.67
336.55	-200.00
336.55	-200.00
336.55	-208.66
336.55	-200.00
336.55	-200.00
336.55	-200.00
336.56	-200.00
336.56	-200.00
336.56	-200.00
336.56	-222.00
336.56	-212.67
336.56	-200.00
336.56	-200.00
336.56	-215.33
336.56	-208.66
336.57	-200.00
336.57	-200.00
336.57	-200.00
336.57	-200.00
336.57	-200.00
336.57	-200.00
336.57	-200.00
336.57	-200.00
336.58	-217.33
336.58	-210.00
336.58	-200.00
336.58	-200.00
336.58	-200.00
336.58	-218.00
336.58	-240.00
336.58	-204.67
336.58	-200.00
336.59	-200.00
336.59	-208.00
336.59	-202.00
336.59	-200.00
336.59	-200.00
336.59	-200.00
336.59	-200.00
336.59	-200.00
336.60	-200.00
336.60	-200.00
336.60	-232.67
336.60	-240.00
336.60	-202.67
336.60	-217.33
336.60	-200.00
336.60	-200.00
336.61	-200.00
336.61	-204.00
336.61	-221.34
336.61	-214.67
336.61	-200.00
336.61	-200.00
336.61	-200.00
336.61	-200.00
336.61	-200.00
336.62	-200.00
336.62	-200.00
336.62	-200.00
336.62	-200.00
336.62	-200.00
336.62	-200.00
336.62	-200.00
336.62	-200.00
336.63	-200.00
336.63	-200.00
336.63	-200.00
336.63	-200.00
336.63	-200.00
336.63	-200.00
336.63	-200.00
336.63	-200.00
336.64	-200.00
336.64	-208.00
336.64	-204.67
336.64	-200.00
336.64	-200.00
336.64	-200.00
336.64	-208.66
336.64	-200.00
336.64	-200.00
336.65	-200.00
336.65	-200.00
336.65	-200.00
336.65	-200.00
336.65	-200.00
336.65	-200.00
336.65	-200.00
336.65	-200.00
336.66	-200.00
336.66	-207.33
336.66	-200.00
336.66	-200.00
336.66	-200.00
336.66	-200.00
336.66	-200.00
336.66	-200.00
336.66	-200.00
336.67	-200.00
336.67	-222.00
336.67	-234.00
336.67	-209.34
336.67	-210.66
336.67	-229.34
336.67	-201.34
336.67	-200.00
336.68	-200.00
336.68	-200.00
336.68	-200.00
336.68	-203.33
336.68	-200.66
336.68	-211.34
336.68	-226.00
336.68	-234.00
336.69	-222.67
336.69	-200.00
336.69	-200.00
336.69	-200.00
336.69	-200.00
336.69	-200.00
336.69	-200.00
336.69	-204.67
336.69	-207.33
336.70	-200.00
336.70	-200.00
336.70	-200.00
336.70	-200.00
336.70	-200.00
336.70	-200.00
336.70	-200.00
336.70	-200.00
336.71	-200.00
336.71	-200.00
336.71	-200.00
336.71	-200.00
336.71	-200.00
336.71	-204.00
336.71	-211.34
336.71	-215.33
336.71	-200.00
336.72	-200.00
336.72	-200.00
336.72	-214.00
336.72	-210.00
336.72	-232.00
336.72	-210.00
336.72	-239.34
336.72	-239.34
336.73	-240.00
336.73	-210.00
336.73	-203.33
336.73	-200.00
336.73	-200.00
336.73	-200.00
336.73	-200.00
336.73	-200.00
336.74	-200.00
336.74	-200.00
336.74	-200.00
336.74	-200.00
336.74	-200.00
336.74	-200.00
336.74	-200.00
336.74	-200.00
336.74	-200.00
336.75	-200.00
336.75	-200.00
336.75	-200.00
336.75	-200.00
336.75	-200.00
336.75	-200.00
336.75	-200.00
336.75	-200.00
336.76	-200.00
336.76	-202.00
336.76	-228.66
336.76	-200.00
336.76	-200.00
336.76	-200.00
336.76	-200.00
336.76	-200.00
336.76	-200.00
336.77	-200.00
336.77	-202.67
336.77	-219.34
336.77	-239.34
336.77	-209.34
336.77	-200.00
336.77	-200.00
336.77	-200.00
336.78	-200.00
336.78	-200.00
336.78	-200.00
336.78	-200.00
336.78	-200.00
336.78	-200.00
336.78	-200.00
336.78	-210.00
336.79	-216.67
336.79	-200.00
336.79	-200.00
336.79	-200.00
336.79	-200.00
336.79	-200.00
336.79	-200.00
336.79	-223.33
336.79	-210.00
336.80	-200.00
336.80	-200.00
336.80	-204.67
336.80	-206.00
336.80	-226.67
336.80	-227.33
336.80	-200.00
336.80	-200.00
336.81	-206.67
336.81	-228.66
336.81	-200.00
336.81	-200.00
336.81	-200.00
336.81	-200.00
336.81	-200.66
336.81	-200.00
336.82	-200.00
336.82	-196.00
336.82	-174.67
336.82	-200.00
336.82	-218.00
336.82	-239.34
336.82	-226.67
336.82	-220.66
336.82	-225.33
336.83	-200.00
336.83	-200.00
336.83	-200.00
336.83	-200.00
336.83	-200.00
336.83	-210.66
336.83	-228.00
336.83	-227.33
336.84	-222.00
336.84	-206.67
336.84	-217.33
336.84	-229.34
336.84	-224.00
336.84	-237.33
336.84	-222.67
336.84	-228.00
336.84	-223.33
336.85	-200.66
336.85	-226.00
336.85	-218.66
336.85	-217.33
336.85	-208.66
336.85	-212.00
336.85	-232.67
336.85	-230.00
336.86	-240.00
336.86	-228.00
336.86	-200.00
336.86	-215.33
336.86	-200.00
336.86	-200.00
336.86	-185.33
336.86	-178.00
336.87	-200.00
336.87	-206.67
336.87	-236.00
336.87	-206.67
336.87	-200.00
336.87	-200.00
336.87	-200.00
336.87	-200.00
336.87	-200.00
336.88	-200.00
336.88	-200.00
336.88	-200.00
336.88	-200.00
336.88	-200.00
336.88	-222.00
336.88	-212.00
336.88	-240.00
336.89	-203.33
336.89	-206.67
336.89	-200.00
336.89	-200.00
336.89	-200.00
336.89	-200.00
336.89	-200.00
336.89	-200.00
336.89	-200.00
336.90	-200.00
336.90	-200.00
336.90	-203.33
336.90	-210.00
336.90	-220.66
336.90	-206.67
336.90	-238.66
336.90	-238.66
336.91	-240.00
336.91	-240.00
336.91	-211.34
336.91	-220.66
336.91	-200.00
336.91	-200.00
336.91	-200.00
336.91	-200.00
336.92	-210.00
336.92	-227.33
336.92	-204.67
336.92	-226.67
336.92	-230.00
336.92	-240.00
336.92	-240.00
336.92	-209.34
336.92	-200.00
336.93	-218.00
336.93	-214.00
336.93	-200.66
336.93	-200.00
336.93	-209.34
336.93	-219.34
336.93	-234.67
336.93	-220.66
336.94	-200.00
336.94	-200.00
336.94	-200.00
336.94	-200.00
336.94	-200.00
336.94	-200.00
336.94	-200.00
336.94	-200.00
336.95	-207.33
336.95	-200.00
336.95	-202.67
336.95	-211.34
336.95	-200.00
336.95	-201.34
336.95	-172.00
336.95	-193.33
336.95	-203.33
336.96	-226.00
336.96	-208.00
336.96	-203.33
336.96	-200.00
336.96	-207.33
336.96	-200.00
336.96	-200.00
336.96	-200.00
336.97	-165.33
336.97	-160.00
336.97	-160.00
336.97	-192.00
336.97	-200.00
336.97	-200.00
336.97	-200.00
336.97	-200.00
336.97	-211.34
336.98	-235.33
336.98	-204.67
336.98	-213.33
336.98	-213.33
336.98	-215.33
336.98	-200.00
336.98	-202.67
336.98	-229.34
336.99	-234.67
336.99	-192.67
336.99	-162.67
336.99	-160.00
336.99	-160.00
336.99	-181.34
336.99	-236.00
336.99	-232.67
337.00	-226.67
337.00	-204.67
337.00	-212.67
337.00	-228.00
337.00	-208.66
337.00	-200.00
337.00	-200.66
337.00	-202.67
337.00	-209.34
337.01	-172.00
337.01	-160.00
337.01	-160.00
337.01	-160.00
337.01	-160.00
337.01	-183.33
337.01	-200.00
337.01	-178.00
337.02	-185.33
337.02	-200.00
337.02	-229.34
337.02	-228.00
337.02	-204.67
337.02	-192.67
337.02	-160.00
337.02	-191.34
337.02	-200.00
337.03	-200.00
337.03	-188.66
337.03	-200.00
337.03	-209.34
337.03	-200.00
337.03	-200.66
337.03	-198.66
337.03	-187.33
337.04	-207.33
337.04	-222.00
337.04	-200.00
337.04	-201.34
337.04	-201.34
337.04	-161.34
337.04	-188.00
337.04	-200.00
337.05	-178.66
337.05	-193.33
337.05	-200.00
337.05	-200.00
337.05	-200.00
337.05	-200.00
337.05	-200.00
337.05	-200.00
337.05	-200.00
337.06	-193.33
337.06	-200.00
337.06	-200.00
337.06	-173.33
337.06	-160.00
337.06	-197.33
337.06	-200.00
337.06	-200.66
337.07	-200.00
337.07	-200.00
337.07	-163.33
337.07	-160.00
337.07	-181.34
337.07	-188.66
337.07	-160.66
337.07	-160.00
337.07	-160.00
337.08	-173.33
337.08	-160.00
337.08	-160.00
337.08	-160.00
337.08	-160.00
337.08	-168.00
337.08	-200.00
337.08	-200.00
337.09	-200.00
337.09	-181.34
337.09	-160.00
337.09	-184.00
337.09	-200.00
337.09	-200.00
337.09	-200.00
337.09	-200.00
337.10	-200.00
337.10	-200.00
337.10	-200.00
337.10	-166.00
337.10	-160.00
337.10	-160.00
337.10	-170.66
337.10	-160.00
337.10	-130.66
337.11	-160.00
337.11	-160.00
337.11	-160.00
337.11	-170.66
337.11	-169.34
337.11	-160.00
337.11	-160.00
337.11	-160.00
337.12	-160.00
337.12	-165.33
337.12	-200.00
337.12	-200.00
337.12	-189.34
337.12	-160.00
337.12	-160.00
337.12	-160.00
337.13	-160.00
337.13	-160.00
337.13	-179.34
337.13	-160.00
337.13	-160.00
337.13	-160.00
337.13	-160.00
337.13	-160.00
337.13	-160.00
337.14	-160.00
337.14	-160.00
337.14	-170.00
337.14	-160.00
337.14	-160.00
337.14	-184.67
337.14	-180.00
337.14	-160.00
337.15	-160.00
337.15	-160.00
337.15	-160.00
337.15	-160.00
337.15	-181.34
337.15	-160.00
337.15	-160.00
337.15	-160.00
337.15	-160.00
337.16	-160.00
337.16	-140.66
337.16	-120.00
337.16	-130.66
337.16	-160.00
337.16	-160.00
337.16	-160.00
337.16	-160.00
337.17	-152.00
337.17	-160.00
337.17	-160.00
337.17	-161.34
337.17	-200.00
337.17	-168.00
337.17	-160.00
337.17	-160.00
337.18	-160.00
337.18	-160.00
337.18	-142.00
337.18	-120.00
337.18	-152.67
337.18	-160.00
337.18	-139.34
337.18	-143.33
337.18	-160.00
337.19	-160.00
337.19	-160.00
337.19	-160.00
337.19	-160.00
337.19	-160.00
337.19	-121.34
337.19	-120.00
337.19	-120.00
337.20	-133.33
337.20	-160.00
337.20	-135.33
337.20	-160.00
337.20	-160.00
337.20	-160.00
337.20	-151.34
337.20	-121.34
337.20	-160.00
337.21	-142.67
337.21	-152.00
337.21	-160.00
337.21	-142.67
337.21	-160.00
337.21	-160.00
337.21	-160.00
337.21	-160.00
337.22	-160.00
337.22	-155.33
337.22	-157.33
337.22	-120.00
337.22	-120.00
337.22	-120.00
337.22	-130.00
337.22	-120.00
337.23	-120.00
337.23	-118.66
337.23	-120.00
337.23	-120.00
337.23	-132.67
337.23	-120.00
337.23	-120.00
337.23	-120.00
337.23	-120.00
337.24	-120.00
337.24	-139.34
337.24	-120.00
337.24	-138.00
337.24	-160.00
337.24	-160.00
337.24	-160.00
337.24	-122.67
337.25	-120.00
337.25	-120.00
337.25	-120.00
337.25	-120.00
337.25	-124.67
337.25	-128.66
337.25	-132.00
337.25	-120.00
337.26	-120.00
337.26	-120.00
337.26	-120.00
337.26	-120.00
337.26	-120.00
337.26	-120.00
337.26	-120.00
337.26	-109.34
337.26	-100.00
337.27	-112.67
337.27	-120.00
337.27	-120.00
337.27	-120.00
337.27	-120.00
337.27	-120.00
337.27	-120.00
337.27	-116.67
337.28	-116.67
337.28	-120.00
337.28	-120.00
337.28	-120.00
337.28	-120.00
337.28	-120.00
337.28	-106.67
337.28	-118.00
337.28	-119.34
337.29	-120.00
337.29	-120.00
337.29	-118.66
337.29	-118.66
337.29	-120.00
337.29	-120.00
337.29	-120.00
337.29	-120.00
337.30	-120.00
337.30	-120.00
337.30	-120.00
337.30	-116.67
337.30	-104.00
337.30	-109.34
337.30	-100.00
337.30	-104.00
337.31	-99.34
337.31	-102.00
337.31	-117.33
337.31	-117.33
337.31	-103.33
337.31	-100.00
337.31	-102.00
337.31	-102.67
337.31	-98.66
337.32	-112.00
337.32	-102.00
337.32	-99.34
337.32	-93.33
337.32	-97.33
337.32	-100.00
337.32	-104.67
337.32	-101.34
337.33	-105.33
337.33	-110.00
337.33	-110.66
337.33	-100.66
337.33	-100.00
337.33	-101.34
337.33	-117.33
337.33	-113.33
337.33	-109.34
337.34	-102.00
337.34	-100.66
337.34	-91.34
337.34	-86.00
337.34	-80.00
337.34	-86.00
337.34	-80.00
337.34	-81.34
337.35	-48.66
337.35	-70.00
337.35	-80.66
337.35	-90.66
337.35	-97.33
337.35	-86.67
337.35	-51.34
337.35	-45.33
337.36	-82.00
337.36	-80.00
337.36	-71.34
337.36	-80.00
337.36	-84.67
337.36	-84.00
337.36	-56.00
337.36	-68.00
337.36	-40.00
337.37	-40.00
337.37	-46.67
337.37	-70.00
337.37	-53.33
337.37	-89.34
337.37	-88.66
337.37	-58.00
337.37	-40.00
337.38	-40.00
337.38	-40.00
337.38	-40.00
337.38	-64.67
337.38	-40.00
337.38	-40.00
337.38	-40.00
337.38	-40.00
337.38	-52.67
337.39	-78.00
337.39	-67.33
337.39	-40.00
337.39	-40.00
337.39	-40.00
337.39	-40.00
337.39	-58.66
337.39	-80.00
337.40	-58.00
337.40	-50.66
337.40	-48.00
337.40	-64.00
337.40	-80.00
337.40	-72.67
337.40	-44.00
337.40	-42.67
337.41	-40.00
337.41	-40.00
337.41	-40.00
337.41	-40.00
337.41	-40.00
337.41	-40.00
337.41	-40.00
337.41	-40.00
337.41	-46.00
337.42	-46.00
337.42	-40.00
337.42	-40.00
337.42	-40.00
337.42	-40.00
337.42	-40.00
337.42	-40.00
337.42	-40.00
337.43	-40.00
337.43	-40.00
337.43	-40.00
337.43	-40.00
337.43	-40.00
337.43	-40.00
337.43	-40.00
337.43	-28.00
337.44	0.00
337.44	0.00
337.44	0.00
337.44	0.00
337.44	19.33
337.44	4.67
337.44	7.33
337.44	8.67
337.44	2.00
337.45	0.00
337.45	34.67
337.45	39.33
337.45	6.00
337.45	24.67
337.45	40.00
337.45	12.67
337.45	49.33
337.46	50.00
337.46	44.67
337.46	60.00
337.46	49.33
337.46	30.67
337.46	31.33
337.46	28.00
337.46	39.33
337.46	33.33
337.47	48.67
337.47	48.00
337.47	51.33
337.47	49.33
337.47	60.00
337.47	58.67
337.47	55.33
337.47	54.67
337.48	69.33
337.48	76.67
337.48	68.67
337.48	62.00
337.48	70.67
337.48	74.67
337.48	79.33
337.48	78.67
337.49	80.00
337.49	80.00
337.49	78.00
337.49	80.00
337.49	80.00
337.49	80.00
337.49	80.00
337.49	86.67
337.49	97.33
337.50	84.00
337.50	80.67
337.50	103.33
337.50	120.00
337.50	120.00
337.50	120.00
337.50	90.67
337.50	117.33
337.51	114.67
337.51	120.00
337.51	120.00
337.51	120.00
337.51	120.00
337.51	120.00
337.51	120.00
337.51	120.00
337.51	120.00
337.52	120.00
337.52	120.00
337.52	137.33
337.52	160.00
337.52	160.00
337.52	158.00
337.52	160.00
337.52	160.00
337.53	160.00
337.53	163.33
337.53	165.33
337.53	169.33
337.53	172.00
337.53	183.33
337.53	187.33
337.53	160.00
337.54	160.00
337.54	194.67
337.54	204.00
337.54	210.00
337.54	208.67
337.54	212.00
337.54	204.67
337.54	219.33
337.54	221.33
337.55	220.67
337.55	227.33
337.55	222.67
337.55	221.33
337.55	232.00
337.55	240.00
337.55	240.00
337.55	240.00
337.56	240.00
337.56	240.00
337.56	240.00
337.56	240.00
337.56	276.00
337.56	280.00
337.56	280.00
337.56	280.00
337.56	280.00
337.57	280.00
337.57	304.00
337.57	296.67
337.57	280.00
337.57	315.33
337.57	320.00
337.57	320.00
337.57	328.00
337.58	310.00
337.58	320.00
337.58	328.00
337.58	360.00
337.58	366.67
337.58	375.33
337.58	387.33
337.58	397.33
337.59	400.00
337.59	398.67
337.59	382.00
337.59	377.33
337.59	395.33
337.59	400.00
337.59	400.00
337.59	402.67
337.59	430.67
337.60	439.33
337.60	440.00
337.60	440.00
337.60	440.00
337.60	440.00
337.60	440.67
337.60	440.00
337.60	441.33
337.61	479.33
337.61	480.00
337.61	480.00
337.61	480.00
337.61	480.00
337.61	486.00
337.61	492.67
337.61	514.00
337.62	520.00
337.62	528.00
337.62	548.67
337.62	560.00
337.62	560.00
337.62	560.00
337.62	568.67
337.62	561.33
337.62	592.00
337.63	600.00
337.63	600.00
337.63	600.00
337.63	600.67
337.63	602.00
337.63	615.33
337.63	636.00
337.63	654.00
337.64	644.00
337.64	650.00
337.64	680.00
337.64	692.67
337.64	695.33
337.64	690.00
337.64	714.67
337.64	726.67
337.64	749.33
337.65	750.67
337.65	732.67
337.65	760.00
337.65	760.00
337.65	764.00
337.65	800.00
337.65	800.00
337.65	811.33
337.66	840.00
337.66	839.33
337.66	852.67
337.66	865.33
337.66	879.33
337.66	880.00
337.66	880.00
337.66	896.67
337.67	920.00
337.67	920.00
337.67	923.33
337.67	946.67
337.67	960.00
337.67	987.33
337.67	998.67
337.67	997.33
337.67	1010.00
337.68	1024.67
337.68	1030.67
337.68	1040.67
337.68	1042.00
337.68	1052.00
337.68	1080.00
337.68	1080.00
337.68	1110.67
337.69	1120.00
337.69	1130.00
337.69	1160.00
337.69	1176.67
337.69	1188.00
337.69	1200.00
337.69	1200.00
337.69	1206.00
337.69	1240.00
337.70	1240.00
337.70	1270.00
337.70	1280.00
337.70	1314.67
337.70	1330.67
337.70	1335.33
337.70	1359.33
337.70	1386.67
337.71	1400.00
337.71	1400.00
337.71	1425.33
337.71	1431.33
337.71	1452.00
337.71	1468.67
337.71	1498.67
337.71	1517.33
337.72	1536.67
337.72	1555.33
337.72	1560.00
337.72	1560.00
337.72	1589.33
337.72	1600.00
337.72	1623.33
337.72	1655.33
337.72	1679.33
337.73	1700.67
337.73	1720.00
337.73	1721.33
337.73	1773.33
337.73	1800.67
337.73	1812.67
337.73	1838.00
337.73	1840.67
337.74	1872.00
337.74	1885.33
337.74	1902.67
337.74	1931.33
337.74	1960.00
337.74	1978.67
337.74	2000.00
337.74	2037.33
337.75	2040.00
337.75	2080.00
337.75	2125.33
337.75	2134.00
337.75	2172.00
337.75	2198.00
337.75	2200.00
337.75	2239.33
337.75	2264.67
337.76	2302.67
337.76	2322.00
337.76	2358.00
337.76	2360.00
337.76	2382.00
337.76	2418.00
337.76	2474.67
337.76	2478.00
337.77	2504.67
337.77	2520.00
337.77	2557.33
337.77	2614.00
337.77	2640.00
337.77	2644.67
337.77	2680.00
337.77	2692.67
337.77	2729.33
337.78	2775.33
337.78	2792.67
337.78	2828.67
337.78	2842.00
337.78	2889.33
337.78	2919.33
337.78	2954.67
337.78	2977.33
337.79	3000.00
337.79	3029.33
337.79	3089.33
337.79	3104.00
337.79	3127.33
337.79	3160.00
337.79	3172.67
337.79	3207.33
337.80	3246.67
337.80	3266.00
337.80	3302.67
337.80	3328.67
337.80	3368.67
337.80	3410.67
337.80	3432.00
337.80	3443.33
337.80	3478.67
337.81	3480.00
337.81	3504.67
337.81	3556.67
337.81	3576.00
337.81	3614.00
337.81	3640.00
337.81	3656.00
337.81	3694.67
337.82	3723.33
337.82	3733.33
337.82	3755.33
337.82	3766.00
337.82	3800.00
337.82	3825.33
337.82	3840.00
337.82	3867.33
337.82	3912.67
337.83	3906.67
337.83	3920.00
337.83	3947.33
337.83	3960.00
337.83	3960.00
337.83	3960.00
337.83	3990.00
337.83	3984.67
337.84	4023.33
337.84	4041.33
337.84	4041.33
337.84	4046.00
337.84	4062.00
337.84	4068.00
337.84	4052.67
337.84	4052.00
337.85	4060.67
337.85	4060.00
337.85	4048.67
337.85	4038.67
337.85	4012.00
337.85	4000.00
337.85	3964.67
337.85	3960.00
337.85	3960.00
337.86	3954.00
337.86	3910.00
337.86	3900.00
337.86	3870.67
337.86	3840.00
337.86	3806.67
337.86	3785.33
337.86	3760.00
337.87	3726.00
337.87	3672.67
337.87	3640.67
337.87	3581.33
337.87	3528.00
337.87	3482.00
337.87	3412.00
337.87	3360.67
337.87	3305.33
337.88	3231.33
337.88	3174.00
337.88	3115.33
337.88	3042.00
337.88	2996.67
337.88	2927.33
337.88	2841.33
337.88	2784.67
337.89	2675.33
337.89	2623.33
337.89	2515.33
337.89	2422.00
337.89	2344.67
337.89	2234.67
337.89	2140.67
337.89	2068.00
337.90	1946.00
337.90	1866.67
337.90	1776.67
337.90	1639.33
337.90	1582.00
337.90	1447.33
337.90	1314.00
337.90	1228.00
337.90	1084.67
337.91	974.67
337.91	886.67
337.91	738.67
337.91	640.67
337.91	534.00
337.91	398.67
337.91	314.00
337.91	175.33
337.92	68.00
337.92	-28.67
337.92	-210.66
337.92	-291.34
337.92	-406.67
337.92	-559.34
337.92	-652.67
337.92	-763.33
337.93	-900.66
337.93	-992.00
337.93	-1152.67
337.93	-1261.34
337.93	-1369.34
337.93	-1518.66
337.93	-1625.33
337.93	-1724.00
337.93	-1854.00
337.94	-1932.00
337.94	-2076.67
337.94	-2177.33
337.94	-2243.33
337.94	-2377.33
337.94	-2462.00
337.94	-2535.33
337.94	-2666.67
337.95	-2735.33
337.95	-2828.00
337.95	-2938.66
337.95	-2995.33
337.95	-3090.66
337.95	-3168.00
337.95	-3242.00
337.95	-3328.66
337.95	-3392.67
337.96	-3466.67
337.96	-3548.00
337.96	-3597.33
337.96	-3642.67
337.96	-3722.00
337.96	-3756.67
337.96	-3813.33
337.96	-3872.67
337.97	-3931.34
337.97	-3985.33
337.97	-4022.67
337.97	-4071.34
337.97	-4098.00
337.97	-4120.00
337.97	-4188.66
337.97	-4225.33
337.98	-4238.66
337.98	-4272.00
337.98	-4280.00
337.98	-4300.66
337.98	-4331.34
337.98	-4360.00
337.98	-4366.67
337.98	-4400.00
337.98	-4405.33
337.99	-4418.00
337.99	-4426.67
337.99	-4426.00
337.99	-4437.33
337.99	-4422.67
337.99	-4438.00
337.99	-4425.33
337.99	-4440.00
338.00	-4449.34
338.00	-4440.00
338.00	-4440.00
338.00	-4438.00
338.00	-4430.00
338.00	-4404.00
338.00	-4400.00
338.00	-4397.33
338.00	-4360.00
338.01	-4360.00
338.01	-4362.00
338.01	-4360.00
338.01	-4322.67
338.01	-4320.00
338.01	-4306.67
338.01	-4280.00
338.01	-4272.67
338.02	-4241.34
338.02	-4230.00
338.02	-4200.00
338.02	-4190.66
338.02	-4158.66
338.02	-4120.00
338.02	-4118.66
338.02	-4102.67
338.03	-4066.67
338.03	-4040.00
338.03	-4018.00
338.03	-3968.00
338.03	-3949.34
338.03	-3936.00
338.03	-3888.00
338.03	-3877.33
338.03	-3814.67
338.04	-3800.00
338.04	-3798.00
338.04	-3779.34
338.04	-3754.67
338.04	-3720.00
338.04	-3695.33
338.04	-3653.33
338.04	-3613.33
338.05	-3590.00
338.05	-3560.00
338.05	-3528.00
338.05	-3502.00
338.05	-3481.34
338.05	-3454.00
338.05	-3424.67
338.05	-3384.67
338.05	-3360.00
338.06	-3328.00
338.06	-3311.34
338.06	-3296.00
338.06	-3250.66
338.06	-3219.34
338.06	-3192.67
338.06	-3150.00
338.06	-3108.00
338.07	-3102.00
338.07	-3061.34
338.07	-3040.00
338.07	-3018.66
338.07	-2980.66
338.07	-2932.67
338.07	-2920.00
338.07	-2918.66
338.08	-2865.33
338.08	-2835.33
338.08	-2810.00
338.08	-2778.00
338.08	-2760.00
338.08	-2756.00
338.08	-2718.00
338.08	-2679.34
338.08	-2676.67
338.09	-2654.00
338.09	-2607.33
338.09	-2600.00
338.09	-2596.00
338.09	-2536.00
338.09	-2520.00
338.09	-2503.33
338.09	-2490.66
338.10	-2452.67
338.10	-2440.00
338.10	-2416.00
338.10	-2365.33
338.10	-2358.66
338.10	-2340.00
338.10	-2287.33
338.10	-2280.00
338.11	-2280.00
338.11	-2238.00
338.11	-2203.33
338.11	-2193.33
338.11	-2151.34
338.11	-2120.00
338.11	-2135.33
338.11	-2120.00
338.11	-2113.33
338.12	-2060.00
338.12	-2040.00
338.12	-2040.00
338.12	-2034.67
338.12	-2026.00
338.12	-1996.00
338.12	-1965.33
338.12	-1976.67
338.13	-1936.00
338.13	-1882.67
338.13	-1880.00
338.13	-1869.34
338.13	-1846.67
338.13	-1842.00
338.13	-1812.00
338.13	-1800.00
338.13	-1800.00
338.14	-1798.00
338.14	-1771.34
338.14	-1748.66
338.14	-1720.00
338.14	-1716.67
338.14	-1700.00
338.14	-1699.34
338.14	-1689.34
338.15	-1641.34
338.15	-1640.00
338.15	-1640.66
338.15	-1640.00
338.15	-1627.33
338.15	-1611.34
338.15	-1572.67
338.15	-1557.33
338.16	-1540.00
338.16	-1538.66
338.16	-1500.00
338.16	-1480.66
338.16	-1480.00
338.16	-1480.00
338.16	-1480.00
338.16	-1451.34
338.16	-1438.00
338.17	-1418.00
338.17	-1400.00
338.17	-1400.00
338.17	-1390.00
338.17	-1380.66
338.17	-1364.67
338.17	-1370.66
338.17	-1363.33
338.18	-1336.00
338.18	-1322.67
338.18	-1320.00
338.18	-1320.00
338.18	-1304.67
338.18	-1280.00
338.18	-1280.00
338.18	-1256.00
338.18	-1240.00
338.19	-1240.00
338.19	-1228.66
338.19	-1207.33
338.19	-1200.00
338.19	-1201.34
338.19	-1196.00
338.19	-1164.00
338.19	-1160.00
338.20	-1160.00
338.20	-1160.00
338.20	-1162.00
338.20	-1152.00
338.20	-1120.00
338.20	-1120.00
338.20	-1120.00
338.20	-1086.67
338.21	-1080.00
338.21	-1076.67
338.21	-1060.66
338.21	-1060.66
338.21	-1058.66
338.21	-1056.00
338.21	-1056.00
338.21	-1047.33
338.21	-1018.66
338.22	-1002.67
338.22	-1019.34
338.22	-1035.33
338.22	-1016.00
338.22	-1000.00
338.22	-1000.00
338.22	-1000.00
338.22	-1000.00
338.23	-1000.00
338.23	-965.33
338.23	-930.66
338.23	-942.67
338.23	-920.00
338.23	-920.00
338.23	-921.34
338.23	-920.00
338.24	-900.66
338.24	-913.33
338.24	-920.00
338.24	-915.33
338.24	-905.33
338.24	-902.00
338.24	-888.00
338.24	-880.00
338.24	-873.33
338.25	-871.34
338.25	-842.67
338.25	-840.00
338.25	-840.00
338.25	-840.00
338.25	-840.00
338.25	-840.00
338.25	-824.00
338.26	-800.00
338.26	-800.00
338.26	-812.67
338.26	-800.00
338.26	-804.00
338.26	-800.00
338.26	-800.00
338.26	-770.66
338.26	-760.00
338.27	-768.00
338.27	-790.00
338.27	-772.00
338.27	-764.67
338.27	-754.67
338.27	-758.00
338.27	-744.00
338.27	-740.66
338.28	-745.33
338.28	-742.00
338.28	-737.33
338.28	-718.66
338.28	-732.00
338.28	-724.00
338.28	-680.66
338.28	-690.00
338.29	-724.67
338.29	-722.00
338.29	-682.67
338.29	-685.33
338.29	-680.00
338.29	-680.00
338.29	-679.34
338.29	-682.67
338.29	-666.00
338.30	-669.34
338.30	-691.34
338.30	-694.67
338.30	-715.33
338.30	-698.66
338.30	-669.34
338.30	-662.00
338.30	-658.66
338.31	-647.33
338.31	-654.00
338.31	-659.34
338.31	-650.00
338.31	-616.67
338.31	-600.00
338.31	-619.34
338.31	-600.00
338.31	-604.67
338.32	-628.00
338.32	-605.33
338.32	-600.00
338.32	-600.00
338.32	-600.00
338.32	-600.00
338.32	-600.00
338.32	-600.00
338.33	-584.67
338.33	-596.67
338.33	-596.00
338.33	-595.33
338.33	-596.67
338.33	-600.00
338.33	-589.34
338.33	-580.00
338.34	-576.00
338.34	-560.00
338.34	-558.00
338.34	-575.33
338.34	-559.34
338.34	-564.67
338.34	-562.00
338.34	-550.66
338.34	-552.00
338.35	-558.66
338.35	-550.00
338.35	-520.00
338.35	-520.66
338.35	-522.67
338.35	-520.00
338.35	-520.00
338.35	-520.00
338.36	-520.00
338.36	-520.00
338.36	-520.00
338.36	-520.00
338.36	-520.00
338.36	-520.00
338.36	-520.00
338.36	-520.00
338.36	-499.34
338.37	-520.00
338.37	-520.00
338.37	-524.00
338.37	-520.00
338.37	-520.00
338.37	-491.34
338.37	-515.33
338.37	-502.67
338.38	-507.33
338.38	-520.00
338.38	-520.00
338.38	-520.00
338.38	-493.33
338.38	-496.00
338.38	-480.00
338.38	-478.66
338.39	-480.00
338.39	-479.34
338.39	-480.00
338.39	-480.00
338.39	-480.00
338.39	-475.33
338.39	-480.00
338.39	-480.00
338.39	-446.67
338.40	-440.00
338.40	-440.00
338.40	-450.00
338.40	-448.66
338.40	-476.00
338.40	-480.00
338.40	-452.67
338.40	-452.67
338.41	-440.00
338.41	-439.34
338.41	-439.34
338.41	-438.66
338.41	-440.00
338.41	-429.34
338.41	-440.00
338.41	-440.00
338.42	-440.00
338.42	-472.00
338.42	-453.33
338.42	-428.00
338.42	-420.00
338.42	-422.00
338.42	-424.67
338.42	-424.67
338.42	-433.33
338.43	-428.66
338.43	-430.66
338.43	-430.66
338.43	-428.66
338.43	-431.34
338.43	-428.00
338.43	-420.00
338.43	-406.67
338.44	-416.00
338.44	-420.00
338.44	-416.00
338.44	-412.00
338.44	-423.33
338.44	-413.33
338.44	-417.33
338.44	-420.00
338.44	-420.66
338.45	-419.34
338.45	-419.34
338.45	-416.67
338.45	-408.66
338.45	-419.34
338.45	-420.66
338.45	-421.34
338.45	-420.00
338.46	-404.67
338.46	-410.66
338.46	-370.66
338.46	-408.66
338.46	-413.33
338.46	-407.33
338.46	-385.33
338.46	-381.34
338.47	-400.66
338.47	-391.34
338.47	-404.00
338.47	-400.66
338.47	-387.33
338.47	-364.67
338.47	-360.00
338.47	-362.67
338.47	-360.00
338.48	-366.00
338.48	-364.67
338.48	-362.67
338.48	-360.00
338.48	-360.00
338.48	-360.00
338.48	-364.00
338.48	-371.34
338.49	-360.00
338.49	-360.00
338.49	-360.00
338.49	-372.00
338.49	-377.33
338.49	-400.00
338.49	-398.00
338.49	-400.00
338.49	-384.67
338.50	-360.00
338.50	-362.67
338.50	-360.00
338.50	-363.33
338.50	-360.00
338.50	-360.00
338.50	-360.00
338.50	-360.00
338.51	-360.00
338.51	-374.67
338.51	-377.33
338.51	-377.33
338.51	-384.00
338.51	-370.66
338.51	-366.00
338.51	-379.34
338.52	-400.00
338.52	-363.33
338.52	-360.00
338.52	-366.00
338.52	-360.00
338.52	-374.67
338.52	-360.00
338.52	-360.00
338.52	-360.00
338.53	-360.00
338.53	-360.66
338.53	-366.67
338.53	-360.00
338.53	-362.00
338.53	-360.00
338.53	-360.00
338.53	-384.00
338.54	-363.33
338.54	-360.00
338.54	-360.00
338.54	-360.00
338.54	-326.00
338.54	-351.34
338.54	-360.00
338.54	-360.00
338.55	-360.00
338.55	-360.00
338.55	-360.00
338.55	-360.00
338.55	-360.00
338.55	-360.00
338.55	-360.00
338.55	-360.00
338.55	-360.00
338.56	-356.67
338.56	-360.00
338.56	-360.00
338.56	-360.00
338.56	-360.00
338.56	-327.33
338.56	-327.33
338.56	-350.00
338.57	-337.33
338.57	-360.00
338.57	-360.00
338.57	-360.00
338.57	-360.00
338.57	-331.34
338.57	-320.00
338.57	-320.00
338.57	-324.67
338.58	-341.34
338.58	-337.33
338.58	-360.00
338.58	-360.00
338.58	-360.00
338.58	-336.67
338.58	-307.33
338.58	-306.67
338.59	-309.34
338.59	-304.67
338.59	-358.00
338.59	-320.00
338.59	-302.00
338.59	-349.34
338.59	-320.00
338.59	-320.00
338.60	-300.66
338.60	-320.00
338.60	-355.33
338.60	-336.00
338.60	-320.00
338.60	-320.00
338.60	-320.00
338.60	-318.00
338.60	-328.00
338.61	-328.00
338.61	-320.00
338.61	-312.67
338.61	-310.00
338.61	-280.00
338.61	-280.00
338.61	-315.33
338.61	-301.34
338.62	-330.66
338.62	-320.00
338.62	-320.00
338.62	-320.00
338.62	-307.33
338.62	-280.00
338.62	-280.00
338.62	-280.00
338.62	-296.00
338.63	-281.34
338.63	-280.00
338.63	-280.00
338.63	-280.00
338.63	-296.00
338.63	-290.00
338.63	-292.00
338.63	-280.00
338.64	-280.00
338.64	-280.00
338.64	-280.00
338.64	-286.67
338.64	-281.34
338.64	-298.00
338.64	-286.00
338.64	-283.33
338.65	-318.00
338.65	-309.34
338.65	-320.00
338.65	-302.00
338.65	-308.00
338.65	-284.67
338.65	-299.34
338.65	-280.00
338.65	-280.00
338.66	-280.00
338.66	-280.00
338.66	-278.66
338.66	-270.00
338.66	-274.67
338.66	-279.34
338.66	-280.00
338.66	-280.00
338.67	-280.00
338.67	-280.00
338.67	-280.00
338.67	-280.00
338.67	-304.67
338.67	-306.67
338.67	-280.00
338.67	-280.00
338.67	-280.00
338.68	-280.00
338.68	-287.33
338.68	-281.34
338.68	-285.33
338.68	-280.00
338.68	-280.00
338.68	-280.00
338.68	-280.00
338.69	-280.00
338.69	-280.00
338.69	-285.33
338.69	-287.33
338.69	-280.00
338.69	-280.00
338.69	-274.00
338.69	-274.00
338.70	-278.66
338.70	-272.00
338.70	-270.00
338.70	-280.00
338.70	-280.00
338.70	-280.00
338.70	-280.00
338.70	-275.33
338.70	-280.00
338.71	-280.00
338.71	-280.00
338.71	-280.00
338.71	-280.00
338.71	-280.00
338.71	-280.00
338.71	-280.00
338.71	-277.33
338.72	-276.67
338.72	-274.00
338.72	-280.00
338.72	-280.00
338.72	-279.34
338.72	-280.00
338.72	-280.00
338.72	-279.34
338.73	-278.66
338.73	-280.00
338.73	-280.00
338.73	-280.00
338.73	-279.34
338.73	-272.67
338.73	-280.00
338.73	-280.00
338.73	-280.00
338.74	-280.00
338.74	-279.34
338.74	-280.00
338.74	-280.00
338.74	-280.00
338.74	-280.00
338.74	-280.00
338.74	-279.34
338.75	-278.66
338.75	-273.33
338.75	-279.34
338.75	-280.00
338.75	-280.00
338.75	-280.00
338.75	-280.00
338.75	-277.33
338.75	-280.00
338.76	-280.00
338.76	-273.33
338.76	-270.00
338.76	-272.67
338.76	-273.33
338.76	-267.33
338.76	-262.00
338.76	-258.66
338.77	-256.67
338.77	-260.66
338.77	-261.34
338.77	-267.33
338.77	-280.00
338.77	-280.00
338.77	-280.00
338.77	-279.34
338.78	-260.66
338.78	-261.34
338.78	-260.66
338.78	-260.66
338.78	-280.00
338.78	-280.00
338.78	-273.33
338.78	-261.34
338.78	-272.67
338.79	-275.33
338.79	-270.00
338.79	-266.00
338.79	-260.00
338.79	-251.34
338.79	-252.00
338.79	-263.33
338.79	-279.34
338.80	-280.00
338.80	-276.67
338.80	-266.67
338.80	-268.00
338.80	-268.00
338.80	-260.00
338.80	-275.33
338.80	-278.66
338.80	-280.00
338.81	-280.00
338.81	-280.00
338.81	-280.00
338.81	-272.00
338.81	-266.00
338.81	-264.67
338.81	-261.34
338.81	-260.00
338.82	-263.33
338.82	-263.33
338.82	-264.00
338.82	-260.00
338.82	-262.00
338.82	-278.00
338.82	-259.34
338.82	-259.34
338.83	-260.66
338.83	-265.33
338.83	-266.00
338.83	-278.00
338.83	-273.33
338.83	-260.66
338.83	-257.33
338.83	-259.34
338.83	-261.34
338.84	-260.00
338.84	-260.00
338.84	-259.34
338.84	-260.00
338.84	-260.00
338.84	-260.00
338.84	-260.66
338.84	-258.00
338.85	-260.00
338.85	-260.00
338.85	-264.00
338.85	-265.33
338.85	-260.66
338.85	-260.00
338.85	-260.00
338.85	-261.34
338.85	-263.33
338.86	-261.34
338.86	-264.67
338.86	-249.34
338.86	-254.67
338.86	-248.00
338.86	-260.00
338.86	-260.00
338.86	-259.34
338.87	-261.34
338.87	-262.67
338.87	-264.00
338.87	-266.67
338.87	-260.66
338.87	-258.66
338.87	-260.00
338.87	-260.00
338.88	-259.34
338.88	-245.33
338.88	-256.67
338.88	-260.00
338.88	-262.67
338.88	-264.67
338.88	-270.66
338.88	-260.66
338.88	-260.00
338.89	-253.33
338.89	-252.00
338.89	-271.34
338.89	-274.00
338.89	-280.00
338.89	-274.67
338.89	-278.66
338.89	-275.33
338.90	-260.00
338.90	-260.00
338.90	-262.67
338.90	-249.34
338.90	-241.34
338.90	-252.00
338.90	-252.00
338.90	-254.00
338.91	-260.00
338.91	-272.67
338.91	-260.00
338.91	-260.00
338.91	-260.00
338.91	-258.00
338.91	-260.66
338.91	-265.33
338.91	-270.66
338.92	-275.33
338.92	-273.33
338.92	-268.00
338.92	-261.34
338.92	-260.00
338.92	-259.34
338.92	-259.34
338.92	-250.00
338.93	-247.33
338.93	-260.00
338.93	-260.00
338.93	-255.33
338.93	-247.33
338.93	-256.67
338.93	-255.33
338.93	-260.66
338.93	-258.00
338.94	-249.34
338.94	-246.00
338.94	-259.34
338.94	-264.67
338.94	-257.33
338.94	-243.33
338.94	-250.66
338.94	-257.33
338.95	-248.00
338.95	-231.34
338.95	-200.00
338.95	-235.33
338.95	-254.67
338.95	-249.34
338.95	-252.00
338.95	-259.34
338.96	-260.00
338.96	-262.00
338.96	-247.33
338.96	-254.67
338.96	-256.00
338.96	-260.00
338.96	-261.34
338.96	-260.66
338.96	-260.66
338.97	-260.00
338.97	-252.00
338.97	-251.34
338.97	-260.00
338.97	-260.00
338.97	-260.00
338.97	-252.67
338.97	-258.66
338.98	-239.34
338.98	-251.34
338.98	-260.00
338.98	-253.33
338.98	-250.00
338.98	-253.33
338.98	-260.00
338.98	-260.00
338.98	-258.66
338.99	-258.66
338.99	-260.00
338.99	-247.33
338.99	-243.33
338.99	-241.34
338.99	-237.33
338.99	-227.33
338.99	-260.00
339.00	-262.00
339.00	-265.33
339.00	-266.67
339.00	-259.34
339.00	-248.66
339.00	-260.00
339.00	-251.34
339.00	-241.34
339.01	-246.00
339.01	-251.34
339.01	-246.67
339.01	-259.34
339.01	-256.67
339.01	-248.00
339.01	-251.34
339.01	-247.33
339.01	-258.66
339.02	-243.33
339.02	-254.67
339.02	-251.34
339.02	-212.67
339.02	-246.67
339.02	-260.00
339.02	-262.00
339.02	-264.67
339.03	-260.00
339.03	-264.67
339.03	-260.00
339.03	-254.67
339.03	-254.67
339.03	-258.00
339.03	-257.33
339.03	-256.00
339.04	-229.34
339.04	-220.66
339.04	-248.00
339.04	-246.00
339.04	-260.00
339.04	-260.66
339.04	-259.34
339.04	-259.34
339.04	-252.67
339.05	-247.33
339.05	-244.00
339.05	-242.67
339.05	-255.33
339.05	-260.00
339.05	-260.00
339.05	-259.34
339.05	-258.66
339.06	-257.33
339.06	-242.00
339.06	-214.67
339.06	-202.67
339.06	-256.00
339.06	-256.67
339.06	-260.00
339.06	-259.34
339.06	-259.34
339.07	-243.33
339.07	-257.33
339.07	-244.67
339.07	-259.34
339.07	-246.00
339.07	-245.33
339.07	-248.66
339.07	-260.66
339.08	-260.00
339.08	-261.34
339.08	-260.00
339.08	-260.00
339.08	-254.00
339.08	-260.00
339.08	-259.34
339.08	-272.00
339.09	-266.00
339.09	-260.00
339.09	-254.67
339.09	-244.00
339.09	-212.67
339.09	-224.67
339.09	-258.00
339.09	-253.33
339.09	-251.34
339.10	-252.00
339.10	-243.33
339.10	-249.34
339.10	-252.00
339.10	-252.67
339.10	-255.33
339.10	-253.33
339.10	-258.00
339.11	-264.00
339.11	-261.34
339.11	-267.33
339.11	-260.66
339.11	-244.67
339.11	-248.66
339.11	-230.00
339.11	-240.00
339.11	-252.67
339.12	-260.66
339.12	-260.00
339.12	-259.34
339.12	-260.00
339.12	-252.67
339.12	-252.67
339.12	-246.00
339.12	-248.66
339.13	-234.67
339.13	-228.00
339.13	-246.67
339.13	-209.34
339.13	-229.34
339.13	-252.00
339.13	-260.00
339.13	-260.66
339.14	-260.00
339.14	-260.00
339.14	-258.66
339.14	-250.66
339.14	-252.00
339.14	-259.34
339.14	-253.33
339.14	-250.66
339.14	-251.34
339.15	-260.00
339.15	-260.00
339.15	-255.33
339.15	-258.66
339.15	-258.66
339.15	-259.34
339.15	-257.33
339.15	-260.00
339.16	-254.00
339.16	-253.33
339.16	-243.33
339.16	-247.33
339.16	-240.66
339.16	-213.33
339.16	-251.34
339.16	-243.33
339.16	-234.00
339.17	-242.67
339.17	-250.66
339.17	-240.66
339.17	-237.33
339.17	-247.33
339.17	-232.67
339.17	-228.00
339.17	-233.33
339.18	-227.33
339.18	-232.67
339.18	-238.66
339.18	-219.34
339.18	-217.33
339.18	-255.33
339.18	-253.33
339.18	-240.00
339.19	-246.67
339.19	-243.33
339.19	-252.00
339.19	-248.66
339.19	-250.00
339.19	-260.00
339.19	-260.00
339.19	-258.66
339.19	-256.00
339.20	-242.00
339.20	-252.67
339.20	-254.00
339.20	-222.67
339.20	-214.67
339.20	-234.00
339.20	-242.00
339.20	-237.33
339.21	-247.33
339.21	-210.00
339.21	-200.00
339.21	-215.33
339.21	-247.33
339.21	-243.33
339.21	-234.00
339.21	-242.00
339.22	-253.33
339.22	-259.34
339.22	-260.00
339.22	-253.33
339.22	-230.66
339.22	-246.00
339.22	-248.00
339.22	-246.00
339.22	-250.00
339.23	-241.34
339.23	-200.00
339.23	-213.33
339.23	-249.34
339.23	-254.00
339.23	-259.34
339.23	-258.66
339.23	-256.67
339.24	-259.34
339.24	-244.67
339.24	-246.00
339.24	-258.00
339.24	-247.33
339.24	-238.66
339.24	-208.00
339.24	-246.67
339.24	-256.00
339.25	-244.67
339.25	-252.67
339.25	-248.00
339.25	-241.34
339.25	-256.67
339.25	-255.33
339.25	-260.00
339.25	-240.66
339.26	-229.34
339.26	-236.67
339.26	-226.67
339.26	-260.66
339.26	-251.34
339.26	-210.66
339.26	-204.00
339.26	-250.00
339.27	-254.67
339.27	-244.00
339.27	-259.34
339.27	-260.00
339.27	-254.00
339.27	-243.33
339.27	-239.34
339.27	-236.67
339.27	-250.66
339.28	-258.66
339.28	-260.00
339.28	-260.00
339.28	-248.00
339.28	-242.67
339.28	-218.66
339.28	-228.00
339.28	-200.00
339.29	-215.33
339.29	-240.66
339.29	-252.00
339.29	-240.00
339.29	-227.33
339.29	-226.00
339.29	-222.00
339.29	-207.33
339.29	-240.66
339.30	-258.66
339.30	-259.34
339.30	-260.00
339.30	-258.66
339.30	-256.67
339.30	-251.34
339.30	-248.00
339.30	-240.00
339.31	-251.34
339.31	-251.34
339.31	-240.66
339.31	-207.33
339.31	-214.00
339.31	-242.00
339.31	-244.67
339.31	-260.00
339.32	-253.33
339.32	-236.00
339.32	-220.00
339.32	-218.00
339.32	-232.67
339.32	-246.67
339.32	-250.00
339.32	-240.66
339.32	-244.67
339.33	-240.66
339.33	-223.33
339.33	-200.00
339.33	-232.00
339.33	-204.00
339.33	-220.66
339.33	-203.33
339.33	-206.00
339.34	-231.34
339.34	-224.67
339.34	-248.66
339.34	-240.66
339.34	-232.00
339.34	-241.34
339.34	-241.34
339.34	-214.67
339.35	-238.00
339.35	-244.67
339.35	-227.33
339.35	-245.33
339.35	-259.34
339.35	-245.33
339.35	-240.00
339.35	-258.66
339.35	-245.33
339.36	-225.33
339.36	-214.67
339.36	-226.00
339.36	-215.33
339.36	-234.00
339.36	-248.00
339.36	-240.66
339.36	-207.33
339.37	-204.67
339.37	-237.33
339.37	-247.33
339.37	-251.34
339.37	-250.00
339.37	-247.33
339.37	-228.66
339.37	-202.67
339.37	-229.34
339.38	-244.67
339.38	-246.00
339.38	-247.33
339.38	-224.67
339.38	-260.00
339.38	-266.00
339.38	-250.00
339.38	-251.34
339.39	-252.67
339.39	-257.33
339.39	-242.67
339.39	-244.00
339.39	-246.00
339.39	-266.00
339.39	-263.33
339.39	-259.34
339.40	-258.66
339.40	-257.33
339.40	-260.00
339.40	-260.00
339.40	-259.34
339.40	-242.67
339.40	-212.67
339.40	-208.00
339.40	-206.00
339.41	-228.66
339.41	-212.00
339.41	-225.33
339.41	-228.00
339.41	-234.00
339.41	-246.67
339.41	-254.00
339.41	-250.66
339.42	-248.66
339.42	-204.67
339.42	-200.00
339.42	-226.67
339.42	-240.66
339.42	-246.67
339.42	-226.00
339.42	-244.67
339.42	-242.67
339.43	-245.33
339.43	-230.00
339.43	-200.00
339.43	-200.00
339.43	-200.00
339.43	-208.00
339.43	-221.34
339.43	-234.67
339.44	-239.34
339.44	-220.00
339.44	-233.33
339.44	-240.00
339.44	-230.00
339.44	-234.67
339.44	-252.00
339.44	-246.00
339.45	-208.66
339.45	-204.00
339.45	-232.00
339.45	-200.00
339.45	-202.67
339.45	-235.33
339.45	-228.00
339.45	-235.33
339.45	-243.33
339.46	-249.34
339.46	-242.67
339.46	-258.66
339.46	-249.34
339.46	-245.33
339.46	-222.00
339.46	-200.66
339.46	-200.00
339.47	-200.00
339.47	-208.00
339.47	-200.00
339.47	-231.34
339.47	-240.00
339.47	-230.66
339.47	-232.67
339.47	-210.00
339.47	-239.34
339.48	-210.66
339.48	-239.34
339.48	-258.66
339.48	-252.00
339.48	-240.00
339.48	-240.00
339.48	-248.00
339.48	-240.00
339.49	-240.66
339.49	-250.00
339.49	-248.66
339.49	-248.66
339.49	-241.34
339.49	-240.66
339.49	-236.67
339.49	-229.34
339.50	-244.67
339.50	-247.33
339.50	-251.34
339.50	-244.00
339.50	-244.67
339.50	-242.67
339.50	-228.00
339.50	-211.34
339.50	-245.33
339.51	-256.00
339.51	-249.34
339.51	-245.33
339.51	-250.66
339.51	-254.67
339.51	-254.67
339.51	-246.00
339.51	-251.34
339.52	-249.34
339.52	-246.67
339.52	-243.33
339.52	-234.00
339.52	-238.66
339.52	-226.00
339.52	-219.34
339.52	-218.00
339.53	-236.67
339.53	-222.67
339.53	-200.00
339.53	-203.33
339.53	-222.00
339.53	-212.67
339.53	-208.00
339.53	-241.34
339.53	-240.00
339.54	-240.00
339.54	-242.67
339.54	-222.67
339.54	-215.33
339.54	-211.34
339.54	-218.66
339.54	-244.00
339.54	-242.00
339.55	-247.33
339.55	-235.33
339.55	-217.33
339.55	-234.00
339.55	-201.34
339.55	-200.00
339.55	-238.00
339.55	-252.00
339.55	-258.00
339.56	-244.00
339.56	-238.00
339.56	-201.34
339.56	-222.67
339.56	-240.66
339.56	-256.00
339.56	-250.66
339.56	-241.34
339.57	-216.00
339.57	-226.00
339.57	-210.66
339.57	-212.67
339.57	-208.66
339.57	-238.00
339.57	-232.00
339.57	-208.66
339.58	-200.00
339.58	-218.00
339.58	-248.00
339.58	-259.34
339.58	-258.00
339.58	-248.66
339.58	-245.33
339.58	-253.33
339.58	-248.00
339.59	-234.67
339.59	-252.00
339.59	-247.33
339.59	-244.00
339.59	-252.00
339.59	-254.00
339.59	-250.66
339.59	-230.00
339.60	-258.66
339.60	-254.67
339.60	-258.00
339.60	-232.67
339.60	-202.00
339.60	-200.66
339.60	-200.00
339.60	-202.67
339.60	-218.66
339.61	-240.00
339.61	-240.00
339.61	-238.66
339.61	-208.00
339.61	-201.34
339.61	-228.00
339.61	-242.00
339.61	-245.33
339.62	-241.34
339.62	-225.33
339.62	-202.67
339.62	-228.66
339.62	-210.66
339.62	-222.00
339.62	-217.33
339.62	-222.67
339.63	-205.33
339.63	-242.67
339.63	-250.66
339.63	-255.33
339.63	-254.00
339.63	-256.00
339.63	-259.34
339.63	-256.67
339.63	-259.34
339.64	-246.67
339.64	-226.67
339.64	-226.67
339.64	-228.00
339.64	-232.00
339.64	-202.00
339.64	-202.00
339.64	-229.34
339.65	-236.67
339.65	-220.66
339.65	-209.34
339.65	-212.67
339.65	-212.00
339.65	-226.00
339.65	-243.33
339.65	-253.33
339.65	-234.00
339.66	-239.34
339.66	-240.00
339.66	-240.00
339.66	-208.66
339.66	-215.33
339.66	-215.33
339.66	-259.34
339.66	-260.00
339.67	-260.00
339.67	-254.00
339.67	-246.00
339.67	-254.67
339.67	-258.00
339.67	-246.00
339.67	-235.33
339.67	-224.00
339.68	-205.33
339.68	-215.33
339.68	-231.34
339.68	-211.34
339.68	-222.67
339.68	-230.00
339.68	-234.67
339.68	-244.00
339.68	-257.33
339.69	-260.00
339.69	-252.00
339.69	-232.67
339.69	-201.34
339.69	-200.00
339.69	-200.00
339.69	-200.00
339.69	-200.00
339.70	-222.67
339.70	-244.00
339.70	-250.00
339.70	-249.34
339.70	-236.00
339.70	-244.00
339.70	-204.00
339.70	-231.34
339.71	-204.00
339.71	-209.34
339.71	-219.34
339.71	-206.00
339.71	-224.00
339.71	-205.33
339.71	-226.00
339.71	-234.67
339.71	-240.00
339.72	-240.00
339.72	-246.67
339.72	-226.67
339.72	-224.00
339.72	-240.00
339.72	-240.00
339.72	-232.67
339.72	-228.66
339.73	-233.33
339.73	-239.34
339.73	-236.67
339.73	-200.00
339.73	-209.34
339.73	-200.00
339.73	-200.00
339.73	-201.34
339.73	-214.00
339.74	-236.00
339.74	-232.67
339.74	-242.67
339.74	-242.67
339.74	-240.00
339.74	-210.00
339.74	-234.00
339.74	-226.00
339.75	-205.33
339.75	-201.34
339.75	-202.00
339.75	-202.67
339.75	-200.00
339.75	-206.00
339.75	-240.00
339.75	-204.67
339.76	-209.34
339.76	-236.00
339.76	-234.00
339.76	-200.00
339.76	-207.33
339.76	-224.00
339.76	-234.00
339.76	-210.00
339.76	-210.00
339.77	-211.34
339.77	-214.67
339.77	-222.00
339.77	-244.67
339.77	-246.00
339.77	-238.00
339.77	-239.34
339.77	-236.00
339.78	-229.34
339.78	-208.66
339.78	-212.67
339.78	-200.00
339.78	-204.00
339.78	-202.67
339.78	-242.67
339.78	-226.00
339.78	-237.33
339.79	-250.00
339.79	-255.33
339.79	-239.34
339.79	-242.67
339.79	-247.33
339.79	-227.33
339.79	-216.67
339.79	-210.00
339.80	-226.67
339.80	-230.00
339.80	-221.34
339.80	-240.66
339.80	-228.66
339.80	-232.67
339.80	-200.00
339.80	-200.00
339.81	-223.33
339.81	-249.34
339.81	-224.67
339.81	-200.00
339.81	-212.00
339.81	-227.33
339.81	-240.66
339.81	-246.00
339.81	-224.67
339.82	-224.67
339.82	-234.67
339.82	-240.00
339.82	-229.34
339.82	-244.67
339.82	-244.67
339.82	-247.33
339.82	-240.00
339.83	-240.00
339.83	-210.66
339.83	-226.67
339.83	-226.00
339.83	-222.67
339.83	-240.66
339.83	-237.33
339.83	-249.34
339.84	-240.66
339.84	-240.00
339.84	-244.67
339.84	-249.34
339.84	-204.00
339.84	-224.67
339.84	-236.67
339.84	-241.34
339.84	-232.67
339.85	-232.00
339.85	-228.00
339.85	-202.00
339.85	-213.33
339.85	-242.67
339.85	-248.00
339.85	-260.66
339.85	-253.33
339.86	-239.34
339.86	-225.33
339.86	-210.66
339.86	-220.00
339.86	-216.67
339.86	-248.00
339.86	-247.33
339.86	-240.66
339.86	-247.33
339.87	-252.00
339.87	-231.34
339.87	-220.66
339.87	-230.66
339.87	-202.00
339.87	-239.34
339.87	-221.34
339.87	-229.34
339.88	-206.00
339.88	-218.66
339.88	-245.33
339.88	-240.00
339.88	-243.33
339.88	-225.33
339.88	-200.00
339.88	-200.00
339.89	-200.00
339.89	-200.00
339.89	-221.34
339.89	-237.33
339.89	-246.67
339.89	-252.67
339.89	-253.33
339.89	-247.33
339.89	-244.67
339.90	-239.34
339.90	-250.66
339.90	-231.34
339.90	-238.66
339.90	-206.00
339.90	-200.00
339.90	-200.00
339.90	-200.00
339.91	-200.00
339.91	-200.00
339.91	-206.67
339.91	-214.67
339.91	-242.67
339.91	-244.67
339.91	-213.33
339.91	-200.00
339.91	-202.00
339.92	-225.33
339.92	-240.66
339.92	-253.33
339.92	-245.33
339.92	-247.33
339.92	-213.33
339.92	-200.00
339.92	-200.00
339.93	-200.00
339.93	-226.67
339.93	-240.66
339.93	-219.34
339.93	-240.00
339.93	-235.33
339.93	-201.34
339.93	-226.67
339.94	-238.00
339.94	-201.34
339.94	-234.67
339.94	-225.33
339.94	-200.00
339.94	-216.00
339.94	-239.34
339.94	-240.66
339.94	-214.67
339.95	-214.67
339.95	-243.33
339.95	-214.00
339.95	-208.66
339.95	-237.33
339.95	-240.00
339.95	-214.67
339.95	-200.00
339.96	-200.00
339.96	-208.00
339.96	-228.00
339.96	-232.67
339.96	-217.33
339.96	-206.00
339.96	-235.33
339.96	-246.00
339.96	-238.00
339.97	-200.66
339.97	-208.00
339.97	-210.66
339.97	-206.00
339.97	-200.00
339.97	-200.00
339.97	-208.00
339.97	-248.66
339.98	-222.00
339.98	-208.66
339.98	-213.33
339.98	-240.00
339.98	-228.66
339.98	-240.66
339.98	-254.67
339.98	-255.33
339.99	-259.34
339.99	-254.67
339.99	-247.33
339.99	-247.33
339.99	-242.67
339.99	-240.66
339.99	-246.00
339.99	-242.00
339.99	-240.66
340.00	-214.67
340.00	-200.00
340.00	-231.34
340.00	-246.00
340.00	-238.66
340.00	-240.00
340.00	-216.00
340.00	-217.33
340.01	-235.33
340.01	-217.33
340.01	-200.00
340.01	-200.00
340.01	-200.00
340.01	-200.00
340.01	-200.00
340.01	-212.67
340.02	-238.00
340.02	-244.67
340.02	-241.34
340.02	-236.00
340.02	-210.66
340.02	-200.00
340.02	-200.00
340.02	-222.00
340.02	-245.33
340.03	-242.67
340.03	-205.33
340.03	-214.67
340.03	-206.67
340.03	-200.00
340.03	-206.67
340.03	-210.00
340.03	-220.00
340.04	-236.00
340.04	-219.34
340.04	-208.00
340.04	-200.00
340.04	-202.00
340.04	-240.66
340.04	-238.66
340.04	-240.00
340.04	-232.67
340.05	-200.00
340.05	-200.00
340.05	-200.00
340.05	-200.00
340.05	-231.34
340.05	-231.34
340.05	-240.00
340.05	-240.00
340.06	-234.00
340.06	-234.67
340.06	-239.34
340.06	-211.34
340.06	-233.33
340.06	-247.33
340.06	-245.33
340.06	-253.33
340.07	-246.67
340.07	-219.34
340.07	-246.67
340.07	-240.66
340.07	-209.34
340.07	-202.67
340.07	-214.67
340.07	-242.67
340.07	-210.66
340.08	-200.00
340.08	-200.00
340.08	-200.00
340.08	-231.34
340.08	-242.67
340.08	-238.66
340.08	-232.67
340.08	-230.66
340.09	-241.34
340.09	-243.33
340.09	-228.66
340.09	-228.66
340.09	-206.00
340.09	-242.00
340.09	-241.34
340.09	-234.00
340.09	-239.34
340.10	-226.00
340.10	-220.00
340.10	-246.00
340.10	-247.33
340.10	-242.00
340.10	-228.66
340.10	-228.66
340.10	-220.66
340.11	-200.00
340.11	-200.00
340.11	-214.00
340.11	-237.33
340.11	-226.00
340.11	-247.33
340.11	-220.66
340.11	-236.67
340.12	-222.67
340.12	-232.00
340.12	-243.33
340.12	-258.66
340.12	-253.33
340.12	-222.67
340.12	-212.00
340.12	-245.33
340.12	-234.00
340.13	-244.67
340.13	-240.00
340.13	-212.67
340.13	-200.00
340.13	-200.00
340.13	-200.00
340.13	-204.00
340.13	-200.00
340.14	-200.00
340.14	-204.00
340.14	-240.66
340.14	-214.67
340.14	-216.00
340.14	-211.34
340.14	-202.00
340.14	-230.00
340.14	-227.33
340.15	-239.34
340.15	-210.00
340.15	-206.67
340.15	-230.66
340.15	-214.67
340.15	-201.34
340.15	-226.00
340.15	-235.33
340.16	-230.00
340.16	-239.34
340.16	-204.67
340.16	-224.00
340.16	-208.66
340.16	-202.00
340.16	-238.00
340.16	-212.67
340.17	-224.67
340.17	-200.00
340.17	-200.00
340.17	-201.34
340.17	-204.67
340.17	-202.67
340.17	-209.34
340.17	-252.67
340.17	-238.00
340.18	-232.00
340.18	-230.00
340.18	-210.00
340.18	-236.67
340.18	-241.34
340.18	-237.33
340.18	-200.00
340.18	-200.00
340.19	-200.00
340.19	-200.00
340.19	-200.00
340.19	-214.00
340.19	-210.00
340.19	-204.00
340.19	-226.00
340.19	-205.33
340.20	-200.00
340.20	-207.33
340.20	-232.67
340.20	-243.33
340.20	-236.67
340.20	-240.66
340.20	-237.33
340.20	-219.34
340.20	-200.66
340.21	-212.00
340.21	-200.00
340.21	-230.00
340.21	-200.66
340.21	-200.00
340.21	-222.00
340.21	-230.66
340.21	-200.00
340.22	-217.33
340.22	-226.67
340.22	-200.00
340.22	-220.66
340.22	-241.34
340.22	-226.00
340.22	-244.00
340.22	-243.33
340.22	-244.00
340.23	-218.66
340.23	-200.00
340.23	-200.00
340.23	-200.00
340.23	-211.34
340.23	-250.00
340.23	-216.67
340.23	-200.00
340.24	-206.00
340.24	-202.00
340.24	-202.67
340.24	-200.00
340.24	-230.00
340.24	-231.34
340.24	-236.00
340.24	-233.33
340.25	-240.66
340.25	-224.00
340.25	-231.34
340.25	-230.00
340.25	-211.34
340.25	-223.33
340.25	-200.00
340.25	-200.00
340.25	-230.66
340.26	-213.33
340.26	-213.33
340.26	-214.00
340.26	-241.34
340.26	-220.66
340.26	-202.00
340.26	-231.34
340.26	-236.67
340.27	-224.00
340.27	-216.00
340.27	-200.00
340.27	-200.00
340.27	-228.00
340.27	-238.66
340.27	-205.33
340.27	-218.66
340.27	-239.34
340.28	-202.67
340.28	-200.00
340.28	-204.00
340.28	-209.34
340.28	-202.00
340.28	-201.34
340.28	-200.00
340.28	-200.00
340.29	-216.00
340.29	-204.00
340.29	-215.33
340.29	-204.67
340.29	-218.66
340.29	-227.33
340.29	-230.00
340.29	-239.34
340.30	-209.34
340.30	-244.67
340.30	-216.00
340.30	-218.66
340.30	-200.00
340.30	-200.00
340.30	-208.66
340.30	-236.67
340.30	-218.00
340.31	-200.00
340.31	-202.00
340.31	-222.00
340.31	-241.34
340.31	-227.33
340.31	-200.00
340.31	-200.00
340.31	-201.34
340.32	-240.00
340.32	-244.67
340.32	-244.67
340.32	-205.33
340.32	-216.00
340.32	-239.34
340.32	-208.66
340.32	-226.67
340.33	-235.33
340.33	-238.00
340.33	-240.00
340.33	-220.66
340.33	-236.67
340.33	-240.00
340.33	-245.33
340.33	-260.00
340.33	-248.00
340.34	-200.00
340.34	-232.00
340.34	-234.00
340.34	-228.00
340.34	-203.33
340.34	-222.00
340.34	-216.00
340.34	-208.66
340.35	-200.00
340.35	-209.34
340.35	-239.34
340.35	-205.33
340.35	-236.67
340.35	-246.67
340.35	-259.34
340.35	-250.66
340.35	-240.00
340.36	-240.00
340.36	-232.67
340.36	-224.67
340.36	-206.00
340.36	-250.00
