335.48	-200.00
335.48	-236.00
335.48	-240.00
335.48	-242.00
335.48	-222.00
335.48	-229.34
335.49	-243.33
335.49	-230.00
335.49	-200.00
335.49	-200.00
335.49	-200.00
335.49	-200.00
335.49	-200.00
335.49	-200.00
335.50	-200.00
335.50	-218.66
335.50	-238.00
335.50	-214.00
335.50	-207.33
335.50	-220.66
335.50	-200.00
335.50	-200.00
335.50	-200.00
335.51	-200.00
335.51	-241.34
335.51	-243.33
335.51	-209.34
335.51	-200.00
335.51	-218.66
335.51	-236.67
335.51	-256.67
335.52	-230.00
335.52	-200.00
335.52	-200.00
335.52	-200.00
335.52	-210.00
335.52	-239.34
335.52	-240.66
335.52	-242.67
335.53	-239.34
335.53	-223.33
335.53	-242.67
335.53	-232.67
335.53	-236.00
335.53	-200.00
335.53	-200.00
335.53	-206.67
335.53	-232.67
335.54	-200.00
335.54	-200.00
335.54	-200.00
335.54	-200.00
335.54	-200.00
335.54	-221.34
335.54	-242.00
335.54	-245.33
335.55	-240.00
335.55	-245.33
335.55	-238.66
335.55	-200.00
335.55	-200.00
335.55	-203.33
335.55	-205.33
335.55	-200.00
335.55	-200.00
335.56	-215.33
335.56	-225.33
335.56	-234.00
335.56	-240.66
335.56	-250.00
335.56	-238.00
335.56	-200.00
335.56	-200.00
335.57	-200.00
335.57	-200.00
335.57	-200.00
335.57	-200.00
335.57	-200.00
335.57	-202.00
335.57	-217.33
335.57	-215.33
335.58	-200.00
335.58	-200.66
335.58	-238.66
335.58	-236.67
335.58	-239.34
335.58	-237.33
335.58	-250.66
335.58	-236.00
335.58	-201.34
335.59	-235.33
335.59	-211.34
335.59	-230.00
335.59	-224.00
335.59	-206.00
335.59	-219.34
335.59	-228.00
335.59	-230.00
335.60	-242.67
335.60	-226.67
335.60	-247.33
335.60	-255.33
335.60	-236.00
335.60	-242.00
335.60	-242.67
335.60	-200.00
335.60	-200.00
335.61	-230.66
335.61	-200.00
335.61	-200.00
335.61	-200.00
335.61	-181.34
335.61	-202.00
335.61	-214.00
335.61	-240.00
335.62	-240.00
335.62	-214.00
335.62	-200.00
335.62	-200.00
335.62	-214.67
335.62	-228.66
335.62	-236.00
335.62	-223.33
335.63	-200.00
335.63	-200.00
335.63	-200.00
335.63	-200.00
335.63	-200.00
335.63	-201.34
335.63	-217.33
335.63	-230.00
335.63	-212.00
335.64	-200.00
335.64	-216.67
335.64	-220.66
335.64	-219.34
335.64	-227.33
335.64	-214.00
335.64	-226.00
335.64	-234.67
335.65	-241.34
335.65	-240.00
335.65	-234.67
335.65	-234.67
335.65	-200.00
335.65	-200.00
335.65	-200.00
335.65	-200.00
335.66	-200.00
335.66	-200.00
335.66	-200.00
335.66	-220.66
335.66	-206.67
335.66	-208.66
335.66	-200.00
335.66	-200.00
335.66	-200.00
335.67	-200.00
335.67	-200.00
335.67	-233.33
335.67	-200.00
335.67	-204.00
335.67	-234.67
335.67	-215.33
335.67	-214.67
335.68	-212.67
335.68	-200.00
335.68	-216.00
335.68	-238.66
335.68	-218.00
335.68	-209.34
335.68	-200.00
335.68	-200.00
335.68	-200.00
335.69	-200.00
335.69	-200.00
335.69	-200.00
335.69	-200.00
335.69	-200.00
335.69	-209.34
335.69	-200.00
335.69	-219.34
335.70	-218.00
335.70	-222.67
335.70	-230.00
335.70	-208.66
335.70	-234.67
335.70	-241.34
335.70	-242.00
335.70	-208.66
335.71	-218.00
335.71	-200.00
335.71	-202.67
335.71	-227.33
335.71	-208.00
335.71	-224.67
335.71	-242.00
335.71	-206.00
335.71	-212.00
335.72	-200.00
335.72	-200.00
335.72	-200.00
335.72	-238.00
335.72	-211.34
335.72	-226.00
335.72	-200.00
335.72	-200.00
335.73	-214.00
335.73	-200.00
335.73	-215.33
335.73	-200.00
335.73	-208.00
335.73	-200.00
335.73	-206.00
335.73	-239.34
335.73	-208.66
335.74	-200.00
335.74	-200.66
335.74	-207.33
335.74	-212.67
335.74	-239.34
335.74	-228.66
335.74	-204.67
335.74	-229.34
335.75	-200.00
335.75	-200.00
335.75	-207.33
335.75	-231.34
335.75	-200.00
335.75	-200.00
335.75	-200.00
335.75	-200.00
335.76	-235.33
335.76	-230.00
335.76	-230.00
335.76	-231.34
335.76	-216.67
335.76	-200.00
335.76	-200.00
335.76	-206.00
335.76	-200.00
335.77	-206.00
335.77	-205.33
335.77	-200.00
335.77	-244.00
335.77	-221.34
335.77	-200.00
335.77	-202.67
335.77	-201.34
335.78	-200.66
335.78	-212.67
335.78	-207.33
335.78	-213.33
335.78	-200.66
335.78	-211.34
335.78	-244.67
335.78	-250.66
335.78	-256.67
335.79	-254.00
335.79	-230.66
335.79	-211.34
335.79	-200.00
335.79	-200.00
335.79	-200.00
335.79	-214.00
335.79	-237.33
335.80	-240.00
335.80	-214.67
335.80	-238.00
335.80	-215.33
335.80	-200.00
335.80	-200.00
335.80	-200.00
335.80	-218.66
335.81	-245.33
335.81	-244.67
335.81	-240.00
335.81	-218.66
335.81	-200.00
335.81	-200.00
335.81	-200.00
335.81	-200.00
335.81	-200.00
335.82	-200.00
335.82	-200.00
335.82	-200.00
335.82	-200.00
335.82	-214.67
335.82	-240.00
335.82	-202.00
335.82	-200.00
335.83	-200.00
335.83	-200.00
335.83	-212.67
335.83	-250.66
335.83	-243.33
335.83	-228.66
335.83	-218.00
335.83	-240.00
335.84	-206.00
335.84	-200.00
335.84	-216.00
335.84	-218.00
335.84	-200.00
335.84	-216.00
335.84	-240.00
335.84	-223.33
335.84	-200.00
335.85	-200.00
335.85	-202.67
335.85	-228.00
335.85	-200.00
335.85	-208.66
335.85	-228.00
335.85	-200.00
335.85	-200.00
335.86	-203.33
335.86	-204.67
335.86	-204.67
335.86	-214.67
335.86	-224.00
335.86	-200.00
335.86	-202.67
335.86	-234.00
335.86	-206.00
335.87	-230.00
335.87	-223.33
335.87	-200.00
335.87	-200.00
335.87	-200.66
335.87	-218.00
335.87	-236.67
335.87	-232.00
335.88	-201.34
335.88	-224.67
335.88	-200.00
335.88	-200.00
335.88	-206.67
335.88	-200.00
335.88	-200.00
335.88	-202.67
335.89	-225.33
335.89	-241.34
335.89	-204.00
335.89	-206.00
335.89	-200.00
335.89	-200.00
335.89	-200.00
335.89	-200.00
335.89	-218.66
335.90	-242.00
335.90	-233.33
335.90	-200.00
335.90	-235.33
335.90	-245.33
335.90	-248.00
335.90	-207.33
335.90	-214.00
335.91	-200.00
335.91	-200.00
335.91	-175.33
335.91	-210.66
335.91	-237.33
335.91	-232.00
335.91	-227.33
335.91	-248.66
335.91	-222.00
335.92	-200.00
335.92	-219.34
335.92	-246.00
335.92	-221.34
335.92	-200.00
335.92	-200.00
335.92	-214.00
335.92	-240.66
335.93	-208.00
335.93	-200.00
335.93	-209.34
335.93	-244.00
335.93	-225.33
335.93	-200.00
335.93	-200.00
335.93	-200.00
335.94	-200.00
335.94	-220.66
335.94	-236.00
335.94	-210.66
335.94	-214.00
335.94	-214.67
335.94	-200.00
335.94	-200.00
335.94	-200.00
335.95	-200.00
335.95	-200.00
335.95	-200.00
335.95	-214.67
335.95	-238.66
335.95	-238.00
335.95	-235.33
335.95	-232.00
335.96	-200.00
335.96	-200.00
335.96	-209.34
335.96	-200.00
335.96	-200.00
335.96	-219.34
335.96	-236.00
335.96	-200.00
335.96	-200.00
335.97	-205.33
335.97	-225.33
335.97	-228.00
335.97	-222.00
335.97	-230.00
335.97	-200.00
335.97	-200.66
335.97	-238.66
335.98	-225.33
335.98	-229.34
335.98	-216.67
335.98	-200.00
335.98	-200.00
335.98	-208.66
335.98	-200.00
335.98	-200.00
335.99	-200.00
335.99	-200.00
335.99	-200.00
335.99	-200.00
335.99	-200.00
335.99	-200.00
335.99	-200.00
335.99	-200.00
335.99	-200.00
336.00	-200.00
336.00	-200.00
336.00	-200.00
336.00	-200.00
336.00	-200.00
336.00	-211.34
336.00	-231.34
336.00	-210.00
336.01	-231.34
336.01	-206.00
336.01	-200.00
336.01	-202.67
336.01	-220.00
336.01	-230.66
336.01	-238.66
336.01	-240.00
336.02	-202.67
336.02	-212.00
336.02	-213.33
336.02	-240.00
336.02	-248.00
336.02	-212.00
336.02	-192.67
336.02	-164.00
336.02	-224.00
336.03	-237.33
336.03	-221.34
336.03	-236.67
336.03	-228.00
336.03	-224.67
336.03	-236.67
336.03	-214.67
336.03	-203.33
336.04	-226.67
336.04	-202.00
336.04	-200.00
336.04	-200.00
336.04	-200.00
336.04	-200.00
336.04	-206.67
336.04	-240.00
336.04	-203.33
336.05	-221.34
336.05	-213.33
336.05	-224.00
336.05	-202.67
336.05	-200.00
336.05	-200.00
336.05	-201.34
336.05	-239.34
336.06	-240.66
336.06	-231.34
336.06	-224.00
336.06	-235.33
336.06	-222.00
336.06	-209.34
336.06	-200.00
336.06	-200.00
336.07	-200.00
336.07	-200.00
336.07	-212.67
336.07	-212.67
336.07	-200.00
336.07	-200.00
336.07	-200.00
336.07	-200.00
336.07	-235.33
336.08	-238.00
336.08	-244.00
336.08	-244.67
336.08	-200.00
336.08	-200.00
336.08	-207.33
336.08	-202.00
336.08	-237.33
336.09	-234.00
336.09	-232.00
336.09	-200.00
336.09	-203.33
336.09	-227.33
336.09	-200.00
336.09	-201.34
336.09	-214.67
336.09	-217.33
336.10	-212.00
336.10	-200.00
336.10	-238.66
336.10	-252.00
336.10	-212.00
336.10	-200.00
336.10	-200.00
336.10	-215.33
336.11	-206.67
336.11	-210.00
336.11	-239.34
336.11	-214.67
336.11	-200.00
336.11	-200.00
336.11	-200.00
336.11	-200.00
336.12	-200.00
336.12	-200.00
336.12	-206.00
336.12	-211.34
336.12	-234.00
336.12	-239.34
336.12	-200.00
336.12	-200.00
336.12	-225.33
336.13	-200.00
336.13	-200.00
336.13	-217.33
336.13	-200.00
336.13	-200.00
336.13	-210.66
336.13	-206.00
336.13	-200.00
336.14	-218.66
336.14	-241.34
336.14	-218.66
336.14	-200.00
336.14	-206.00
336.14	-227.33
336.14	-224.00
336.14	-209.34
336.15	-235.33
336.15	-221.34
336.15	-200.00
336.15	-197.33
336.15	-223.33
336.15	-239.34
336.15	-227.33
336.15	-231.34
336.15	-200.00
336.16	-194.00
336.16	-198.00
336.16	-200.66
336.16	-207.33
336.16	-222.67
336.16	-200.00
336.16	-184.67
336.16	-203.33
336.17	-200.66
336.17	-226.67
336.17	-200.00
336.17	-207.33
336.17	-232.67
336.17	-204.67
336.17	-232.67
336.17	-240.00
336.17	-218.66
336.18	-200.00
336.18	-200.00
336.18	-200.00
336.18	-200.00
336.18	-200.00
336.18	-200.00
336.18	-200.00
336.18	-200.00
336.19	-216.00
336.19	-240.00
336.19	-237.33
336.19	-227.33
336.19	-200.00
336.19	-200.00
336.19	-202.00
336.19	-234.67
336.20	-200.00
336.20	-200.00
336.20	-200.00
336.20	-200.00
336.20	-200.00
336.20	-186.00
336.20	-225.33
336.20	-202.00
336.20	-210.66
336.21	-212.00
336.21	-182.67
336.21	-221.34
336.21	-227.33
336.21	-222.67
336.21	-200.00
336.21	-202.00
336.21	-234.00
336.22	-207.33
336.22	-202.67
336.22	-219.34
336.22	-200.00
336.22	-202.00
336.22	-202.67
336.22	-224.67
336.22	-212.00
336.22	-200.00
336.23	-200.00
336.23	-181.34
336.23	-180.66
336.23	-238.66
336.23	-230.66
336.23	-201.34
336.23	-200.00
336.23	-200.00
336.24	-200.00
336.24	-200.00
336.24	-200.00
336.24	-200.00
336.24	-200.00
336.24	-200.00
336.24	-220.66
336.24	-216.00
336.25	-204.67
336.25	-200.00
336.25	-200.00
336.25	-200.00
336.25	-200.00
336.25	-200.00
336.25	-200.00
336.25	-216.67
336.25	-200.00
336.26	-208.00
336.26	-230.00
336.26	-201.34
336.26	-206.67
336.26	-238.66
336.26	-243.33
336.26	-215.33
336.26	-204.67
336.27	-200.00
336.27	-200.00
336.27	-200.00
336.27	-200.00
336.27	-206.67
336.27	-200.00
336.27	-230.66
336.27	-216.00
336.27	-200.00
336.28	-232.00
336.28	-240.00
336.28	-238.00
336.28	-236.67
336.28	-217.33
336.28	-200.00
336.28	-200.00
336.28	-241.34
336.29	-241.34
336.29	-231.34
336.29	-234.67
336.29	-250.66
336.29	-228.66
336.29	-200.66
336.29	-200.66
336.29	-203.33
336.30	-200.00
336.30	-215.33
336.30	-208.00
336.30	-221.34
336.30	-241.34
336.30	-214.00
336.30	-220.00
336.30	-204.67
336.30	-183.33
336.31	-160.00
336.31	-205.33
336.31	-223.33
336.31	-221.34
336.31	-200.66
336.31	-219.34
336.31	-224.67
336.31	-231.34
336.32	-228.66
336.32	-239.34
336.32	-260.00
336.32	-240.00
336.32	-233.33
336.32	-200.00
336.32	-241.34
336.32	-228.66
336.33	-203.33
336.33	-216.00
336.33	-226.67
336.33	-220.66
336.33	-212.00
336.33	-225.33
336.33	-208.00
336.33	-204.67
336.33	-222.67
336.34	-240.00
336.34	-212.67
336.34	-200.00
336.34	-200.00
336.34	-200.66
336.34	-218.66
336.34	-217.33
336.34	-228.66
336.35	-200.00
336.35	-200.00
336.35	-200.00
336.35	-200.00
336.35	-200.00
336.35	-200.00
336.35	-221.34
336.35	-206.00
336.35	-204.67
336.36	-200.00
336.36	-190.66
336.36	-200.66
336.36	-218.66
336.36	-214.67
336.36	-200.00
336.36	-202.67
336.36	-200.00
336.37	-200.00
336.37	-200.00
336.37	-211.34
336.37	-200.00
336.37	-208.00
336.37	-210.00
336.37	-242.00
336.37	-200.00
336.38	-200.00
336.38	-200.00
336.38	-227.33
336.38	-218.66
336.38	-200.00
336.38	-200.00
336.38	-200.00
336.38	-203.33
336.38	-232.67
336.39	-236.00
336.39	-218.66
336.39	-204.00
336.39	-217.33
336.39	-209.34
336.39	-185.33
336.39	-201.34
336.39	-226.00
336.40	-200.00
336.40	-207.33
336.40	-209.34
336.40	-242.00
336.40	-202.67
336.40	-202.00
336.40	-213.33
336.40	-207.33
336.40	-236.00
336.41	-200.00
336.41	-200.00
336.41	-213.33
336.41	-222.00
336.41	-230.00
336.41	-200.00
336.41	-210.66
336.41	-216.00
336.42	-205.33
336.42	-234.67
336.42	-200.00
336.42	-200.00
336.42	-197.33
336.42	-212.67
336.42	-200.00
336.42	-200.00
336.43	-200.00
336.43	-214.67
336.43	-200.00
336.43	-200.00
336.43	-219.34
336.43	-200.00
336.43	-200.00
336.43	-204.00
336.43	-205.33
336.44	-200.00
336.44	-202.00
336.44	-206.00
336.44	-234.67
336.44	-218.00
336.44	-200.00
336.44	-200.00
336.44	-218.66
336.45	-207.33
336.45	-209.34
336.45	-206.67
336.45	-210.00
336.45	-214.00
336.45	-206.00
336.45	-200.66
336.45	-229.34
336.46	-200.00
336.46	-200.00
336.46	-200.00
336.46	-200.00
336.46	-200.00
336.46	-200.00
336.46	-210.66
336.46	-208.66
336.46	-200.00
336.47	-187.33
336.47	-186.67
336.47	-238.00
336.47	-207.33
336.47	-200.66
336.47	-222.00
336.47	-210.00
336.47	-211.34
336.48	-200.00
336.48	-200.00
336.48	-200.00
336.48	-200.00
336.48	-200.00
336.48	-200.00
336.48	-226.00
336.48	-215.33
336.48	-200.00
336.49	-200.00
336.49	-200.00
336.49	-200.00
336.49	-202.00
336.49	-207.33
336.49	-222.67
336.49	-206.00
336.49	-220.66
336.50	-224.00
336.50	-208.00
336.50	-236.00
336.50	-222.67
336.50	-204.00
336.50	-200.00
336.50	-200.00
336.50	-200.00
336.51	-200.00
336.51	-200.00
336.51	-230.00
336.51	-226.00
336.51	-204.67
336.51	-226.67
336.51	-190.66
336.51	-226.00
336.51	-210.66
336.52	-238.66
336.52	-219.34
336.52	-201.34
336.52	-233.33
336.52	-200.00
336.52	-218.00
336.52	-200.00
336.52	-200.00
336.53	-200.00
336.53	-234.67
336.53	-227.33
336.53	-190.66
336.53	-200.00
336.53	-237.33
336.53	-244.67
336.53	-244.00
336.53	-226.67
336.54	-200.00
336.54	-200.00
336.54	-202.00
336.54	-228.66
336.54	-237.33
336.54	-219.34
336.54	-244.67
336.54	-200.00
336.55	-200.00
336.55	-200.00
336.55	-183.33
336.55	-188.66
336.55	-160.00
336.55	-194.00
336.55	-206.67
336.55	-200.00
336.56	-222.67
336.56	-213.33
336.56	-200.00
336.56	-216.00
336.56	-214.00
336.56	-196.67
336.56	-225.33
336.56	-224.67
336.56	-206.67
336.57	-200.00
336.57	-200.00
336.57	-190.00
336.57	-200.00
336.57	-208.00
336.57	-200.00
336.57	-200.00
336.57	-200.66
336.58	-224.67
336.58	-216.67
336.58	-232.00
336.58	-201.34
336.58	-200.00
336.58	-206.67
336.58	-234.00
336.58	-232.67
336.58	-220.00
336.59	-229.34
336.59	-220.66
336.59	-230.00
336.59	-220.00
336.59	-200.00
336.59	-201.34
336.59	-231.34
336.59	-208.66
336.60	-208.66
336.60	-214.67
336.60	-219.34
336.60	-228.66
336.60	-224.00
336.60	-230.00
336.60	-202.00
336.60	-200.00
336.61	-200.00
336.61	-171.34
336.61	-162.00
336.61	-206.67
336.61	-190.00
336.61	-160.00
336.61	-160.00
336.61	-175.33
336.61	-203.33
336.62	-230.00
336.62	-227.33
336.62	-208.66
336.62	-200.00
336.62	-212.00
336.62	-205.33
336.62	-240.00
336.62	-241.34
336.63	-200.00
336.63	-200.00
336.63	-200.00
336.63	-200.00
336.63	-200.00
336.63	-200.00
336.63	-203.33
336.63	-228.66
336.64	-200.00
336.64	-200.00
336.64	-220.66
336.64	-232.67
336.64	-226.67
336.64	-214.00
336.64	-200.00
336.64	-200.00
336.64	-200.00
336.65	-175.33
336.65	-179.34
336.65	-184.67
336.65	-200.00
336.65	-214.00
336.65	-214.67
336.65	-224.00
336.65	-215.33
336.66	-202.00
336.66	-217.33
336.66	-212.00
336.66	-238.00
336.66	-220.00
336.66	-190.00
336.66	-160.00
336.66	-160.00
336.66	-172.67
336.67	-233.33
336.67	-206.00
336.67	-205.33
336.67	-184.00
336.67	-193.33
336.67	-208.66
336.67	-200.00
336.67	-229.34
336.68	-204.67
336.68	-197.33
336.68	-218.66
336.68	-240.00
336.68	-220.00
336.68	-200.00
336.68	-200.00
336.68	-200.00
336.69	-172.00
336.69	-189.34
336.69	-220.00
336.69	-221.34
336.69	-216.00
336.69	-200.00
336.69	-189.34
336.69	-195.33
336.69	-207.33
336.70	-200.00
336.70	-232.00
336.70	-239.34
336.70	-201.34
336.70	-200.00
336.70	-200.00
336.70	-202.00
336.70	-214.67
336.71	-200.00
336.71	-212.67
336.71	-208.66
336.71	-226.67
336.71	-214.00
336.71	-220.66
336.71	-204.00
336.71	-206.00
336.71	-218.00
336.72	-202.00
336.72	-210.00
336.72	-200.00
336.72	-200.00
336.72	-178.00
336.72	-193.33
336.72	-200.00
336.72	-214.67
336.73	-226.67
336.73	-240.00
336.73	-240.00
336.73	-246.67
336.73	-217.33
336.73	-200.00
336.73	-200.00
336.73	-200.00
336.74	-200.00
336.74	-200.00
336.74	-230.66
336.74	-219.34
336.74	-243.33
336.74	-208.00
336.74	-200.00
336.74	-200.00
336.74	-217.33
336.75	-226.67
336.75	-200.00
336.75	-204.67
336.75	-215.33
336.75	-215.33
336.75	-191.34
336.75	-201.34
336.75	-200.00
336.76	-206.00
336.76	-205.33
336.76	-200.00
336.76	-202.00
336.76	-222.00
336.76	-200.00
336.76	-200.00
336.76	-195.33
336.76	-202.00
336.77	-230.66
336.77	-210.00
336.77	-236.00
336.77	-240.00
336.77	-218.00
336.77	-200.00
336.77	-200.00
336.77	-200.00
336.78	-196.67
336.78	-194.67
336.78	-209.34
336.78	-240.00
336.78	-205.33
336.78	-200.00
336.78	-207.33
336.78	-198.00
336.79	-222.00
336.79	-190.66
336.79	-160.00
336.79	-190.66
336.79	-218.00
336.79	-200.00
336.79	-194.67
336.79	-200.66
336.79	-202.67
336.80	-205.33
336.80	-202.67
336.80	-200.00
336.80	-214.67
336.80	-220.66
336.80	-200.66
336.80	-238.00
336.80	-223.33
336.81	-208.00
336.81	-218.00
336.81	-204.67
336.81	-208.66
336.81	-200.66
336.81	-190.00
336.81	-169.34
336.81	-193.33
336.82	-177.33
336.82	-211.34
336.82	-207.33
336.82	-216.67
336.82	-201.34
336.82	-200.00
336.82	-202.00
336.82	-204.00
336.82	-204.00
336.83	-220.00
336.83	-200.00
336.83	-219.34
336.83	-200.00
336.83	-200.00
336.83	-190.66
336.83	-160.00
336.83	-160.00
336.84	-167.33
336.84	-160.00
336.84	-160.00
336.84	-168.00
336.84	-219.34
336.84	-207.33
336.84	-212.00
336.84	-221.34
336.84	-200.00
336.85	-202.67
336.85	-194.67
336.85	-204.67
336.85	-200.00
336.85	-202.67
336.85	-228.66
336.85	-216.67
336.85	-239.34
336.86	-224.67
336.86	-190.66
336.86	-196.00
336.86	-200.00
336.86	-181.34
336.86	-166.00
336.86	-181.34
336.86	-170.00
336.87	-202.67
336.87	-192.67
336.87	-180.00
336.87	-174.00
336.87	-168.00
336.87	-200.66
336.87	-215.33
336.87	-212.00
336.87	-179.34
336.88	-162.67
336.88	-160.00
336.88	-190.66
336.88	-204.67
336.88	-211.34
336.88	-200.00
336.88	-204.67
336.88	-216.00
336.89	-234.00
336.89	-194.00
336.89	-173.33
336.89	-224.00
336.89	-192.00
336.89	-196.00
336.89	-164.00
336.89	-157.33
336.89	-175.33
336.90	-160.00
336.90	-160.00
336.90	-150.66
336.90	-185.33
336.90	-160.66
336.90	-186.67
336.90	-196.67
336.90	-188.66
336.91	-200.00
336.91	-206.00
336.91	-193.33
336.91	-161.34
336.91	-170.00
336.91	-166.00
336.91	-160.00
336.91	-190.00
336.92	-160.00
336.92	-198.66
336.92	-225.33
336.92	-170.00
336.92	-160.00
336.92	-200.00
336.92	-181.34
336.92	-178.00
336.92	-200.00
336.93	-170.66
336.93	-200.66
336.93	-212.67
336.93	-200.00
336.93	-201.34
336.93	-210.00
336.93	-176.67
336.93	-160.00
336.94	-160.00
336.94	-194.67
336.94	-200.66
336.94	-222.67
336.94	-232.67
336.94	-206.00
336.94	-200.00
336.94	-200.00
336.95	-200.00
336.95	-170.00
336.95	-184.67
336.95	-214.00
336.95	-178.66
336.95	-160.00
336.95	-181.34
336.95	-194.67
336.95	-164.00
336.96	-200.00
336.96	-200.00
336.96	-160.00
336.96	-160.00
336.96	-160.00
336.96	-160.00
336.96	-120.00
336.96	-124.00
336.97	-160.00
336.97	-160.00
336.97	-160.00
336.97	-172.67
336.97	-179.34
336.97	-192.00
336.97	-160.00
336.97	-160.00
336.97	-164.67
336.98	-198.00
336.98	-201.34
336.98	-200.66
336.98	-200.00
336.98	-170.66
336.98	-160.00
336.98	-160.00
336.98	-200.66
336.99	-205.33
336.99	-181.34
336.99	-160.00
336.99	-160.00
336.99	-160.00
336.99	-160.00
336.99	-134.00
336.99	-142.00
337.00	-160.00
337.00	-160.00
337.00	-154.00
337.00	-160.00
337.00	-160.00
337.00	-175.33
337.00	-177.33
337.00	-173.33
337.00	-160.00
337.01	-160.00
337.01	-176.67
337.01	-200.00
337.01	-188.66
337.01	-160.00
337.01	-160.00
337.01	-149.34
337.01	-194.00
337.02	-200.00
337.02	-168.66
337.02	-160.00
337.02	-160.00
337.02	-160.00
337.02	-156.00
337.02	-142.00
337.02	-153.33
337.02	-160.00
337.03	-160.00
337.03	-173.33
337.03	-166.67
337.03	-160.00
337.03	-160.00
337.03	-160.00
337.03	-149.34
337.03	-139.34
337.04	-120.00
337.04	-147.33
337.04	-144.00
337.04	-167.33
337.04	-172.00
337.04	-174.00
337.04	-160.00
337.04	-160.00
337.05	-160.00
337.05	-160.00
337.05	-132.67
337.05	-146.67
337.05	-158.00
337.05	-136.00
337.05	-164.00
337.05	-159.34
337.05	-126.67
337.06	-133.33
337.06	-160.00
337.06	-160.00
337.06	-160.00
337.06	-146.00
337.06	-160.00
337.06	-160.00
337.06	-160.00
337.07	-175.33
337.07	-200.00
337.07	-164.00
337.07	-160.00
337.07	-171.34
337.07	-160.00
337.07	-131.34
337.07	-120.00
337.07	-149.34
337.08	-160.00
337.08	-143.33
337.08	-160.00
337.08	-160.00
337.08	-160.00
337.08	-174.00
337.08	-131.34
337.08	-120.00
337.09	-132.67
337.09	-120.00
337.09	-157.33
337.09	-160.00
337.09	-147.33
337.09	-160.00
337.09	-179.34
337.09	-160.00
337.10	-160.00
337.10	-194.67
337.10	-164.00
337.10	-160.00
337.10	-168.66
337.10	-188.66
337.10	-178.00
337.10	-143.33
337.10	-120.00
337.11	-120.00
337.11	-120.00
337.11	-120.00
337.11	-119.34
337.11	-120.00
337.11	-154.00
337.11	-194.67
337.11	-169.34
337.12	-160.00
337.12	-160.00
337.12	-132.00
337.12	-149.34
337.12	-157.33
337.12	-160.00
337.12	-140.66
337.12	-151.34
337.13	-160.00
337.13	-154.67
337.13	-140.00
337.13	-132.00
337.13	-120.00
337.13	-135.33
337.13	-166.67
337.13	-124.67
337.13	-119.34
337.14	-120.00
337.14	-120.00
337.14	-120.00
337.14	-148.00
337.14	-121.34
337.14	-130.00
337.14	-120.00
337.14	-126.67
337.15	-120.00
337.15	-122.67
337.15	-146.00
337.15	-120.00
337.15	-114.67
337.15	-114.67
337.15	-120.00
337.15	-120.00
337.15	-158.66
337.16	-160.00
337.16	-136.67
337.16	-120.00
337.16	-136.67
337.16	-120.00
337.16	-139.34
337.16	-118.00
337.16	-123.33
337.17	-148.00
337.17	-128.66
337.17	-159.34
337.17	-156.00
337.17	-128.66
337.17	-119.34
337.17	-120.00
337.17	-120.00
337.18	-120.00
337.18	-118.00
337.18	-119.34
337.18	-115.33
337.18	-128.66
337.18	-119.34
337.18	-120.00
337.18	-120.00
337.18	-118.66
337.19	-120.00
337.19	-120.00
337.19	-118.00
337.19	-120.00
337.19	-118.00
337.19	-114.00
337.19	-120.00
337.19	-120.00
337.20	-120.00
337.20	-120.00
337.20	-112.67
337.20	-102.00
337.20	-88.66
337.20	-92.00
337.20	-104.67
337.20	-106.00
337.20	-116.00
337.21	-111.34
337.21	-104.67
337.21	-119.34
337.21	-115.33
337.21	-100.66
337.21	-104.67
337.21	-120.00
337.21	-115.33
337.22	-114.67
337.22	-119.34
337.22	-120.00
337.22	-120.00
337.22	-120.00
337.22	-120.00
337.22	-134.00
337.22	-132.00
337.23	-120.00
337.23	-120.00
337.23	-120.00
337.23	-120.00
337.23	-116.00
337.23	-116.00
337.23	-112.00
337.23	-106.00
337.23	-93.33
337.24	-98.00
337.24	-107.33
337.24	-98.66
337.24	-81.34
337.24	-113.33
337.24	-118.66
337.24	-114.00
337.24	-120.00
337.25	-110.00
337.25	-114.67
337.25	-105.33
337.25	-106.00
337.25	-97.33
337.25	-99.34
337.25	-106.00
337.25	-100.66
337.26	-96.67
337.26	-96.00
337.26	-90.66
337.26	-75.33
337.26	-98.66
337.26	-86.67
337.26	-112.00
337.26	-113.33
337.26	-91.34
337.27	-84.67
337.27	-95.33
337.27	-94.67
337.27	-82.00
337.27	-86.00
337.27	-80.00
337.27	-52.67
337.27	-40.00
337.28	-40.00
337.28	-42.67
337.28	-82.67
337.28	-84.00
337.28	-83.33
337.28	-72.67
337.28	-86.00
337.28	-70.00
337.28	-88.66
337.29	-98.00
337.29	-60.66
337.29	-81.34
337.29	-88.66
337.29	-76.67
337.29	-64.67
337.29	-52.67
337.29	-76.67
337.30	-82.00
337.30	-70.66
337.30	-54.67
337.30	-74.67
337.30	-82.00
337.30	-86.00
337.30	-85.33
337.30	-43.33
337.31	-57.33
337.31	-40.00
337.31	-40.00
337.31	-61.34
337.31	-40.00
337.31	-42.00
337.31	-60.66
337.31	-41.34
337.31	-40.00
337.32	-46.67
337.32	-43.33
337.32	-49.34
337.32	-50.66
337.32	-66.67
337.32	-78.00
337.32	-78.66
337.32	-76.67
337.33	-52.00
337.33	-48.00
337.33	-44.00
337.33	-40.00
337.33	-54.67
337.33	-70.66
337.33	-79.34
337.33	-59.34
337.33	-40.00
337.34	-65.33
337.34	-50.00
337.34	-40.00
337.34	-40.00
337.34	-40.00
337.34	-48.00
337.34	-40.00
337.34	-40.00
337.35	-40.00
337.35	-40.00
337.35	-40.00
337.35	-40.00
337.35	-40.66
337.35	-40.00
337.35	-40.00
337.35	-54.67
337.36	-45.33
337.36	-46.67
337.36	-40.00
337.36	-40.00
337.36	-4.67
337.36	0.00
337.36	0.00
337.36	-37.33
337.36	-40.00
337.37	-53.33
337.37	-74.67
337.37	-42.67
337.37	-40.00
337.37	-22.67
337.37	0.00
337.37	0.00
337.37	0.00
337.38	2.00
337.38	0.67
337.38	0.00
337.38	0.00
337.38	0.00
337.38	0.00
337.38	0.00
337.38	0.00
337.38	6.00
337.39	3.33
337.39	1.33
337.39	0.67
337.39	4.00
337.39	31.33
337.39	9.33
337.39	30.67
337.39	52.00
337.40	45.33
337.40	54.67
337.40	51.33
337.40	4.00
337.40	0.00
337.40	0.00
337.40	8.00
337.40	24.67
337.41	36.67
337.41	36.67
337.41	22.67
337.41	30.00
337.41	32.00
337.41	55.33
337.41	68.00
337.41	59.33
337.41	46.67
337.42	58.00
337.42	58.00
337.42	50.00
337.42	52.00
337.42	56.00
337.42	75.33
337.42	82.67
337.42	80.00
337.43	80.00
337.43	80.00
337.43	80.00
337.43	80.67
337.43	80.00
337.43	80.00
337.43	80.00
337.43	92.00
337.44	93.33
337.44	79.33
337.44	62.67
337.44	70.67
337.44	80.00
337.44	112.00
337.44	120.00
337.44	84.00
337.44	85.33
337.45	80.67
337.45	86.00
337.45	119.33
337.45	120.00
337.45	111.33
337.45	86.67
337.45	80.00
337.45	104.00
337.46	106.67
337.46	120.00
337.46	120.00
337.46	87.33
337.46	112.67
337.46	120.00
337.46	120.00
337.46	120.00
337.46	120.00
337.47	124.00
337.47	146.00
337.47	141.33
337.47	135.33
337.47	126.67
337.47	124.00
337.47	150.67
337.47	120.00
337.48	148.00
337.48	155.33
337.48	186.67
337.48	178.00
337.48	173.33
337.48	170.00
337.48	166.67
337.48	207.33
337.49	222.00
337.49	216.67
337.49	207.33
337.49	197.33
337.49	169.33
337.49	194.00
337.49	188.67
337.49	172.00
337.49	171.33
337.50	214.67
337.50	233.33
337.50	231.33
337.50	219.33
337.50	225.33
337.50	238.67
337.50	235.33
337.50	233.33
337.51	240.00
337.51	240.00
337.51	240.00
337.51	240.00
337.51	240.00
337.51	247.33
337.51	244.00
337.51	280.00
337.51	253.33
337.52	260.00
337.52	256.67
337.52	279.33
337.52	280.00
337.52	280.67
337.52	280.00
337.52	304.67
337.52	292.00
337.53	312.67
337.53	322.67
337.53	320.00
337.53	312.00
337.53	300.00
337.53	315.33
337.53	320.00
337.53	320.67
337.54	320.00
337.54	280.67
337.54	309.33
337.54	326.00
337.54	360.00
337.54	361.33
337.54	367.33
337.54	369.33
337.54	359.33
337.55	363.33
337.55	380.67
337.55	398.00
337.55	400.00
337.55	400.00
337.55	412.67
337.55	400.00
337.55	399.33
337.56	398.67
337.56	400.00
337.56	400.67
337.56	428.00
337.56	440.67
337.56	440.67
337.56	440.00
337.56	440.00
337.56	450.00
337.57	458.67
337.57	480.00
337.57	452.67
337.57	478.67
337.57	480.00
337.57	491.33
337.57	486.00
337.57	519.33
337.58	493.33
337.58	504.00
337.58	538.67
337.58	544.67
337.58	555.33
337.58	556.00
337.58	560.67
337.58	577.33
337.59	568.67
337.59	568.00
337.59	564.00
337.59	589.33
337.59	600.00
337.59	601.33
337.59	600.00
337.59	608.00
337.59	600.00
337.60	617.33
337.60	637.33
337.60	669.33
337.60	650.00
337.60	640.00
337.60	670.00
337.60	699.33
337.60	698.00
337.61	712.67
337.61	716.67
337.61	703.33
337.61	720.00
337.61	720.67
337.61	727.33
337.61	753.33
337.61	760.00
337.62	760.00
337.62	760.00
337.62	760.00
337.62	786.00
337.62	812.00
337.62	837.33
337.62	831.33
337.62	852.67
337.62	842.67
337.63	854.67
337.63	880.00
337.63	880.00
337.63	880.00
337.63	880.00
337.63	880.00
337.63	918.00
337.63	916.00
337.64	920.00
337.64	920.00
337.64	932.67
337.64	960.00
337.64	965.33
337.64	982.00
337.64	995.33
337.64	1028.00
337.64	1040.00
337.65	1041.33
337.65	1040.00
337.65	1068.67
337.65	1080.00
337.65	1080.00
337.65	1083.33
337.65	1100.00
337.65	1146.00
337.66	1144.00
337.66	1168.67
337.66	1200.00
337.66	1200.00
337.66	1210.67
337.66	1200.00
337.66	1220.00
337.66	1254.67
337.67	1276.00
337.67	1248.00
337.67	1302.67
337.67	1296.67
337.67	1327.33
337.67	1358.00
337.67	1360.00
337.67	1360.00
337.67	1360.00
337.68	1395.33
337.68	1402.00
337.68	1418.67
337.68	1420.67
337.68	1440.67
337.68	1479.33
337.68	1494.67
337.68	1524.00
337.69	1534.00
337.69	1539.33
337.69	1560.00
337.69	1588.67
337.69	1632.67
337.69	1646.67
337.69	1661.33
337.69	1676.67
337.69	1680.00
337.70	1708.67
337.70	1720.00
337.70	1720.00
337.70	1775.33
337.70	1801.33
337.70	1833.33
337.70	1848.00
337.70	1862.00
337.71	1882.00
337.71	1913.33
337.71	1934.00
337.71	1966.00
337.71	1982.67
337.71	1999.33
337.71	2000.00
337.71	2030.00
337.72	2050.67
337.72	2107.33
337.72	2120.00
337.72	2144.00
337.72	2184.00
337.72	2200.00
337.72	2207.33
337.72	2266.67
337.72	2272.00
337.73	2306.67
337.73	2320.00
337.73	2339.33
337.73	2360.00
337.73	2412.00
337.73	2448.67
337.73	2478.00
337.73	2480.00
337.74	2507.33
337.74	2524.67
337.74	2589.33
337.74	2639.33
337.74	2640.00
337.74	2652.67
337.74	2681.33
337.74	2731.33
337.75	2784.00
337.75	2806.67
337.75	2829.33
337.75	2854.00
337.75	2892.67
337.75	2912.67
337.75	2952.00
337.75	2981.33
337.75	3042.67
337.76	3100.67
337.76	3118.00
337.76	3157.33
337.76	3192.67
337.76	3215.33
337.76	3273.33
337.76	3280.00
337.76	3292.67
337.77	3363.33
337.77	3401.33
337.77	3436.00
337.77	3471.33
337.77	3495.33
337.77	3550.00
337.77	3580.67
337.77	3599.33
337.77	3640.00
337.78	3663.33
337.78	3727.33
337.78	3792.00
337.78	3800.00
337.78	3862.67
337.78	3900.00
337.78	3920.00
337.78	3960.00
337.79	3975.33
337.79	4020.67
337.79	4107.33
337.79	4120.00
337.79	4174.00
337.79	4240.00
337.79	4276.00
337.79	4295.33
337.80	4341.33
337.80	4390.67
337.80	4439.33
337.80	4464.67
337.80	4498.00
337.80	4576.67
337.80	4576.00
337.80	4606.00
337.80	4650.67
337.81	4692.00
337.81	4736.00
337.81	4767.33
337.81	4808.67
337.81	4846.00
337.81	4876.67
337.81	4910.00
337.81	4958.00
337.82	4968.67
337.82	5030.00
337.82	5049.33
337.82	5079.33
337.82	5114.67
337.82	5166.00
337.82	5183.33
337.82	5218.67
337.82	5240.00
337.83	5246.67
337.83	5280.67
337.83	5302.67
337.83	5318.00
337.83	5348.67
337.83	5341.33
337.83	5363.33
337.83	5381.33
337.84	5400.00
337.84	5400.00
337.84	5409.33
337.84	5450.67
337.84	5474.00
337.84	5476.67
337.84	5474.00
337.84	5488.67
337.85	5496.67
337.85	5489.33
337.85	5491.33
337.85	5482.00
337.85	5468.67
337.85	5449.33
337.85	5464.67
337.85	5436.67
337.85	5400.00
337.86	5397.33
337.86	5362.00
337.86	5340.00
337.86	5326.00
337.86	5318.00
337.86	5254.67
337.86	5240.00
337.86	5234.00
337.87	5162.00
337.87	5102.00
337.87	5058.00
337.87	4977.33
337.87	4944.67
337.87	4883.33
337.87	4784.00
337.87	4744.67
337.87	4634.00
337.88	4556.00
337.88	4524.67
337.88	4434.67
337.88	4378.67
337.88	4296.00
337.88	4189.33
337.88	4113.33
337.88	4014.67
337.89	3913.33
337.89	3826.00
337.89	3689.33
337.89	3593.33
337.89	3502.67
337.89	3343.33
337.89	3218.67
337.89	3097.33
337.90	2957.33
337.90	2843.33
337.90	2719.33
337.90	2587.33
337.90	2472.00
337.90	2292.67
337.90	2183.33
337.90	2070.00
337.90	1890.67
337.91	1797.33
337.91	1648.00
337.91	1450.00
337.91	1352.67
337.91	1153.33
337.91	1003.33
337.91	880.67
337.91	688.00
337.92	578.00
337.92	416.67
337.92	232.00
337.92	96.67
337.92	-106.00
337.92	-284.67
337.92	-397.33
337.92	-598.00
337.93	-730.66
337.93	-858.00
337.93	-1100.00
337.93	-1214.67
337.93	-1344.00
337.93	-1530.00
337.93	-1638.66
337.93	-1836.67
337.93	-2011.34
337.94	-2127.33
337.94	-2307.33
337.94	-2422.67
337.94	-2552.67
337.94	-2727.33
337.94	-2829.34
337.94	-3007.33
337.94	-3137.33
337.95	-3217.33
337.95	-3370.66
337.95	-3466.67
337.95	-3574.67
337.95	-3746.67
337.95	-3848.00
337.95	-3960.00
337.95	-4091.34
337.95	-4166.00
337.96	-4296.67
337.96	-4396.67
337.96	-4466.00
337.96	-4587.33
337.96	-4656.67
337.96	-4752.67
337.96	-4854.67
337.96	-4889.34
337.97	-4982.67
337.97	-5061.34
337.97	-5097.33
337.97	-5193.33
337.97	-5276.00
337.97	-5324.00
337.97	-5371.34
337.97	-5399.34
337.98	-5482.00
337.98	-5525.33
337.98	-5549.34
337.98	-5620.66
337.98	-5631.34
337.98	-5630.00
337.98	-5690.66
337.98	-5714.67
337.98	-5762.67
337.99	-5776.67
337.99	-5777.33
337.99	-5799.34
337.99	-5826.67
337.99	-5836.67
337.99	-5831.34
337.99	-5856.67
337.99	-5841.34
338.00	-5843.33
338.00	-5841.34
338.00	-5804.67
338.00	-5810.00
338.00	-5820.66
338.00	-5818.00
338.00	-5815.33
338.00	-5800.00
338.00	-5796.00
338.01	-5768.66
338.01	-5760.66
338.01	-5736.67
338.01	-5720.00
338.01	-5709.34
338.01	-5699.34
338.01	-5682.67
338.01	-5645.33
338.02	-5604.00
338.02	-5614.00
338.02	-5561.34
338.02	-5574.67
338.02	-5534.67
338.02	-5482.00
338.02	-5480.00
338.02	-5413.33
338.03	-5400.00
338.03	-5374.00
338.03	-5312.00
338.03	-5261.34
338.03	-5239.34
338.03	-5220.00
338.03	-5200.00
338.03	-5155.33
338.03	-5102.00
338.04	-5103.33
338.04	-5056.67
338.04	-5030.00
338.04	-4999.34
338.04	-4960.00
338.04	-4944.67
338.04	-4900.66
338.04	-4870.66
338.05	-4840.00
338.05	-4768.66
338.05	-4723.33
338.05	-4687.33
338.05	-4644.00
338.05	-4592.00
338.05	-4566.67
338.05	-4512.67
338.05	-4484.67
338.06	-4440.66
338.06	-4407.33
338.06	-4368.00
338.06	-4344.67
338.06	-4284.00
338.06	-4258.00
338.06	-4224.67
338.06	-4196.67
338.07	-4138.00
338.07	-4087.33
338.07	-4044.67
338.07	-4015.33
338.07	-3966.67
338.07	-3948.66
338.07	-3893.33
338.07	-3880.00
338.08	-3837.33
338.08	-3786.67
338.08	-3748.00
338.08	-3708.66
338.08	-3664.00
338.08	-3640.00
338.08	-3640.00
338.08	-3630.00
338.08	-3566.67
338.09	-3527.33
338.09	-3497.33
338.09	-3476.67
338.09	-3430.66
338.09	-3400.00
338.09	-3353.33
338.09	-3309.34
338.09	-3317.33
338.10	-3257.33
338.10	-3235.33
338.10	-3224.00
338.10	-3184.00
338.10	-3151.34
338.10	-3116.67
338.10	-3080.00
338.10	-3080.00
338.11	-3014.00
338.11	-2958.66
338.11	-2958.00
338.11	-2920.00
338.11	-2879.34
338.11	-2844.67
338.11	-2834.67
338.11	-2808.00
338.11	-2790.00
338.12	-2760.00
338.12	-2726.67
338.12	-2690.66
338.12	-2667.33
338.12	-2626.67
338.12	-2608.66
338.12	-2600.00
338.12	-2596.00
338.13	-2543.33
338.13	-2520.00
338.13	-2516.67
338.13	-2504.67
338.13	-2508.66
338.13	-2460.66
338.13	-2436.00
338.13	-2399.34
338.13	-2360.00
338.14	-2344.67
338.14	-2337.33
338.14	-2294.00
338.14	-2280.00
338.14	-2232.00
338.14	-2209.34
338.14	-2200.00
338.14	-2193.33
338.15	-2194.67
338.15	-2154.67
338.15	-2120.00
338.15	-2094.00
338.15	-2064.67
338.15	-2047.33
338.15	-2040.00
338.15	-2028.66
338.16	-2010.66
338.16	-1984.00
338.16	-1966.67
338.16	-1964.00
338.16	-1943.33
338.16	-1908.66
338.16	-1926.67
338.16	-1884.00
338.16	-1866.00
338.17	-1856.67
338.17	-1832.00
338.17	-1800.00
338.17	-1813.33
338.17	-1760.00
338.17	-1736.67
338.17	-1748.00
338.17	-1750.00
338.18	-1708.66
338.18	-1714.67
338.18	-1702.00
338.18	-1692.67
338.18	-1677.33
338.18	-1640.00
338.18	-1640.00
338.18	-1645.33
338.18	-1640.00
338.19	-1636.00
338.19	-1620.00
338.19	-1574.00
338.19	-1552.00
338.19	-1547.33
338.19	-1550.66
338.19	-1534.00
338.19	-1532.67
338.20	-1511.34
338.20	-1480.00
338.20	-1480.00
338.20	-1478.00
338.20	-1442.67
338.20	-1443.33
338.20	-1406.67
338.20	-1395.33
338.21	-1395.33
338.21	-1390.66
338.21	-1396.00
338.21	-1380.66
338.21	-1331.34
338.21	-1320.00
338.21	-1356.67
338.21	-1354.00
338.21	-1332.00
338.22	-1348.00
338.22	-1324.00
338.22	-1290.66
338.22	-1280.00
338.22	-1275.33
338.22	-1243.33
338.22	-1240.00
338.22	-1240.00
338.23	-1224.00
338.23	-1212.67
338.23	-1226.67
338.23	-1216.67
338.23	-1219.34
338.23	-1203.33
338.23	-1188.66
338.23	-1160.00
338.24	-1158.00
338.24	-1160.00
338.24	-1122.00
338.24	-1120.00
338.24	-1115.33
338.24	-1110.00
338.24	-1080.00
338.24	-1080.66
338.24	-1071.34
338.25	-1079.34
338.25	-1079.34
338.25	-1077.33
338.25	-1064.67
338.25	-1059.34
338.25	-1027.33
338.25	-1049.34
338.25	-1052.67
338.26	-1002.67
338.26	-1030.00
338.26	-1048.66
338.26	-1002.67
338.26	-1018.00
338.26	-1002.00
338.26	-983.33
338.26	-960.00
338.26	-950.66
338.27	-960.00
338.27	-956.00
338.27	-960.00
338.27	-950.00
338.27	-933.33
338.27	-944.00
338.27	-928.66
338.27	-938.66
338.28	-927.33
338.28	-913.33
338.28	-898.00
338.28	-892.00
338.28	-899.34
338.28	-888.66
338.28	-892.00
338.28	-856.67
338.29	-890.66
338.29	-898.66
338.29	-894.67
338.29	-896.67
338.29	-898.66
338.29	-852.67
338.29	-844.00
338.29	-801.34
338.29	-830.00
338.30	-840.00
338.30	-823.33
338.30	-840.00
338.30	-815.33
338.30	-800.00
338.30	-803.33
338.30	-792.67
338.30	-816.00
338.31	-789.34
338.31	-760.00
338.31	-759.34
338.31	-760.00
338.31	-757.33
338.31	-759.34
338.31	-760.00
338.31	-765.33
338.31	-759.34
338.32	-756.00
338.32	-757.33
338.32	-754.67
338.32	-759.34
338.32	-758.66
338.32	-748.66
338.32	-736.67
338.32	-735.33
338.33	-705.33
338.33	-734.67
338.33	-736.67
338.33	-728.66
338.33	-716.67
338.33	-680.66
338.33	-688.66
338.33	-696.00
338.34	-666.67
338.34	-682.00
338.34	-669.34
338.34	-662.67
338.34	-657.33
338.34	-662.00
338.34	-652.67
338.34	-652.67
338.34	-662.67
338.35	-666.00
338.35	-660.66
338.35	-656.00
338.35	-657.33
338.35	-650.00
338.35	-615.33
338.35	-642.00
338.35	-631.34
338.36	-601.34
338.36	-638.66
338.36	-609.34
338.36	-599.34
338.36	-596.67
338.36	-600.00
338.36	-590.00
338.36	-596.67
338.36	-599.34
338.37	-595.33
338.37	-582.67
338.37	-614.67
338.37	-603.33
338.37	-596.00
338.37	-592.67
338.37	-598.00
338.37	-598.66
338.38	-573.33
338.38	-574.67
338.38	-580.66
338.38	-586.67
338.38	-582.67
338.38	-580.66
338.38	-590.66
338.38	-571.34
338.39	-565.33
338.39	-530.66
338.39	-558.66
338.39	-570.00
338.39	-569.34
338.39	-567.33
338.39	-574.00
338.39	-568.00
338.39	-561.34
338.40	-558.66
338.40	-524.67
338.40	-520.00
338.40	-520.00
338.40	-520.00
338.40	-530.00
338.40	-532.67
338.40	-560.00
338.41	-527.33
338.41	-556.00
338.41	-547.33
338.41	-535.33
338.41	-531.34
338.41	-525.33
338.41	-544.67
338.41	-556.00
338.42	-558.00
338.42	-555.33
338.42	-513.33
338.42	-485.33
338.42	-494.67
338.42	-482.67
338.42	-458.66
338.42	-480.00
338.42	-473.33
338.43	-480.00
338.43	-470.66
338.43	-480.00
338.43	-462.67
338.43	-472.00
338.43	-482.00
338.43	-480.00
338.43	-480.00
338.44	-475.33
338.44	-480.00
338.44	-480.00
338.44	-480.00
338.44	-480.00
338.44	-453.33
338.44	-457.33
338.44	-480.00
338.44	-470.00
338.45	-478.66
338.45	-477.33
338.45	-472.67
338.45	-473.33
338.45	-469.34
338.45	-460.66
338.45	-454.67
338.45	-438.00
338.46	-438.00
338.46	-440.66
338.46	-470.00
338.46	-462.00
338.46	-440.00
338.46	-440.00
338.46	-470.00
338.46	-463.33
338.47	-480.00
338.47	-450.66
338.47	-440.00
338.47	-440.00
338.47	-440.00
338.47	-440.00
338.47	-440.00
338.47	-445.33
338.47	-440.00
338.48	-436.00
338.48	-439.34
338.48	-444.67
338.48	-443.33
338.48	-434.67
338.48	-426.67
338.48	-421.34
338.48	-412.67
338.49	-424.67
338.49	-441.34
338.49	-438.66
338.49	-432.00
338.49	-440.00
338.49	-436.67
338.49	-433.33
338.49	-447.33
338.49	-447.33
338.50	-436.00
338.50	-436.00
338.50	-432.00
338.50	-419.34
338.50	-418.00
338.50	-398.66
338.50	-403.33
338.50	-402.67
338.51	-396.67
338.51	-401.34
338.51	-372.00
338.51	-390.00
338.51	-414.00
338.51	-420.00
338.51	-394.00
338.51	-382.67
338.52	-379.34
338.52	-387.33
338.52	-397.33
338.52	-363.33
338.52	-360.00
338.52	-384.67
338.52	-399.34
338.52	-394.67
338.52	-395.33
338.53	-376.67
338.53	-387.33
338.53	-403.33
338.53	-413.33
338.53	-376.67
338.53	-360.00
338.53	-360.00
338.53	-360.00
338.54	-360.00
338.54	-372.67
338.54	-388.00
338.54	-395.33
338.54	-360.00
338.54	-386.67
338.54	-360.00
338.54	-388.66
338.55	-403.33
338.55	-399.34
338.55	-370.00
338.55	-360.00
338.55	-389.34
338.55	-365.33
338.55	-360.00
338.55	-362.67
338.55	-370.00
338.56	-360.00
338.56	-364.67
338.56	-362.00
338.56	-396.00
338.56	-369.34
338.56	-364.00
338.56	-360.00
338.56	-366.00
338.57	-360.00
338.57	-360.00
338.57	-360.00
338.57	-364.67
338.57	-360.00
338.57	-360.66
338.57	-383.33
338.57	-381.34
338.57	-364.00
338.58	-395.33
338.58	-372.00
338.58	-368.00
338.58	-376.67
338.58	-355.33
338.58	-358.00
338.58	-358.00
338.58	-360.00
338.59	-361.34
338.59	-382.00
338.59	-366.67
338.59	-340.00
338.59	-290.00
338.59	-311.34
338.59	-320.00
338.59	-322.67
338.60	-335.33
338.60	-360.00
338.60	-365.33
338.60	-386.00
338.60	-365.33
338.60	-360.00
338.60	-330.66
338.60	-360.00
338.60	-332.67
338.61	-334.00
338.61	-339.34
338.61	-360.00
338.61	-372.67
338.61	-360.00
338.61	-324.00
338.61	-330.00
338.61	-360.00
338.62	-366.00
338.62	-360.00
338.62	-297.33
338.62	-284.67
338.62	-301.34
338.62	-306.00
338.62	-357.33
338.62	-361.34
338.62	-369.34
338.63	-346.00
338.63	-359.34
338.63	-369.34
338.63	-360.00
338.63	-361.34
338.63	-360.66
338.63	-364.00
338.63	-350.66
338.64	-329.34
338.64	-322.00
338.64	-320.00
338.64	-312.00
338.64	-320.00
338.64	-290.66
338.64	-289.34
338.64	-279.34
338.65	-288.00
338.65	-306.00
338.65	-308.66
338.65	-293.33
338.65	-313.33
338.65	-350.66
338.65	-363.33
338.65	-346.00
338.65	-347.33
338.66	-351.34
338.66	-360.00
338.66	-352.00
338.66	-354.00
338.66	-360.00
338.66	-351.34
338.66	-315.33
338.66	-280.00
338.67	-280.00
338.67	-280.00
338.67	-278.00
338.67	-280.00
338.67	-277.33
338.67	-274.67
338.67	-280.00
338.67	-280.00
338.67	-277.33
338.68	-280.00
338.68	-283.33
338.68	-329.34
338.68	-328.00
338.68	-358.66
338.68	-360.00
338.68	-360.00
338.68	-360.00
338.69	-360.00
338.69	-309.34
338.69	-280.00
338.69	-281.34
338.69	-280.66
338.69	-302.00
338.69	-342.00
338.69	-329.34
338.70	-287.33
338.70	-280.00
338.70	-284.67
338.70	-325.33
338.70	-340.66
338.70	-320.00
338.70	-338.66
338.70	-301.34
338.70	-302.00
338.71	-285.33
338.71	-280.00
338.71	-314.67
338.71	-305.33
338.71	-280.00
338.71	-296.67
338.71	-320.00
338.71	-314.00
338.72	-294.00
338.72	-330.66
338.72	-299.34
338.72	-280.00
338.72	-275.33
338.72	-265.33
338.72	-268.66
338.72	-280.00
338.73	-280.00
338.73	-280.00
338.73	-278.66
338.73	-304.00
338.73	-304.67
338.73	-296.00
338.73	-280.00
338.73	-284.00
338.73	-280.00
338.74	-282.67
338.74	-280.00
338.74	-277.33
338.74	-280.00
338.74	-274.67
338.74	-259.34
338.74	-268.66
338.74	-268.66
338.75	-258.66
338.75	-271.34
338.75	-269.34
338.75	-280.00
338.75	-280.00
338.75	-278.66
338.75	-278.00
338.75	-274.67
338.75	-280.00
338.76	-280.00
338.76	-279.34
338.76	-272.67
338.76	-280.00
338.76	-294.00
338.76	-292.00
338.76	-286.00
338.76	-280.00
338.77	-280.00
338.77	-269.34
338.77	-279.34
338.77	-281.34
338.77	-280.00
338.77	-329.34
338.77	-310.00
338.77	-266.67
338.78	-276.67
338.78	-280.00
338.78	-279.34
338.78	-278.00
338.78	-280.00
338.78	-276.67
338.78	-269.34
338.78	-280.00
338.78	-280.00
338.79	-298.00
338.79	-308.66
338.79	-286.00
338.79	-290.00
338.79	-281.34
338.79	-280.00
338.79	-276.67
338.79	-278.66
338.80	-278.00
338.80	-276.67
338.80	-263.33
338.80	-260.00
338.80	-270.66
338.80	-279.34
338.80	-280.00
338.80	-280.00
338.80	-280.00
338.81	-280.00
338.81	-280.00
338.81	-270.00
338.81	-270.00
338.81	-260.66
338.81	-260.66
338.81	-270.00
338.81	-280.00
338.82	-274.00
338.82	-274.00
338.82	-267.33
338.82	-259.34
338.82	-260.00
338.82	-262.67
338.82	-278.66
338.82	-264.67
338.83	-263.33
338.83	-274.00
338.83	-269.34
338.83	-266.00
338.83	-263.33
338.83	-276.00
338.83	-280.00
338.83	-268.00
338.83	-276.00
338.84	-270.66
338.84	-274.67
338.84	-262.00
338.84	-266.00
338.84	-269.34
338.84	-262.67
338.84	-264.67
338.84	-264.00
338.85	-258.00
338.85	-259.34
338.85	-256.67
338.85	-256.00
338.85	-260.00
338.85	-260.00
338.85	-265.33
338.85	-270.66
338.85	-263.33
338.86	-252.00
338.86	-257.33
338.86	-273.33
338.86	-271.34
338.86	-267.33
338.86	-272.00
338.86	-250.00
338.86	-262.00
338.87	-270.66
338.87	-268.00
338.87	-280.00
338.87	-272.67
338.87	-260.00
338.87	-259.34
338.87	-264.67
338.87	-278.00
338.88	-273.33
338.88	-256.00
338.88	-264.67
338.88	-264.00
338.88	-271.34
338.88	-267.33
338.88	-250.00
338.88	-261.34
338.88	-270.66
338.89	-268.66
338.89	-262.00
338.89	-276.00
338.89	-272.67
338.89	-264.00
338.89	-258.66
338.89	-265.33
338.89	-252.67
338.90	-254.67
338.90	-260.00
338.90	-277.33
338.90	-280.00
338.90	-276.00
338.90	-257.33
338.90	-245.33
338.90	-260.66
338.91	-278.00
338.91	-275.33
338.91	-280.00
338.91	-280.00
338.91	-262.67
338.91	-262.00
338.91	-276.67
338.91	-280.00
338.91	-272.00
338.92	-251.34
338.92	-210.00
338.92	-225.33
338.92	-246.00
338.92	-226.00
338.92	-218.00
338.92	-233.33
338.92	-256.00
338.93	-255.33
338.93	-254.00
338.93	-258.00
338.93	-245.33
338.93	-221.34
338.93	-240.66
338.93	-254.00
338.93	-250.00
338.93	-263.33
338.94	-279.34
338.94	-280.00
338.94	-268.00
338.94	-266.67
338.94	-266.00
338.94	-252.00
338.94	-257.33
338.94	-252.67
338.95	-258.66
338.95	-256.67
338.95	-246.00
338.95	-245.33
338.95	-260.66
338.95	-262.00
338.95	-242.00
338.95	-244.00
338.96	-243.33
338.96	-255.33
338.96	-250.00
338.96	-246.67
338.96	-257.33
338.96	-260.66
338.96	-272.00
338.96	-261.34
338.96	-259.34
338.97	-260.66
338.97	-247.33
338.97	-224.00
338.97	-260.00
338.97	-260.66
338.97	-260.00
338.97	-259.34
338.97	-260.66
338.98	-248.66
338.98	-259.34
338.98	-260.66
338.98	-252.67
338.98	-236.67
338.98	-257.33
338.98	-254.67
338.98	-261.34
338.98	-260.66
338.99	-270.00
338.99	-256.67
338.99	-260.00
338.99	-269.34
338.99	-260.66
338.99	-256.67
338.99	-260.00
338.99	-262.00
339.00	-260.66
339.00	-265.33
339.00	-271.34
339.00	-248.66
339.00	-236.00
339.00	-231.34
339.00	-230.66
339.00	-254.00
339.01	-259.34
339.01	-259.34
339.01	-253.33
339.01	-259.34
339.01	-259.34
339.01	-258.66
339.01	-253.33
339.01	-258.66
339.01	-261.34
339.02	-259.34
339.02	-267.33
339.02	-262.00
339.02	-252.00
339.02	-260.00
339.02	-260.00
339.02	-271.34
339.02	-278.00
339.03	-260.00
339.03	-264.67
339.03	-265.33
339.03	-257.33
339.03	-253.33
339.03	-256.00
339.03	-252.00
339.03	-227.33
339.04	-228.66
339.04	-200.00
339.04	-219.34
339.04	-226.00
339.04	-260.00
339.04	-266.00
339.04	-260.66
339.04	-265.33
339.04	-260.00
339.05	-260.66
339.05	-262.00
339.05	-260.00
339.05	-252.00
339.05	-260.66
339.05	-258.00
339.05	-258.00
339.05	-247.33
339.06	-254.00
339.06	-256.00
339.06	-226.67
339.06	-254.67
339.06	-236.00
339.06	-252.67
339.06	-261.34
339.06	-262.00
339.06	-247.33
339.07	-240.00
339.07	-259.34
339.07	-253.33
339.07	-259.34
339.07	-260.00
339.07	-260.66
339.07	-248.00
339.07	-228.00
339.08	-246.00
339.08	-254.67
339.08	-228.66
339.08	-204.67
339.08	-235.33
339.08	-249.34
339.08	-259.34
339.08	-256.00
339.09	-243.33
339.09	-260.00
339.09	-241.34
339.09	-248.66
339.09	-244.67
339.09	-234.67
339.09	-246.00
339.09	-217.33
339.09	-200.00
339.10	-210.66
339.10	-228.66
339.10	-251.34
339.10	-242.67
339.10	-239.34
339.10	-250.00
339.10	-259.34
339.10	-260.66
339.11	-262.00
339.11	-269.34
339.11	-255.33
339.11	-254.00
339.11	-237.33
339.11	-223.33
339.11	-241.34
339.11	-220.00
339.11	-230.66
339.12	-206.00
339.12	-200.00
339.12	-214.00
339.12	-228.00
339.12	-233.33
339.12	-258.66
339.12	-252.67
339.12	-213.33
339.13	-220.00
339.13	-239.34
339.13	-260.66
339.13	-252.00
339.13	-242.67
339.13	-208.66
339.13	-242.00
339.13	-246.00
339.14	-208.00
339.14	-202.00
339.14	-220.00
339.14	-241.34
339.14	-243.33
339.14	-278.66
339.14	-268.66
339.14	-218.66
339.14	-233.33
339.15	-255.33
339.15	-224.67
339.15	-236.00
339.15	-234.67
339.15	-204.00
339.15	-200.66
339.15	-232.00
339.15	-213.33
339.16	-226.67
339.16	-239.34
339.16	-255.33
339.16	-240.00
339.16	-236.00
339.16	-244.00
339.16	-232.00
339.16	-220.00
339.16	-254.00
339.17	-240.66
339.17	-252.00
339.17	-257.33
339.17	-231.34
339.17	-221.34
339.17	-247.33
339.17	-252.00
339.17	-242.67
339.18	-225.33
339.18	-248.66
339.18	-255.33
339.18	-263.33
339.18	-254.00
339.18	-260.00
339.18	-248.00
339.18	-201.34
339.19	-230.66
339.19	-237.33
339.19	-260.00
339.19	-256.00
339.19	-257.33
339.19	-244.00
339.19	-236.00
339.19	-206.00
339.19	-248.66
339.20	-260.00
339.20	-258.66
339.20	-246.00
339.20	-210.00
339.20	-216.00
339.20	-227.33
339.20	-228.00
339.20	-232.00
339.21	-206.00
339.21	-202.00
339.21	-227.33
339.21	-224.67
339.21	-216.67
339.21	-242.67
339.21	-256.00
339.21	-234.00
339.22	-243.33
339.22	-250.66
339.22	-256.00
339.22	-236.67
339.22	-260.00
339.22	-264.00
339.22	-270.00
339.22	-262.67
339.22	-260.00
339.23	-253.33
339.23	-226.67
339.23	-222.67
339.23	-234.67
339.23	-208.66
339.23	-228.00
339.23	-232.00
339.23	-203.33
339.24	-248.66
339.24	-243.33
339.24	-219.34
339.24	-214.00
339.24	-228.00
339.24	-217.33
339.24	-242.00
339.24	-247.33
339.24	-251.34
339.25	-238.00
339.25	-249.34
339.25	-256.67
339.25	-254.67
339.25	-259.34
339.25	-251.34
339.25	-229.34
339.25	-231.34
339.26	-246.67
339.26	-254.67
339.26	-216.67
339.26	-200.00
339.26	-224.67
339.26	-236.67
339.26	-233.33
339.26	-217.33
339.27	-216.00
339.27	-214.00
339.27	-200.00
339.27	-233.33
339.27	-244.67
339.27	-247.33
339.27	-222.00
339.27	-225.33
339.27	-246.67
339.28	-212.00
339.28	-242.67
339.28	-252.00
339.28	-229.34
339.28	-240.66
339.28	-262.67
339.28	-250.66
339.28	-250.00
339.29	-239.34
339.29	-200.00
339.29	-236.67
339.29	-253.33
339.29	-218.00
339.29	-217.33
339.29	-234.67
339.29	-245.33
339.29	-240.66
339.30	-231.34
339.30	-228.00
339.30	-249.34
339.30	-249.34
339.30	-236.67
339.30	-241.34
339.30	-210.00
339.30	-224.00
339.31	-256.67
339.31	-251.34
339.31	-260.00
339.31	-262.00
339.31	-257.33
339.31	-256.00
339.31	-240.66
339.31	-235.33
339.32	-221.34
339.32	-200.00
339.32	-204.67
339.32	-248.00
339.32	-241.34
339.32	-220.66
339.32	-237.33
339.32	-252.00
339.32	-251.34
339.33	-246.00
339.33	-232.67
339.33	-234.00
339.33	-201.34
339.33	-200.00
339.33	-210.00
339.33	-200.00
339.33	-200.00
339.34	-200.00
339.34	-208.00
339.34	-202.67
339.34	-229.34
339.34	-230.66
339.34	-240.66
339.34	-256.67
339.34	-257.33
339.35	-258.66
339.35	-258.00
339.35	-250.66
339.35	-254.67
339.35	-229.34
339.35	-216.67
339.35	-246.67
339.35	-257.33
339.35	-258.00
339.36	-246.67
339.36	-255.33
339.36	-200.66
339.36	-226.67
339.36	-208.00
339.36	-249.34
339.36	-248.00
339.36	-229.34
339.37	-243.33
339.37	-214.00
339.37	-234.00
339.37	-220.66
339.37	-200.00
339.37	-209.34
339.37	-234.00
339.37	-228.66
339.37	-212.67
339.38	-201.34
339.38	-233.33
339.38	-259.34
339.38	-258.00
339.38	-258.66
339.38	-261.34
339.38	-250.00
339.38	-218.66
339.39	-224.67
339.39	-211.34
339.39	-200.00
339.39	-200.00
339.39	-206.67
339.39	-224.67
339.39	-212.67
339.39	-208.66
339.40	-215.33
339.40	-208.66
339.40	-220.00
339.40	-200.00
339.40	-204.00
339.40	-234.00
339.40	-250.00
339.40	-232.67
339.40	-225.33
339.41	-200.00
339.41	-213.33
339.41	-219.34
339.41	-241.34
339.41	-256.00
339.41	-261.34
339.41	-246.00
339.41	-213.33
339.42	-200.00
339.42	-200.00
339.42	-218.00
339.42	-242.67
339.42	-253.33
339.42	-244.00
339.42	-238.00
339.42	-210.66
339.42	-225.33
339.43	-204.00
339.43	-226.67
339.43	-228.00
339.43	-210.66
339.43	-200.00
339.43	-200.00
339.43	-228.00
339.43	-239.34
339.44	-210.66
339.44	-200.66
339.44	-251.34
339.44	-234.00
339.44	-230.66
339.44	-219.34
339.44	-243.33
339.44	-210.00
339.45	-243.33
339.45	-218.00
339.45	-208.00
339.45	-200.00
339.45	-200.00
339.45	-210.00
339.45	-211.34
339.45	-212.67
339.45	-242.00
339.46	-247.33
339.46	-240.66
339.46	-249.34
339.46	-242.67
339.46	-226.00
339.46	-252.67
339.46	-245.33
339.46	-250.00
339.47	-258.66
339.47	-264.00
339.47	-260.00
339.47	-252.00
339.47	-232.67
339.47	-253.33
339.47	-254.00
339.47	-249.34
339.47	-218.66
339.48	-238.66
339.48	-222.00
339.48	-200.00
339.48	-210.66
339.48	-240.00
339.48	-212.67
339.48	-200.00
339.48	-222.67
339.49	-221.34
339.49	-244.00
339.49	-259.34
339.49	-250.66
339.49	-244.67
339.49	-247.33
339.49	-232.00
339.49	-245.33
339.50	-242.00
339.50	-233.33
339.50	-206.67
339.50	-224.67
339.50	-239.34
339.50	-231.34
339.50	-200.00
339.50	-218.00
339.50	-245.33
339.51	-236.67
339.51	-256.67
339.51	-249.34
339.51	-216.00
339.51	-200.00
339.51	-226.67
339.51	-258.00
339.51	-250.66
339.52	-232.00
339.52	-213.33
339.52	-200.00
339.52	-216.67
339.52	-227.33
339.52	-207.33
339.52	-227.33
339.52	-248.66
339.53	-240.00
339.53	-214.00
339.53	-200.00
339.53	-220.00
339.53	-257.33
339.53	-241.34
339.53	-227.33
339.53	-250.00
339.53	-242.00
339.54	-244.67
339.54	-212.00
339.54	-200.00
339.54	-200.00
339.54	-200.00
339.54	-214.67
339.54	-206.67
339.54	-203.33
339.55	-242.00
339.55	-214.00
339.55	-215.33
339.55	-211.34
339.55	-216.00
339.55	-240.00
339.55	-254.00
339.55	-270.66
339.55	-261.34
339.56	-251.34
339.56	-206.00
339.56	-258.00
339.56	-241.34
339.56	-244.00
339.56	-257.33
339.56	-255.33
339.56	-240.66
339.57	-217.33
339.57	-242.67
339.57	-231.34
339.57	-211.34
339.57	-208.00
339.57	-232.00
339.57	-200.00
339.57	-202.67
339.58	-236.00
339.58	-250.00
339.58	-251.34
339.58	-248.66
339.58	-207.33
339.58	-206.00
339.58	-230.66
339.58	-227.33
339.58	-205.33
339.59	-200.00
339.59	-213.33
339.59	-236.67
339.59	-210.66
339.59	-254.00
339.59	-241.34
339.59	-212.67
339.59	-242.67
339.60	-258.66
339.60	-249.34
339.60	-247.33
339.60	-204.67
339.60	-200.00
339.60	-219.34
339.60	-251.34
339.60	-236.00
339.60	-237.33
339.61	-250.66
339.61	-257.33
339.61	-252.67
339.61	-229.34
339.61	-240.00
339.61	-240.00
339.61	-232.67
339.61	-237.33
339.62	-238.00
339.62	-254.00
339.62	-235.33
339.62	-250.66
339.62	-208.00
339.62	-250.00
339.62	-259.34
339.62	-249.34
339.63	-252.67
339.63	-257.33
339.63	-215.33
339.63	-224.00
339.63	-225.33
339.63	-245.33
339.63	-244.00
339.63	-243.33
339.63	-231.34
339.64	-212.00
339.64	-212.67
339.64	-238.66
339.64	-206.67
339.64	-220.00
339.64	-262.00
339.64	-258.66
339.64	-205.33
339.65	-206.00
339.65	-200.00
339.65	-200.00
339.65	-216.00
339.65	-230.00
339.65	-205.33
339.65	-200.00
339.65	-217.33
339.65	-216.67
339.66	-240.66
339.66	-246.00
339.66	-212.00
339.66	-217.33
339.66	-235.33
339.66	-208.00
339.66	-209.34
339.66	-206.67
339.67	-200.00
339.67	-204.00
339.67	-222.67
339.67	-240.00
339.67	-242.67
339.67	-207.33
339.67	-201.34
339.67	-238.00
339.68	-228.66
339.68	-200.00
339.68	-200.00
339.68	-200.66
339.68	-222.00
339.68	-217.33
339.68	-236.00
339.68	-236.67
339.68	-226.00
339.69	-200.00
339.69	-200.00
339.69	-202.67
339.69	-201.34
339.69	-231.34
339.69	-246.67
339.69	-256.00
339.69	-218.66
339.70	-200.00
339.70	-200.00
339.70	-223.33
339.70	-239.34
339.70	-252.67
339.70	-248.00
339.70	-234.00
339.70	-200.00
339.71	-200.00
339.71	-200.00
339.71	-200.00
339.71	-200.00
339.71	-206.00
339.71	-200.00
339.71	-200.00
339.71	-236.00
339.71	-233.33
339.72	-222.67
339.72	-200.00
339.72	-200.00
339.72	-206.00
339.72	-218.00
339.72	-212.67
339.72	-200.00
339.72	-230.00
339.73	-250.00
339.73	-261.34
339.73	-257.33
339.73	-260.00
339.73	-245.33
339.73	-256.00
339.73	-260.00
339.73	-211.34
339.73	-222.00
339.74	-215.33
339.74	-240.66
339.74	-250.00
339.74	-251.34
339.74	-215.33
339.74	-200.00
339.74	-210.66
339.74	-222.67
339.75	-237.33
339.75	-234.00
339.75	-214.67
339.75	-228.66
339.75	-206.00
339.75	-222.67
339.75	-200.00
339.75	-200.00
339.76	-200.00
339.76	-200.00
339.76	-206.00
339.76	-204.00
339.76	-242.00
339.76	-258.66
339.76	-238.66
339.76	-200.00
339.76	-203.33
339.77	-222.67
339.77	-238.66
339.77	-214.00
339.77	-242.67
339.77	-222.67
339.77	-203.33
339.77	-201.34
339.77	-224.00
339.78	-236.67
339.78	-258.66
339.78	-250.66
339.78	-238.66
339.78	-200.00
339.78	-209.34
339.78	-250.00
339.78	-236.00
339.78	-235.33
339.79	-242.67
339.79	-246.67
339.79	-254.00
339.79	-230.66
339.79	-205.33
339.79	-234.00
339.79	-217.33
339.79	-231.34
339.80	-241.34
339.80	-220.00
339.80	-204.67
339.80	-212.67
339.80	-238.66
339.80	-238.66
339.80	-200.66
339.80	-214.67
339.81	-248.66
339.81	-253.33
339.81	-202.67
339.81	-230.00
339.81	-203.33
339.81	-235.33
339.81	-200.66
339.81	-200.00
339.81	-200.66
339.82	-206.00
339.82	-224.67
339.82	-238.00
339.82	-238.66
339.82	-255.33
339.82	-226.67
339.82	-220.66
339.82	-200.00
339.83	-225.33
339.83	-212.67
339.83	-200.00
339.83	-215.33
339.83	-204.00
339.83	-200.00
339.83	-200.00
339.83	-208.00
339.84	-200.00
339.84	-200.00
339.84	-217.33
339.84	-200.00
339.84	-200.00
339.84	-224.67
339.84	-229.34
339.84	-200.00
339.84	-200.00
339.85	-200.00
339.85	-200.00
339.85	-206.67
339.85	-200.00
339.85	-200.00
339.85	-200.00
339.85	-225.33
339.85	-208.66
339.86	-204.00
339.86	-220.66
339.86	-203.33
339.86	-230.00
339.86	-212.00
339.86	-209.34
339.86	-200.00
339.86	-200.00
339.86	-205.33
339.87	-224.67
339.87	-259.34
339.87	-260.00
339.87	-260.00
339.87	-242.00
339.87	-207.33
339.87	-226.00
339.87	-203.33
339.88	-228.66
339.88	-241.34
339.88	-254.67
339.88	-238.00
339.88	-220.00
339.88	-204.00
339.88	-218.66
339.88	-242.00
339.89	-204.67
339.89	-200.66
339.89	-229.34
339.89	-222.67
339.89	-251.34
339.89	-234.00
339.89	-220.00
339.89	-240.66
339.89	-231.34
339.90	-204.00
339.90	-200.00
339.90	-200.00
339.90	-230.66
339.90	-216.00
339.90	-208.66
339.90	-204.67
339.90	-215.33
339.91	-200.00
339.91	-200.00
339.91	-196.67
339.91	-226.00
339.91	-247.33
339.91	-250.66
339.91	-206.67
339.91	-205.33
339.91	-227.33
339.92	-211.34
339.92	-235.33
339.92	-236.67
339.92	-226.67
339.92	-200.00
339.92	-200.00
339.92	-200.00
339.92	-238.00
339.93	-252.00
339.93	-238.66
339.93	-202.67
339.93	-213.33
339.93	-240.00
339.93	-224.67
339.93	-200.66
339.93	-213.33
339.94	-200.00
339.94	-200.00
339.94	-233.33
339.94	-251.34
339.94	-250.00
339.94	-253.33
339.94	-260.00
339.94	-260.00
339.94	-248.66
339.95	-257.33
339.95	-260.00
339.95	-245.33
339.95	-215.33
339.95	-217.33
339.95	-222.00
339.95	-211.34
339.95	-224.67
339.96	-214.67
339.96	-214.67
339.96	-242.67
339.96	-240.00
339.96	-202.00
339.96	-218.66
339.96	-246.67
339.96	-253.33
339.96	-240.00
339.97	-242.67
339.97	-254.00
339.97	-224.67
339.97	-204.00
339.97	-200.00
339.97	-216.00
339.97	-213.33
339.97	-232.00
339.98	-200.00
339.98	-200.00
339.98	-227.33
339.98	-200.00
339.98	-200.00
339.98	-205.33
339.98	-216.00
339.98	-214.67
339.99	-200.00
339.99	-200.00
339.99	-226.67
339.99	-222.67
339.99	-203.33
339.99	-200.00
339.99	-228.00
339.99	-236.00
339.99	-243.33
340.00	-238.66
340.00	-200.00
340.00	-200.00
340.00	-220.00
340.00	-237.33
340.00	-220.66
340.00	-228.66
340.00	-200.66
340.01	-200.00
340.01	-227.33
340.01	-250.00
340.01	-257.33
340.01	-215.33
340.01	-212.67
340.01	-230.00
340.01	-208.66
340.02	-200.00
340.02	-200.00
340.02	-200.00
340.02	-214.00
340.02	-212.00
340.02	-216.67
340.02	-208.66
340.02	-200.00
340.02	-200.00
340.03	-202.00
340.03	-221.34
340.03	-211.34
340.03	-252.00
340.03	-234.00
340.03	-221.34
340.03	-200.00
340.03	-216.00
340.04	-238.00
340.04	-220.00
340.04	-242.00
340.04	-214.00
340.04	-210.66
340.04	-239.34
340.04	-222.00
340.04	-232.67
340.04	-227.33
340.05	-200.00
340.05	-212.00
340.05	-200.66
340.05	-200.00
340.05	-200.00
340.05	-204.67
340.05	-200.00
340.05	-206.00
340.06	-218.00
340.06	-202.67
340.06	-202.67
340.06	-218.00
340.06	-206.00
340.06	-243.33
340.06	-240.00
340.06	-224.67
340.07	-207.33
340.07	-215.33
340.07	-206.00
340.07	-200.00
340.07	-200.00
340.07	-248.66
340.07	-260.00
340.07	-236.67
340.07	-200.00
340.08	-206.00
340.08	-236.00
340.08	-238.66
340.08	-201.34
340.08	-204.67
340.08	-202.67
340.08	-204.00
340.08	-238.00
340.09	-224.67
340.09	-207.33
340.09	-200.00
340.09	-211.34
340.09	-200.00
340.09	-201.34
340.09	-236.67
340.09	-216.67
340.09	-200.00
340.10	-206.67
340.10	-238.66
340.10	-220.66
340.10	-234.00
340.10	-251.34
340.10	-248.00
340.10	-242.67
340.10	-248.66
340.11	-228.66
340.11	-216.00
340.11	-200.00
340.11	-200.00
340.11	-208.66
340.11	-203.33
340.11	-204.00
340.11	-202.00
340.12	-218.66
340.12	-228.66
340.12	-210.00
340.12	-200.00
340.12	-207.33
340.12	-200.00
340.12	-200.00
340.12	-224.00
340.12	-238.66
340.13	-200.00
340.13	-208.00
340.13	-226.00
340.13	-219.34
340.13	-212.00
340.13	-202.67
340.13	-202.00
340.13	-209.34
340.14	-218.00
340.14	-215.33
340.14	-200.00
340.14	-227.33
340.14	-232.67
340.14	-218.00
340.14	-222.00
340.14	-210.66
340.14	-244.00
340.15	-246.67
340.15	-211.34
340.15	-251.34
340.15	-238.00
340.15	-200.00
340.15	-204.00
340.15	-250.00
340.15	-242.67
340.16	-253.33
340.16	-250.66
340.16	-235.33
340.16	-202.67
340.16	-200.00
340.16	-224.67
340.16	-243.33
340.16	-248.66
340.17	-243.33
340.17	-252.67
340.17	-237.33
340.17	-232.00
340.17	-249.34
340.17	-233.33
340.17	-201.34
340.17	-200.00
340.17	-218.00
340.18	-214.00
340.18	-232.67
340.18	-204.67
340.18	-200.00
340.18	-200.00
340.18	-203.33
340.18	-200.00
340.18	-200.00
340.19	-200.00
340.19	-200.00
340.19	-212.00
340.19	-221.34
340.19	-252.00
340.19	-223.33
340.19	-200.00
340.19	-200.00
340.20	-213.33
340.20	-209.34
340.20	-211.34
340.20	-244.00
340.20	-246.67
340.20	-203.33
340.20	-214.00
340.20	-218.00
340.20	-200.00
340.21	-214.00
340.21	-205.33
340.21	-206.67
340.21	-250.66
340.21	-226.00
340.21	-202.00
340.21	-228.00
340.21	-200.00
340.22	-200.00
340.22	-200.00
340.22	-200.00
340.22	-222.67
340.22	-229.34
340.22	-236.00
340.22	-203.33
340.22	-200.00
340.22	-200.00
340.23	-238.00
340.23	-234.67
340.23	-235.33
340.23	-201.34
340.23	-200.00
340.23	-200.00
340.23	-215.33
340.23	-240.00
340.24	-223.33
340.24	-200.00
340.24	-203.33
340.24	-220.00
340.24	-222.67
340.24	-238.00
340.24	-256.67
340.24	-257.33
340.25	-237.33
340.25	-238.66
340.25	-209.34
340.25	-226.67
340.25	-242.00
340.25	-232.67
340.25	-200.00
340.25	-205.33
340.25	-237.33
340.26	-200.66
340.26	-200.00
340.26	-228.00
340.26	-203.33
340.26	-213.33
340.26	-212.00
340.26	-223.33
340.26	-204.67
340.27	-238.00
340.27	-250.66
340.27	-227.33
340.27	-217.33
340.27	-227.33
340.27	-231.34
340.27	-222.67
340.27	-200.00
340.27	-200.00
340.28	-201.34
340.28	-212.67
340.28	-255.33
340.28	-254.67
340.28	-228.66
340.28	-200.00
340.28	-200.00
340.28	-202.00
340.29	-200.00
340.29	-200.00
340.29	-214.00
340.29	-229.34
340.29	-200.00
340.29	-200.00
340.29	-206.00
340.29	-239.34
340.30	-248.66
340.30	-244.00
340.30	-200.00
340.30	-200.00
340.30	-218.66
340.30	-216.67
340.30	-237.33
340.30	-232.00
340.30	-217.33
340.31	-212.00
340.31	-227.33
340.31	-260.00
340.31	-249.34
340.31	-240.00
340.31	-251.34
340.31	-252.00
340.31	-250.00
340.32	-216.67
340.32	-200.00
340.32	-206.67
340.32	-236.67
340.32	-240.66
340.32	-206.67
340.32	-231.34
340.32	-243.33
340.33	-244.67
340.33	-258.66
340.33	-242.67
340.33	-260.00
340.33	-254.67
340.33	-240.00
340.33	-242.00
340.33	-203.33
340.33	-229.34
340.34	-245.33
340.34	-200.00
340.34	-218.66
340.34	-221.34
340.34	-224.00
340.34	-200.00
340.34	-200.00
340.34	-200.00
340.35	-200.00
340.35	-206.67
340.35	-244.00
340.35	-232.00
340.35	-205.33
340.35	-200.00
340.35	-200.00
340.35	-200.00
340.35	-240.66
340.36	-242.67
340.36	-222.67
340.36	-210.66
340.36	-236.67
340.36	-255.33
