335.48	-246.00
335.48	-250.66
335.48	-211.34
335.48	-250.66
335.48	-252.00
335.48	-250.66
335.49	-201.34
335.49	-200.00
335.49	-200.00
335.49	-206.67
335.49	-234.00
335.49	-203.33
335.49	-220.00
335.49	-214.00
335.50	-200.00
335.50	-234.00
335.50	-234.00
335.50	-252.67
335.50	-247.33
335.50	-244.67
335.50	-260.00
335.50	-246.67
335.50	-259.34
335.51	-258.00
335.51	-259.34
335.51	-231.34
335.51	-208.66
335.51	-222.00
335.51	-249.34
335.51	-212.00
335.51	-200.00
335.52	-200.00
335.52	-208.66
335.52	-224.00
335.52	-240.00
335.52	-258.66
335.52	-262.00
335.52	-257.33
335.52	-258.66
335.53	-258.66
335.53	-246.00
335.53	-246.67
335.53	-223.33
335.53	-216.00
335.53	-242.67
335.53	-234.00
335.53	-240.00
335.53	-230.66
335.54	-255.33
335.54	-255.33
335.54	-218.66
335.54	-200.00
335.54	-238.00
335.54	-234.00
335.54	-214.00
335.54	-246.67
335.55	-246.00
335.55	-249.34
335.55	-242.00
335.55	-250.66
335.55	-211.34
335.55	-233.33
335.55	-238.00
335.55	-244.67
335.55	-246.00
335.56	-203.33
335.56	-252.00
335.56	-240.66
335.56	-215.33
335.56	-258.00
335.56	-262.67
335.56	-228.66
335.56	-226.00
335.57	-200.00
335.57	-204.67
335.57	-232.00
335.57	-228.66
335.57	-258.00
335.57	-252.67
335.57	-217.33
335.57	-223.33
335.58	-258.00
335.58	-257.33
335.58	-257.33
335.58	-252.00
335.58	-275.33
335.58	-234.67
335.58	-200.00
335.58	-204.00
335.58	-223.33
335.59	-252.00
335.59	-255.33
335.59	-248.00
335.59	-256.00
335.59	-258.00
335.59	-256.67
335.59	-254.67
335.59	-240.66
335.60	-232.67
335.60	-218.00
335.60	-240.66
335.60	-200.00
335.60	-225.33
335.60	-238.66
335.60	-200.00
335.60	-238.66
335.60	-256.67
335.61	-241.34
335.61	-240.66
335.61	-212.67
335.61	-207.33
335.61	-209.34
335.61	-220.00
335.61	-219.34
335.61	-252.67
335.62	-257.33
335.62	-252.00
335.62	-210.00
335.62	-216.67
335.62	-216.67
335.62	-244.67
335.62	-262.00
335.62	-268.00
335.63	-213.33
335.63	-204.67
335.63	-200.00
335.63	-222.00
335.63	-220.00
335.63	-224.67
335.63	-210.00
335.63	-216.00
335.63	-208.66
335.64	-243.33
335.64	-213.33
335.64	-250.00
335.64	-256.67
335.64	-248.00
335.64	-238.66
335.64	-224.67
335.64	-246.00
335.65	-201.34
335.65	-215.33
335.65	-251.34
335.65	-228.66
335.65	-221.34
335.65	-208.00
335.65	-248.66
335.65	-265.33
335.66	-248.00
335.66	-200.00
335.66	-209.34
335.66	-238.66
335.66	-260.00
335.66	-258.00
335.66	-241.34
335.66	-220.00
335.66	-203.33
335.67	-215.33
335.67	-224.67
335.67	-215.33
335.67	-182.67
335.67	-236.00
335.67	-246.00
335.67	-250.00
335.67	-209.34
335.68	-200.00
335.68	-210.66
335.68	-200.00
335.68	-200.00
335.68	-200.00
335.68	-221.34
335.68	-237.33
335.68	-218.00
335.68	-252.67
335.69	-236.00
335.69	-252.67
335.69	-262.67
335.69	-240.66
335.69	-243.33
335.69	-242.67
335.69	-254.00
335.69	-245.33
335.70	-200.00
335.70	-249.34
335.70	-247.33
335.70	-245.33
335.70	-260.00
335.70	-260.66
335.70	-258.00
335.70	-258.00
335.71	-260.00
335.71	-244.67
335.71	-243.33
335.71	-200.00
335.71	-210.00
335.71	-236.67
335.71	-240.00
335.71	-251.34
335.71	-248.66
335.72	-256.00
335.72	-254.00
335.72	-256.67
335.72	-255.33
335.72	-252.00
335.72	-263.33
335.72	-280.00
335.72	-263.33
335.73	-221.34
335.73	-218.66
335.73	-214.00
335.73	-248.00
335.73	-216.00
335.73	-256.00
335.73	-263.33
335.73	-275.33
335.73	-262.00
335.74	-260.00
335.74	-266.00
335.74	-258.66
335.74	-241.34
335.74	-228.00
335.74	-200.00
335.74	-244.00
335.74	-242.67
335.75	-216.67
335.75	-224.00
335.75	-240.00
335.75	-216.67
335.75	-240.66
335.75	-212.67
335.75	-205.33
335.75	-241.34
335.76	-215.33
335.76	-203.33
335.76	-208.00
335.76	-200.00
335.76	-246.00
335.76	-231.34
335.76	-229.34
335.76	-222.00
335.76	-214.67
335.77	-228.00
335.77	-236.67
335.77	-242.67
335.77	-226.00
335.77	-237.33
335.77	-200.00
335.77	-228.00
335.77	-240.00
335.78	-254.67
335.78	-254.67
335.78	-240.66
335.78	-256.67
335.78	-245.33
335.78	-252.67
335.78	-234.67
335.78	-248.66
335.78	-250.00
335.79	-262.67
335.79	-236.00
335.79	-244.67
335.79	-245.33
335.79	-251.34
335.79	-248.00
335.79	-247.33
335.79	-248.66
335.80	-212.67
335.80	-206.67
335.80	-202.67
335.80	-242.00
335.80	-223.33
335.80	-242.67
335.80	-237.33
335.80	-223.33
335.81	-246.67
335.81	-258.66
335.81	-260.00
335.81	-260.00
335.81	-250.66
335.81	-236.00
335.81	-237.33
335.81	-200.00
335.81	-200.00
335.82	-200.00
335.82	-200.00
335.82	-219.34
335.82	-232.00
335.82	-236.00
335.82	-228.00
335.82	-203.33
335.82	-202.67
335.83	-232.00
335.83	-200.00
335.83	-200.00
335.83	-213.33
335.83	-214.00
335.83	-230.66
335.83	-234.00
335.83	-230.00
335.84	-200.00
335.84	-200.00
335.84	-206.67
335.84	-232.67
335.84	-209.34
335.84	-236.00
335.84	-200.00
335.84	-210.66
335.84	-253.33
335.85	-214.67
335.85	-236.67
335.85	-240.00
335.85	-242.00
335.85	-200.00
335.85	-200.00
335.85	-200.00
335.85	-218.00
335.86	-242.00
335.86	-240.00
335.86	-242.67
335.86	-228.00
335.86	-238.66
335.86	-240.00
335.86	-247.33
335.86	-238.66
335.86	-254.67
335.87	-214.67
335.87	-218.66
335.87	-250.66
335.87	-250.66
335.87	-254.67
335.87	-237.33
335.87	-204.00
335.87	-216.00
335.88	-200.00
335.88	-207.33
335.88	-258.66
335.88	-236.67
335.88	-200.00
335.88	-200.00
335.88	-204.67
335.88	-224.67
335.89	-246.00
335.89	-204.00
335.89	-200.00
335.89	-236.67
335.89	-213.33
335.89	-200.00
335.89	-234.00
335.89	-234.00
335.89	-228.00
335.90	-252.00
335.90	-224.00
335.90	-202.67
335.90	-200.00
335.90	-200.00
335.90	-200.00
335.90	-200.00
335.90	-200.00
335.91	-200.00
335.91	-200.00
335.91	-200.00
335.91	-208.00
335.91	-250.00
335.91	-251.34
335.91	-252.67
335.91	-228.00
335.91	-246.00
335.92	-243.33
335.92	-234.67
335.92	-200.00
335.92	-200.00
335.92	-200.00
335.92	-200.00
335.92	-211.34
335.92	-200.00
335.93	-240.00
335.93	-212.67
335.93	-217.33
335.93	-216.67
335.93	-236.00
335.93	-208.00
335.93	-242.00
335.93	-244.67
335.94	-243.33
335.94	-242.67
335.94	-250.66
335.94	-258.66
335.94	-252.67
335.94	-250.66
335.94	-247.33
335.94	-225.33
335.94	-216.00
335.95	-250.00
335.95	-256.00
335.95	-218.00
335.95	-204.00
335.95	-216.00
335.95	-244.67
335.95	-246.00
335.95	-226.00
335.96	-214.00
335.96	-230.66
335.96	-262.00
335.96	-259.34
335.96	-252.00
335.96	-210.00
335.96	-200.00
335.96	-227.33
335.96	-211.34
335.97	-200.00
335.97	-208.66
335.97	-248.66
335.97	-240.66
335.97	-242.00
335.97	-207.33
335.97	-231.34
335.97	-224.67
335.98	-216.00
335.98	-226.67
335.98	-250.66
335.98	-260.00
335.98	-250.66
335.98	-237.33
335.98	-200.00
335.98	-200.00
335.99	-200.00
335.99	-206.00
335.99	-227.33
335.99	-219.34
335.99	-244.67
335.99	-208.00
335.99	-207.33
335.99	-206.67
335.99	-202.00
336.00	-222.67
336.00	-230.00
336.00	-200.00
336.00	-200.00
336.00	-208.00
336.00	-227.33
336.00	-240.66
336.00	-234.67
336.01	-210.00
336.01	-232.67
336.01	-259.34
336.01	-269.34
336.01	-244.00
336.01	-219.34
336.01	-240.66
336.01	-244.67
336.02	-240.00
336.02	-254.00
336.02	-204.67
336.02	-210.66
336.02	-260.66
336.02	-227.33
336.02	-236.67
336.02	-234.67
336.02	-218.66
336.03	-230.00
336.03	-254.67
336.03	-216.00
336.03	-200.00
336.03	-229.34
336.03	-254.00
336.03	-266.00
336.03	-254.67
336.04	-202.67
336.04	-232.00
336.04	-208.66
336.04	-209.34
336.04	-204.67
336.04	-200.00
336.04	-209.34
336.04	-218.00
336.04	-259.34
336.05	-248.00
336.05	-260.00
336.05	-228.66
336.05	-202.67
336.05	-225.33
336.05	-218.66
336.05	-200.00
336.05	-200.00
336.06	-238.66
336.06	-214.67
336.06	-217.33
336.06	-222.67
336.06	-259.34
336.06	-244.67
336.06	-228.00
336.06	-204.00
336.07	-243.33
336.07	-244.67
336.07	-244.00
336.07	-220.00
336.07	-210.66
336.07	-241.34
336.07	-250.66
336.07	-236.00
336.07	-208.00
336.08	-228.66
336.08	-239.34
336.08	-250.66
336.08	-260.00
336.08	-232.00
336.08	-200.00
336.08	-230.66
336.08	-256.67
336.09	-220.00
336.09	-200.00
336.09	-218.66
336.09	-214.00
336.09	-200.00
336.09	-210.66
336.09	-240.66
336.09	-227.33
336.09	-200.00
336.10	-200.00
336.10	-200.00
336.10	-212.67
336.10	-240.66
336.10	-216.67
336.10	-222.00
336.10	-238.00
336.10	-244.67
336.11	-218.00
336.11	-200.00
336.11	-202.67
336.11	-236.67
336.11	-232.67
336.11	-222.67
336.11	-242.67
336.11	-225.33
336.12	-244.00
336.12	-218.00
336.12	-231.34
336.12	-254.00
336.12	-270.00
336.12	-252.67
336.12	-236.67
336.12	-226.00
336.12	-202.00
336.13	-234.00
336.13	-205.33
336.13	-204.00
336.13	-219.34
336.13	-244.67
336.13	-212.67
336.13	-240.66
336.13	-260.00
336.14	-258.00
336.14	-248.00
336.14	-232.67
336.14	-254.67
336.14	-269.34
336.14	-252.67
336.14	-250.00
336.14	-224.67
336.15	-217.33
336.15	-234.00
336.15	-201.34
336.15	-200.66
336.15	-192.00
336.15	-237.33
336.15	-256.00
336.15	-234.00
336.15	-242.67
336.16	-242.00
336.16	-246.00
336.16	-214.67
336.16	-212.67
336.16	-232.67
336.16	-246.00
336.16	-230.66
336.16	-243.33
336.17	-244.67
336.17	-248.00
336.17	-250.00
336.17	-246.67
336.17	-211.34
336.17	-220.00
336.17	-202.67
336.17	-222.00
336.17	-245.33
336.18	-254.67
336.18	-259.34
336.18	-248.00
336.18	-260.66
336.18	-264.00
336.18	-243.33
336.18	-238.00
336.18	-226.00
336.19	-223.33
336.19	-213.33
336.19	-200.66
336.19	-230.66
336.19	-257.33
336.19	-244.67
336.19	-204.67
336.19	-200.00
336.20	-246.00
336.20	-242.00
336.20	-208.00
336.20	-220.66
336.20	-254.00
336.20	-249.34
336.20	-206.67
336.20	-226.00
336.20	-242.67
336.21	-216.00
336.21	-200.00
336.21	-200.00
336.21	-200.00
336.21	-200.00
336.21	-227.33
336.21	-214.67
336.21	-204.67
336.22	-218.66
336.22	-227.33
336.22	-211.34
336.22	-200.00
336.22	-225.33
336.22	-212.00
336.22	-200.00
336.22	-200.00
336.22	-204.67
336.23	-210.00
336.23	-248.66
336.23	-256.67
336.23	-233.33
336.23	-202.67
336.23	-214.00
336.23	-220.00
336.23	-240.00
336.24	-229.34
336.24	-211.34
336.24	-206.67
336.24	-200.00
336.24	-200.00
336.24	-206.00
336.24	-200.00
336.24	-200.00
336.25	-212.00
336.25	-242.67
336.25	-257.33
336.25	-257.33
336.25	-252.67
336.25	-204.67
336.25	-200.00
336.25	-201.34
336.25	-223.33
336.26	-204.67
336.26	-238.66
336.26	-222.00
336.26	-236.67
336.26	-216.00
336.26	-231.34
336.26	-226.00
336.26	-230.66
336.27	-202.67
336.27	-246.67
336.27	-239.34
336.27	-206.00
336.27	-250.00
336.27	-200.00
336.27	-213.33
336.27	-233.33
336.27	-204.67
336.28	-200.00
336.28	-202.00
336.28	-213.33
336.28	-255.33
336.28	-206.67
336.28	-200.00
336.28	-223.33
336.28	-219.34
336.29	-252.67
336.29	-206.00
336.29	-200.00
336.29	-210.66
336.29	-236.00
336.29	-213.33
336.29	-204.00
336.29	-222.67
336.30	-234.67
336.30	-253.33
336.30	-247.33
336.30	-242.00
336.30	-211.34
336.30	-206.67
336.30	-200.00
336.30	-176.67
336.30	-200.66
336.31	-222.00
336.31	-219.34
336.31	-232.67
336.31	-220.00
336.31	-248.66
336.31	-212.00
336.31	-246.67
336.31	-261.34
336.32	-253.33
336.32	-246.00
336.32	-232.67
336.32	-258.00
336.32	-258.66
336.32	-260.00
336.32	-258.66
336.32	-247.33
336.33	-260.00
336.33	-246.67
336.33	-249.34
336.33	-260.00
336.33	-259.34
336.33	-214.67
336.33	-201.34
336.33	-227.33
336.33	-222.67
336.34	-210.00
336.34	-200.00
336.34	-216.67
336.34	-237.33
336.34	-200.00
336.34	-220.00
336.34	-202.67
336.34	-228.66
336.35	-200.00
336.35	-186.67
336.35	-223.33
336.35	-226.00
336.35	-210.00
336.35	-253.33
336.35	-244.00
336.35	-200.00
336.35	-202.00
336.36	-214.00
336.36	-241.34
336.36	-227.33
336.36	-231.34
336.36	-200.00
336.36	-200.00
336.36	-200.00
336.36	-214.67
336.37	-206.00
336.37	-200.00
336.37	-214.00
336.37	-242.00
336.37	-216.67
336.37	-220.00
336.37	-250.00
336.37	-255.33
336.38	-255.33
336.38	-260.00
336.38	-256.00
336.38	-254.00
336.38	-246.67
336.38	-224.00
336.38	-207.33
336.38	-247.33
336.38	-212.67
336.39	-200.00
336.39	-233.33
336.39	-209.34
336.39	-200.00
336.39	-200.00
336.39	-226.67
336.39	-219.34
336.39	-239.34
336.40	-242.00
336.40	-260.00
336.40	-242.67
336.40	-204.67
336.40	-224.00
336.40	-219.34
336.40	-236.00
336.40	-200.00
336.40	-216.67
336.41	-247.33
336.41	-250.66
336.41	-244.67
336.41	-234.67
336.41	-252.00
336.41	-253.33
336.41	-250.66
336.41	-260.00
336.42	-259.34
336.42	-225.33
336.42	-226.00
336.42	-250.66
336.42	-256.67
336.42	-232.67
336.42	-222.00
336.42	-233.33
336.43	-256.67
336.43	-242.00
336.43	-200.00
336.43	-230.66
336.43	-237.33
336.43	-208.00
336.43	-200.00
336.43	-200.00
336.43	-200.00
336.44	-233.33
336.44	-240.00
336.44	-216.67
336.44	-200.00
336.44	-210.00
336.44	-206.00
336.44	-226.67
336.44	-238.00
336.45	-225.33
336.45	-210.66
336.45	-200.00
336.45	-248.00
336.45	-239.34
336.45	-253.33
336.45	-246.00
336.45	-254.00
336.46	-260.00
336.46	-212.00
336.46	-200.00
336.46	-200.00
336.46	-200.00
336.46	-200.00
336.46	-200.00
336.46	-210.66
336.46	-200.00
336.47	-205.33
336.47	-214.67
336.47	-194.67
336.47	-196.67
336.47	-219.34
336.47	-220.00
336.47	-212.00
336.47	-200.00
336.48	-201.34
336.48	-229.34
336.48	-250.66
336.48	-257.33
336.48	-211.34
336.48	-200.00
336.48	-208.00
336.48	-240.00
336.48	-256.67
336.49	-241.34
336.49	-200.00
336.49	-200.00
336.49	-200.00
336.49	-200.00
336.49	-200.00
336.49	-200.00
336.49	-200.00
336.50	-208.66
336.50	-212.67
336.50	-222.00
336.50	-219.34
336.50	-214.00
336.50	-200.00
336.50	-200.00
336.50	-208.66
336.51	-200.00
336.51	-214.00
336.51	-212.00
336.51	-200.00
336.51	-177.33
336.51	-162.00
336.51	-212.00
336.51	-226.00
336.51	-200.00
336.52	-224.67
336.52	-216.67
336.52	-246.00
336.52	-242.00
336.52	-217.33
336.52	-219.34
336.52	-243.33
336.52	-256.67
336.53	-244.67
336.53	-248.66
336.53	-256.67
336.53	-253.33
336.53	-232.00
336.53	-236.67
336.53	-218.00
336.53	-260.00
336.53	-217.33
336.54	-229.34
336.54	-238.66
336.54	-210.66
336.54	-232.67
336.54	-202.67
336.54	-233.33
336.54	-230.00
336.54	-210.00
336.55	-200.00
336.55	-195.33
336.55	-208.66
336.55	-208.00
336.55	-206.00
336.55	-219.34
336.55	-240.66
336.55	-230.66
336.56	-227.33
336.56	-243.33
336.56	-223.33
336.56	-245.33
336.56	-256.67
336.56	-246.67
336.56	-236.67
336.56	-200.00
336.56	-209.34
336.57	-212.00
336.57	-247.33
336.57	-234.67
336.57	-250.66
336.57	-257.33
336.57	-248.00
336.57	-215.33
336.57	-228.66
336.58	-209.34
336.58	-215.33
336.58	-224.00
336.58	-221.34
336.58	-203.33
336.58	-200.00
336.58	-200.00
336.58	-200.00
336.58	-194.00
336.59	-200.66
336.59	-215.33
336.59	-236.67
336.59	-202.00
336.59	-186.00
336.59	-178.66
336.59	-194.67
336.59	-170.66
336.60	-204.00
336.60	-219.34
336.60	-201.34
336.60	-250.00
336.60	-204.00
336.60	-200.00
336.60	-229.34
336.60	-213.33
336.61	-200.00
336.61	-200.00
336.61	-200.00
336.61	-226.00
336.61	-218.66
336.61	-200.00
336.61	-200.00
336.61	-212.00
336.61	-222.67
336.62	-238.66
336.62	-222.67
336.62	-202.67
336.62	-200.00
336.62	-235.33
336.62	-230.66
336.62	-218.00
336.62	-216.00
336.63	-206.00
336.63	-244.67
336.63	-248.00
336.63	-242.00
336.63	-253.33
336.63	-212.67
336.63	-213.33
336.63	-220.66
336.64	-211.34
336.64	-200.00
336.64	-200.00
336.64	-200.00
336.64	-200.00
336.64	-211.34
336.64	-214.67
336.64	-228.00
336.64	-256.67
336.65	-224.67
336.65	-200.00
336.65	-218.66
336.65	-216.00
336.65	-200.00
336.65	-202.00
336.65	-218.00
336.65	-174.00
336.66	-164.00
336.66	-200.00
336.66	-218.66
336.66	-206.67
336.66	-188.66
336.66	-235.33
336.66	-227.33
336.66	-219.34
336.66	-208.00
336.67	-196.00
336.67	-224.67
336.67	-245.33
336.67	-243.33
336.67	-211.34
336.67	-200.00
336.67	-202.67
336.67	-200.00
336.68	-217.33
336.68	-222.00
336.68	-189.34
336.68	-197.33
336.68	-199.34
336.68	-175.33
336.68	-222.67
336.68	-212.00
336.69	-237.33
336.69	-223.33
336.69	-200.00
336.69	-218.00
336.69	-240.00
336.69	-232.67
336.69	-200.00
336.69	-200.00
336.69	-200.00
336.70	-200.00
336.70	-200.00
336.70	-237.33
336.70	-232.00
336.70	-218.66
336.70	-204.00
336.70	-201.34
336.70	-216.67
336.71	-227.33
336.71	-244.00
336.71	-224.00
336.71	-212.67
336.71	-200.00
336.71	-200.00
336.71	-204.67
336.71	-206.00
336.71	-232.00
336.72	-240.00
336.72	-233.33
336.72	-200.00
336.72	-200.00
336.72	-205.33
336.72	-205.33
336.72	-180.00
336.72	-189.34
336.73	-222.00
336.73	-234.00
336.73	-238.00
336.73	-200.00
336.73	-200.00
336.73	-200.00
336.73	-200.00
336.73	-200.00
336.74	-230.66
336.74	-236.67
336.74	-219.34
336.74	-218.00
336.74	-223.33
336.74	-200.00
336.74	-200.00
336.74	-200.66
336.74	-189.34
336.75	-226.67
336.75	-222.67
336.75	-232.00
336.75	-236.67
336.75	-214.67
336.75	-200.00
336.75	-202.00
336.75	-238.66
336.76	-226.00
336.76	-217.33
336.76	-200.00
336.76	-200.00
336.76	-213.33
336.76	-200.00
336.76	-200.00
336.76	-200.00
336.76	-229.34
336.77	-204.67
336.77	-204.67
336.77	-200.00
336.77	-198.00
336.77	-238.66
336.77	-200.00
336.77	-200.00
336.77	-200.00
336.78	-208.00
336.78	-234.67
336.78	-238.00
336.78	-201.34
336.78	-215.33
336.78	-207.33
336.78	-203.33
336.78	-186.67
336.79	-202.67
336.79	-223.33
336.79	-242.00
336.79	-245.33
336.79	-210.66
336.79	-203.33
336.79	-237.33
336.79	-216.67
336.79	-215.33
336.80	-208.00
336.80	-218.00
336.80	-212.00
336.80	-200.00
336.80	-188.00
336.80	-180.00
336.80	-205.33
336.80	-208.66
336.81	-224.67
336.81	-200.00
336.81	-189.34
336.81	-220.66
336.81	-209.34
336.81	-224.67
336.81	-234.00
336.81	-200.00
336.82	-200.00
336.82	-204.00
336.82	-200.00
336.82	-193.33
336.82	-144.00
336.82	-166.67
336.82	-214.00
336.82	-224.00
336.82	-204.00
336.83	-222.00
336.83	-212.67
336.83	-224.67
336.83	-220.00
336.83	-234.67
336.83	-200.00
336.83	-190.00
336.83	-234.00
336.84	-241.34
336.84	-206.67
336.84	-200.00
336.84	-225.33
336.84	-218.00
336.84	-234.00
336.84	-237.33
336.84	-236.00
336.84	-200.00
336.85	-200.00
336.85	-200.00
336.85	-201.34
336.85	-232.00
336.85	-202.67
336.85	-238.00
336.85	-207.33
336.85	-231.34
336.86	-213.33
336.86	-196.00
336.86	-236.00
336.86	-208.66
336.86	-197.33
336.86	-196.00
336.86	-224.67
336.86	-199.34
336.87	-160.00
336.87	-173.33
336.87	-202.00
336.87	-200.66
336.87	-202.00
336.87	-185.33
336.87	-189.34
336.87	-232.67
336.87	-237.33
336.88	-206.00
336.88	-200.00
336.88	-209.34
336.88	-218.00
336.88	-198.00
336.88	-175.33
336.88	-163.33
336.88	-172.00
336.89	-225.33
336.89	-224.67
336.89	-232.67
336.89	-218.00
336.89	-195.33
336.89	-164.67
336.89	-164.00
336.89	-215.33
336.89	-201.34
336.90	-212.00
336.90	-200.00
336.90	-200.00
336.90	-200.00
336.90	-200.00
336.90	-200.00
336.90	-177.33
336.90	-200.00
336.91	-218.00
336.91	-200.66
336.91	-162.67
336.91	-177.33
336.91	-200.00
336.91	-196.00
336.91	-208.66
336.91	-170.00
336.92	-168.66
336.92	-172.67
336.92	-196.67
336.92	-203.33
336.92	-192.00
336.92	-160.00
336.92	-187.33
336.92	-203.33
336.92	-220.66
336.93	-203.33
336.93	-185.33
336.93	-131.34
336.93	-151.34
336.93	-202.00
336.93	-212.67
336.93	-232.67
336.93	-216.67
336.94	-163.33
336.94	-189.34
336.94	-160.00
336.94	-170.00
336.94	-190.00
336.94	-184.67
336.94	-160.00
336.94	-168.00
336.95	-184.00
336.95	-140.66
336.95	-142.67
336.95	-196.00
336.95	-202.67
336.95	-202.00
336.95	-205.33
336.95	-217.33
336.95	-198.00
336.96	-167.33
336.96	-222.67
336.96	-233.33
336.96	-216.67
336.96	-209.34
336.96	-208.00
336.96	-180.00
336.96	-160.00
336.97	-202.67
336.97	-202.67
336.97	-171.34
336.97	-160.00
336.97	-147.33
336.97	-187.33
336.97	-202.67
336.97	-228.66
336.97	-234.00
336.98	-184.00
336.98	-178.00
336.98	-200.00
336.98	-200.00
336.98	-209.34
336.98	-176.67
336.98	-166.67
336.98	-226.67
336.99	-218.00
336.99	-192.67
336.99	-197.33
336.99	-160.00
336.99	-160.00
336.99	-160.00
336.99	-192.67
336.99	-178.66
337.00	-160.00
337.00	-160.00
337.00	-183.33
337.00	-202.00
337.00	-224.00
337.00	-200.00
337.00	-205.33
337.00	-215.33
337.00	-223.33
337.01	-222.67
337.01	-178.66
337.01	-206.00
337.01	-206.67
337.01	-166.00
337.01	-160.00
337.01	-160.00
337.01	-160.00
337.02	-178.66
337.02	-231.34
337.02	-208.66
337.02	-219.34
337.02	-200.00
337.02	-171.34
337.02	-154.67
337.02	-145.33
337.02	-181.34
337.03	-136.00
337.03	-151.34
337.03	-134.00
337.03	-119.34
337.03	-187.33
337.03	-190.66
337.03	-196.67
337.03	-167.33
337.04	-160.00
337.04	-189.34
337.04	-216.67
337.04	-206.67
337.04	-200.66
337.04	-180.66
337.04	-172.00
337.04	-206.67
337.05	-147.33
337.05	-123.33
337.05	-150.00
337.05	-156.00
337.05	-202.00
337.05	-216.00
337.05	-204.00
337.05	-204.00
337.05	-160.00
337.06	-150.00
337.06	-151.34
337.06	-143.33
337.06	-168.66
337.06	-189.34
337.06	-158.00
337.06	-151.34
337.06	-175.33
337.07	-159.34
337.07	-152.67
337.07	-152.00
337.07	-142.67
337.07	-151.34
337.07	-160.00
337.07	-160.00
337.07	-160.00
337.07	-160.00
337.08	-149.34
337.08	-172.67
337.08	-152.67
337.08	-160.00
337.08	-202.00
337.08	-206.67
337.08	-143.33
337.08	-160.00
337.09	-160.00
337.09	-156.67
337.09	-139.34
337.09	-145.33
337.09	-146.67
337.09	-160.00
337.09	-172.67
337.09	-165.33
337.10	-196.00
337.10	-196.00
337.10	-154.00
337.10	-130.00
337.10	-117.33
337.10	-159.34
337.10	-190.66
337.10	-167.33
337.10	-160.00
337.11	-126.00
337.11	-120.00
337.11	-120.00
337.11	-117.33
337.11	-109.34
337.11	-122.00
337.11	-124.67
337.11	-174.67
337.12	-156.67
337.12	-134.67
337.12	-120.00
337.12	-120.00
337.12	-120.00
337.12	-137.33
337.12	-120.66
337.12	-160.00
337.13	-160.00
337.13	-137.33
337.13	-120.00
337.13	-132.00
337.13	-120.00
337.13	-121.34
337.13	-145.33
337.13	-120.00
337.13	-120.00
337.14	-120.00
337.14	-118.00
337.14	-109.34
337.14	-119.34
337.14	-131.34
337.14	-160.00
337.14	-160.00
337.14	-126.00
337.15	-116.67
337.15	-105.33
337.15	-111.34
337.15	-108.00
337.15	-120.00
337.15	-120.00
337.15	-120.00
337.15	-120.00
337.15	-126.00
337.16	-122.67
337.16	-146.00
337.16	-136.67
337.16	-131.34
337.16	-174.67
337.16	-125.33
337.16	-99.34
337.16	-116.67
337.17	-133.33
337.17	-120.66
337.17	-119.34
337.17	-120.00
337.17	-113.33
337.17	-113.33
337.17	-105.33
337.17	-119.34
337.18	-147.33
337.18	-135.33
337.18	-129.34
337.18	-117.33
337.18	-134.67
337.18	-148.66
337.18	-134.00
337.18	-120.00
337.18	-118.66
337.19	-111.34
337.19	-124.67
337.19	-119.34
337.19	-108.66
337.19	-93.33
337.19	-98.00
337.19	-92.00
337.19	-88.66
337.20	-94.67
337.20	-85.33
337.20	-82.00
337.20	-114.67
337.20	-142.00
337.20	-106.00
337.20	-90.00
337.20	-94.00
337.20	-100.00
337.21	-110.00
337.21	-115.33
337.21	-82.00
337.21	-95.33
337.21	-112.00
337.21	-117.33
337.21	-115.33
337.21	-110.00
337.22	-106.00
337.22	-114.67
337.22	-114.67
337.22	-118.00
337.22	-119.34
337.22	-115.33
337.22	-103.33
337.22	-109.34
337.23	-120.00
337.23	-114.67
337.23	-102.00
337.23	-88.66
337.23	-108.00
337.23	-114.00
337.23	-100.66
337.23	-88.66
337.23	-101.34
337.24	-97.33
337.24	-102.67
337.24	-92.00
337.24	-80.66
337.24	-40.00
337.24	-70.00
337.24	-77.33
337.24	-95.33
337.25	-93.33
337.25	-80.66
337.25	-98.66
337.25	-107.33
337.25	-98.00
337.25	-104.67
337.25	-108.66
337.25	-76.67
337.26	-87.33
337.26	-76.00
337.26	-57.33
337.26	-70.66
337.26	-60.00
337.26	-88.00
337.26	-100.00
337.26	-82.67
337.26	-68.66
337.27	-78.66
337.27	-50.66
337.27	-49.34
337.27	-68.66
337.27	-83.33
337.27	-72.67
337.27	-66.67
337.27	-101.34
337.28	-105.33
337.28	-100.66
337.28	-82.67
337.28	-44.67
337.28	-40.00
337.28	-43.33
337.28	-65.33
337.28	-62.67
337.28	-70.66
337.29	-78.66
337.29	-40.00
337.29	-40.00
337.29	-40.00
337.29	-40.00
337.29	-55.33
337.29	-40.66
337.29	-8.00
337.30	-0.67
337.30	-40.00
337.30	-59.34
337.30	-40.00
337.30	-58.66
337.30	-93.33
337.30	-41.34
337.30	-40.00
337.31	-40.00
337.31	-40.00
337.31	-40.00
337.31	-40.00
337.31	-10.00
337.31	-11.33
337.31	-60.66
337.31	-40.00
337.31	-40.00
337.32	-40.00
337.32	-40.00
337.32	-40.00
337.32	-40.00
337.32	-40.00
337.32	-22.00
337.32	0.00
337.32	0.00
337.33	0.00
337.33	0.00
337.33	-23.33
337.33	-39.33
337.33	2.00
337.33	0.00
337.33	0.00
337.33	0.00
337.33	0.00
337.34	0.00
337.34	0.00
337.34	0.00
337.34	0.00
337.34	1.33
337.34	0.00
337.34	-33.33
337.34	-40.00
337.35	-40.00
337.35	-40.00
337.35	-36.00
337.35	16.67
337.35	4.00
337.35	0.00
337.35	0.67
337.35	27.33
337.36	0.00
337.36	0.00
337.36	34.00
337.36	0.00
337.36	0.00
337.36	0.00
337.36	7.33
337.36	16.00
337.36	36.00
337.37	52.00
337.37	33.33
337.37	51.33
337.37	52.67
337.37	38.67
337.37	43.33
337.37	62.00
337.37	56.67
337.38	50.00
337.38	55.33
337.38	58.00
337.38	60.67
337.38	48.00
337.38	46.67
337.38	40.67
337.38	70.67
337.38	77.33
337.39	58.00
337.39	50.67
337.39	68.00
337.39	78.67
337.39	36.67
337.39	22.00
337.39	43.33
337.39	78.00
337.40	115.33
337.40	86.00
337.40	72.00
337.40	59.33
337.40	78.67
337.40	68.67
337.40	77.33
337.40	86.00
337.41	82.67
337.41	74.00
337.41	81.33
337.41	80.00
337.41	68.00
337.41	75.33
337.41	70.00
337.41	80.00
337.41	80.00
337.42	110.00
337.42	120.00
337.42	120.00
337.42	130.67
337.42	126.67
337.42	109.33
337.42	120.00
337.42	120.00
337.43	120.00
337.43	120.00
337.43	120.00
337.43	92.67
337.43	93.33
337.43	131.33
337.43	120.00
337.43	145.33
337.44	168.67
337.44	160.00
337.44	162.00
337.44	185.33
337.44	156.67
337.44	124.67
337.44	136.00
337.44	160.00
337.44	164.67
337.45	175.33
337.45	128.00
337.45	160.00
337.45	153.33
337.45	214.67
337.45	221.33
337.45	204.00
337.45	221.33
337.46	208.00
337.46	208.00
337.46	204.00
337.46	205.33
337.46	206.00
337.46	234.67
337.46	214.00
337.46	196.67
337.46	204.00
337.47	215.33
337.47	220.00
337.47	241.33
337.47	261.33
337.47	280.00
337.47	274.67
337.47	280.00
337.47	276.67
337.48	240.00
337.48	244.67
337.48	263.33
337.48	260.00
337.48	240.67
337.48	264.67
337.48	280.00
337.48	280.00
337.49	274.00
337.49	261.33
337.49	282.00
337.49	260.00
337.49	240.67
337.49	260.67
337.49	294.67
337.49	280.00
337.49	281.33
337.50	290.67
337.50	326.00
337.50	351.33
337.50	337.33
337.50	324.67
337.50	322.67
337.50	320.67
337.50	353.33
337.51	352.67
337.51	377.33
337.51	394.67
337.51	383.33
337.51	388.00
337.51	376.00
337.51	346.00
337.51	352.00
337.51	332.00
337.52	362.00
337.52	381.33
337.52	392.00
337.52	400.67
337.52	404.67
337.52	424.67
337.52	438.00
337.52	440.00
337.53	440.00
337.53	440.00
337.53	453.33
337.53	468.00
337.53	440.00
337.53	438.00
337.53	440.00
337.53	444.00
337.54	466.67
337.54	488.00
337.54	484.67
337.54	485.33
337.54	503.33
337.54	482.00
337.54	480.00
337.54	508.00
337.54	532.00
337.55	531.33
337.55	528.67
337.55	560.67
337.55	572.67
337.55	584.67
337.55	598.00
337.55	589.33
337.55	598.67
337.56	594.67
337.56	560.00
337.56	600.67
337.56	598.67
337.56	592.00
337.56	596.67
337.56	600.00
337.56	600.00
337.56	612.00
337.57	616.00
337.57	626.67
337.57	609.33
337.57	637.33
337.57	657.33
337.57	693.33
337.57	712.00
337.57	716.67
337.58	705.33
337.58	686.00
337.58	692.67
337.58	716.00
337.58	728.00
337.58	758.00
337.58	742.67
337.58	771.33
337.59	762.67
337.59	760.00
337.59	760.00
337.59	772.67
337.59	834.67
337.59	835.33
337.59	834.00
337.59	842.67
337.59	836.67
337.60	853.33
337.60	866.00
337.60	851.33
337.60	869.33
337.60	878.67
337.60	880.67
337.60	911.33
337.60	939.33
337.61	916.67
337.61	936.67
337.61	960.00
337.61	968.00
337.61	996.00
337.61	1009.33
337.61	979.33
337.61	1011.33
337.62	1034.00
337.62	1024.67
337.62	1051.33
337.62	1060.00
337.62	1074.67
337.62	1069.33
337.62	1107.33
337.62	1120.00
337.62	1119.33
337.63	1152.67
337.63	1124.67
337.63	1165.33
337.63	1183.33
337.63	1200.00
337.63	1198.67
337.63	1195.33
337.63	1199.33
337.64	1212.67
337.64	1233.33
337.64	1240.00
337.64	1237.33
337.64	1266.67
337.64	1316.67
337.64	1327.33
337.64	1350.67
337.64	1354.67
337.65	1366.00
337.65	1400.00
337.65	1400.00
337.65	1429.33
337.65	1442.00
337.65	1451.33
337.65	1472.67
337.65	1488.67
337.66	1503.33
337.66	1520.00
337.66	1532.00
337.66	1560.00
337.66	1556.00
337.66	1560.00
337.66	1560.00
337.66	1565.33
337.67	1626.00
337.67	1665.33
337.67	1676.00
337.67	1682.00
337.67	1690.00
337.67	1738.67
337.67	1788.00
337.67	1807.33
337.67	1828.00
337.68	1840.00
337.68	1861.33
337.68	1880.00
337.68	1885.33
337.68	1886.00
337.68	1911.33
337.68	1947.33
337.68	1967.33
337.69	1991.33
337.69	2024.00
337.69	2036.00
337.69	2080.00
337.69	2090.00
337.69	2098.00
337.69	2154.67
337.69	2153.33
337.69	2182.67
337.70	2204.00
337.70	2250.67
337.70	2290.67
337.70	2294.00
337.70	2322.67
337.70	2360.00
337.70	2388.00
337.70	2414.00
337.71	2438.67
337.71	2444.67
337.71	2510.00
337.71	2520.00
337.71	2560.00
337.71	2600.67
337.71	2614.00
337.71	2636.00
337.72	2678.67
337.72	2688.67
337.72	2758.67
337.72	2797.33
337.72	2800.00
337.72	2824.67
337.72	2840.67
337.72	2905.33
337.72	2959.33
337.73	2964.00
337.73	3003.33
337.73	3036.67
337.73	3068.67
337.73	3117.33
337.73	3161.33
337.73	3173.33
337.73	3222.00
337.74	3274.00
337.74	3290.67
337.74	3326.67
337.74	3360.00
337.74	3420.00
337.74	3460.00
337.74	3484.67
337.74	3508.67
337.75	3568.00
337.75	3613.33
337.75	3670.67
337.75	3690.67
337.75	3742.67
337.75	3760.00
337.75	3791.33
337.75	3828.67
337.75	3887.33
337.76	3922.00
337.76	3968.00
337.76	3994.67
337.76	4086.67
337.76	4121.33
337.76	4126.00
337.76	4217.33
337.76	4280.00
337.77	4297.33
337.77	4358.67
337.77	4384.67
337.77	4420.67
337.77	4477.33
337.77	4536.67
337.77	4591.33
337.77	4640.00
337.77	4654.00
337.78	4738.00
337.78	4767.33
337.78	4840.67
337.78	4906.67
337.78	4934.00
337.78	4997.33
337.78	5043.33
337.78	5082.00
337.79	5165.33
337.79	5200.67
337.79	5224.67
337.79	5324.67
337.79	5376.67
337.79	5421.33
337.79	5510.00
337.79	5534.00
337.80	5575.33
337.80	5640.67
337.80	5663.33
337.80	5698.67
337.80	5771.33
337.80	5828.00
337.80	5887.33
337.80	5944.67
337.80	5991.33
337.81	6040.00
337.81	6060.00
337.81	6144.67
337.81	6200.00
337.81	6200.00
337.81	6290.00
337.81	6312.00
337.81	6323.33
337.82	6376.00
337.82	6438.67
337.82	6471.33
337.82	6519.33
337.82	6522.00
337.82	6569.33
337.82	6628.67
337.82	6673.33
337.82	6720.00
337.83	6762.00
337.83	6812.00
337.83	6840.00
337.83	6857.33
337.83	6914.00
337.83	6935.33
337.83	6950.00
337.83	7013.33
337.84	7029.33
337.84	7043.33
337.84	7074.00
337.84	7090.00
337.84	7106.67
337.84	7114.67
337.84	7138.00
337.84	7154.67
337.85	7162.00
337.85	7182.67
337.85	7189.33
337.85	7159.33
337.85	7157.33
337.85	7157.33
337.85	7160.00
337.85	7126.67
337.85	7106.67
337.86	7067.33
337.86	7026.67
337.86	7010.00
337.86	7008.00
337.86	6967.33
337.86	6945.33
337.86	6891.33
337.86	6863.33
337.87	6840.00
337.87	6784.67
337.87	6718.67
337.87	6690.00
337.87	6598.00
337.87	6520.67
337.87	6447.33
337.87	6378.00
337.87	6307.33
337.88	6213.33
337.88	6124.67
337.88	6030.67
337.88	5894.67
337.88	5804.67
337.88	5736.67
337.88	5593.33
337.88	5481.33
337.89	5370.67
337.89	5221.33
337.89	5161.33
337.89	4981.33
337.89	4856.67
337.89	4765.33
337.89	4552.00
337.89	4404.00
337.90	4282.67
337.90	4084.00
337.90	3957.33
337.90	3800.67
337.90	3605.33
337.90	3467.33
337.90	3243.33
337.90	3050.67
337.90	2905.33
337.91	2672.67
337.91	2544.00
337.91	2349.33
337.91	2090.67
337.91	1985.33
337.91	1764.00
337.91	1549.33
337.91	1382.67
337.92	1138.00
337.92	961.33
337.92	752.00
337.92	511.33
337.92	364.67
337.92	145.33
337.92	-72.00
337.92	-223.33
337.93	-480.66
337.93	-693.33
337.93	-854.67
337.93	-1133.33
337.93	-1264.67
337.93	-1464.00
337.93	-1709.34
337.93	-1878.66
337.93	-2088.66
337.94	-2296.67
337.94	-2456.67
337.94	-2695.33
337.94	-2852.00
337.94	-3043.33
337.94	-3296.67
337.94	-3430.00
337.94	-3598.66
337.95	-3791.34
337.95	-3940.66
337.95	-4138.66
337.95	-4292.00
337.95	-4437.33
337.95	-4612.00
337.95	-4720.00
337.95	-4880.66
337.95	-5072.67
337.96	-5166.00
337.96	-5302.67
337.96	-5447.33
337.96	-5536.67
337.96	-5695.33
337.96	-5828.00
337.96	-5934.67
337.96	-6076.00
337.97	-6163.33
337.97	-6255.33
337.97	-6364.67
337.97	-6438.66
337.97	-6534.67
337.97	-6636.00
337.97	-6689.34
337.97	-6814.67
337.98	-6852.67
337.98	-6966.67
337.98	-7061.34
337.98	-7098.66
337.98	-7139.34
337.98	-7160.00
337.98	-7210.66
337.98	-7283.33
337.98	-7315.33
337.99	-7362.67
337.99	-7406.00
337.99	-7425.33
337.99	-7434.00
337.99	-7442.00
337.99	-7460.66
337.99	-7484.67
337.99	-7532.67
338.00	-7532.00
338.00	-7560.66
338.00	-7560.00
338.00	-7582.00
338.00	-7582.00
338.00	-7526.67
338.00	-7488.66
338.00	-7520.00
338.00	-7530.00
338.01	-7480.00
338.01	-7475.33
338.01	-7468.00
338.01	-7457.33
338.01	-7428.00
338.01	-7388.66
338.01	-7344.00
338.01	-7320.00
338.02	-7320.00
338.02	-7315.33
338.02	-7256.67
338.02	-7241.34
338.02	-7240.00
338.02	-7191.34
338.02	-7146.00
338.02	-7125.33
338.03	-7072.00
338.03	-7025.33
338.03	-6995.33
338.03	-6938.66
338.03	-6855.33
338.03	-6834.67
338.03	-6784.67
338.03	-6764.00
338.03	-6725.33
338.04	-6671.34
338.04	-6622.67
338.04	-6600.00
338.04	-6549.34
338.04	-6486.67
338.04	-6410.00
338.04	-6356.67
338.04	-6346.00
338.05	-6294.67
338.05	-6273.33
338.05	-6196.67
338.05	-6127.33
338.05	-6119.34
338.05	-6052.67
338.05	-6018.66
338.05	-5954.67
338.05	-5872.67
338.06	-5849.34
338.06	-5786.00
338.06	-5728.00
338.06	-5700.00
338.06	-5638.66
338.06	-5553.33
338.06	-5534.00
338.06	-5478.00
338.07	-5477.33
338.07	-5424.67
338.07	-5341.34
338.07	-5292.00
338.07	-5239.34
338.07	-5198.00
338.07	-5176.67
338.07	-5098.66
338.08	-5056.67
338.08	-5042.67
338.08	-4974.67
338.08	-4910.00
338.08	-4836.00
338.08	-4784.67
338.08	-4754.67
338.08	-4707.33
338.08	-4666.67
338.09	-4644.67
338.09	-4571.34
338.09	-4518.66
338.09	-4500.00
338.09	-4445.33
338.09	-4431.34
338.09	-4392.67
338.09	-4312.00
338.10	-4252.67
338.10	-4217.33
338.10	-4200.00
338.10	-4156.67
338.10	-4063.33
338.10	-4034.67
338.10	-4011.34
338.10	-3964.00
338.11	-3947.33
338.11	-3888.66
338.11	-3874.67
338.11	-3830.66
338.11	-3772.67
338.11	-3720.00
338.11	-3713.33
338.11	-3658.66
338.11	-3638.00
338.12	-3610.00
338.12	-3569.34
338.12	-3539.34
338.12	-3485.33
338.12	-3472.67
338.12	-3444.00
338.12	-3400.00
338.12	-3334.00
338.13	-3304.67
338.13	-3288.66
338.13	-3247.33
338.13	-3211.34
338.13	-3160.00
338.13	-3160.00
338.13	-3148.66
338.13	-3118.66
338.13	-3112.00
338.14	-3076.00
338.14	-3055.33
338.14	-2998.66
338.14	-2985.33
338.14	-2959.34
338.14	-2920.00
338.14	-2925.33
338.14	-2886.67
338.15	-2838.00
338.15	-2827.33
338.15	-2819.34
338.15	-2773.33
338.15	-2760.00
338.15	-2738.66
338.15	-2684.67
338.15	-2649.34
338.16	-2606.67
338.16	-2630.00
338.16	-2622.00
338.16	-2595.33
338.16	-2519.34
338.16	-2494.67
338.16	-2494.00
338.16	-2500.00
338.16	-2456.00
338.17	-2431.34
338.17	-2430.66
338.17	-2372.67
338.17	-2349.34
338.17	-2351.34
338.17	-2341.34
338.17	-2327.33
338.17	-2282.00
338.18	-2240.00
338.18	-2218.66
338.18	-2198.66
338.18	-2191.34
338.18	-2175.33
338.18	-2173.33
338.18	-2162.67
338.18	-2127.33
338.18	-2113.33
338.19	-2064.67
338.19	-2042.00
338.19	-2014.67
338.19	-1966.00
338.19	-1948.00
338.19	-1950.00
338.19	-1945.33
338.19	-1952.00
338.20	-1944.00
338.20	-1910.66
338.20	-1874.00
338.20	-1864.00
338.20	-1866.67
338.20	-1878.00
338.20	-1853.33
338.20	-1840.00
338.21	-1806.00
338.21	-1800.00
338.21	-1823.33
338.21	-1806.00
338.21	-1788.66
338.21	-1752.00
338.21	-1712.00
338.21	-1715.33
338.21	-1699.34
338.22	-1696.67
338.22	-1678.66
338.22	-1663.33
338.22	-1651.34
338.22	-1634.00
338.22	-1581.34
338.22	-1560.00
338.22	-1554.67
338.23	-1530.00
338.23	-1544.00
338.23	-1536.67
338.23	-1544.67
338.23	-1538.00
338.23	-1551.34
338.23	-1542.00
338.23	-1534.00
338.24	-1481.34
338.24	-1480.00
338.24	-1474.67
338.24	-1444.00
338.24	-1441.34
338.24	-1417.33
338.24	-1400.00
338.24	-1382.00
338.24	-1383.33
338.25	-1372.00
338.25	-1377.33
338.25	-1360.66
338.25	-1341.34
338.25	-1320.00
338.25	-1320.00
338.25	-1320.00
338.25	-1328.66
338.26	-1320.00
338.26	-1286.00
338.26	-1240.00
338.26	-1240.00
338.26	-1244.00
338.26	-1278.00
338.26	-1233.33
338.26	-1224.00
338.26	-1223.33
338.27	-1231.34
338.27	-1236.67
338.27	-1238.00
338.27	-1240.00
338.27	-1227.33
338.27	-1220.66
338.27	-1183.33
338.27	-1160.00
338.28	-1152.67
338.28	-1186.00
338.28	-1173.33
338.28	-1160.00
338.28	-1126.00
338.28	-1112.00
338.28	-1088.66
338.28	-1106.67
338.29	-1086.67
338.29	-1076.67
338.29	-1091.34
338.29	-1060.00
338.29	-1028.66
338.29	-1038.00
338.29	-1057.33
338.29	-1067.33
338.29	-1055.33
338.30	-1004.67
338.30	-1049.34
338.30	-1060.00
338.30	-1030.66
338.30	-1022.00
338.30	-1042.00
338.30	-1011.34
338.30	-1006.67
338.31	-1026.67
338.31	-1003.33
338.31	-1013.33
338.31	-1009.34
338.31	-950.00
338.31	-933.33
338.31	-985.33
338.31	-994.67
338.31	-972.67
338.32	-967.33
338.32	-958.66
338.32	-960.00
338.32	-931.34
338.32	-921.34
338.32	-912.00
338.32	-915.33
338.32	-919.34
338.33	-920.00
338.33	-920.00
338.33	-905.33
338.33	-908.66
338.33	-894.67
338.33	-875.33
338.33	-844.00
338.33	-861.34
338.34	-888.66
338.34	-867.33
338.34	-840.00
338.34	-857.33
338.34	-882.00
338.34	-837.33
338.34	-826.00
338.34	-815.33
338.34	-844.67
338.35	-862.00
338.35	-814.67
338.35	-800.00
338.35	-838.66
338.35	-845.33
338.35	-831.34
338.35	-800.00
338.35	-800.00
338.36	-798.00
338.36	-768.66
338.36	-786.67
338.36	-773.33
338.36	-749.34
338.36	-762.67
338.36	-760.00
338.36	-758.66
338.36	-749.34
338.37	-751.34
338.37	-785.33
338.37	-755.33
338.37	-761.34
338.37	-752.67
338.37	-749.34
338.37	-726.67
338.37	-731.34
338.38	-725.33
338.38	-681.34
338.38	-692.67
338.38	-711.34
338.38	-711.34
338.38	-684.67
338.38	-702.00
338.38	-705.33
338.39	-675.33
338.39	-673.33
338.39	-660.66
338.39	-668.00
338.39	-678.66
338.39	-660.00
338.39	-660.66
338.39	-664.67
338.39	-659.34
338.40	-663.33
338.40	-676.67
338.40	-663.33
338.40	-657.33
338.40	-658.00
338.40	-644.67
338.40	-655.33
338.40	-636.00
338.41	-634.67
338.41	-655.33
338.41	-662.67
338.41	-660.66
338.41	-662.00
338.41	-647.33
338.41	-654.00
338.41	-657.33
338.42	-650.66
338.42	-629.34
338.42	-626.67
338.42	-583.33
338.42	-533.33
338.42	-566.67
338.42	-590.66
338.42	-601.34
338.42	-621.34
338.43	-618.66
338.43	-582.67
338.43	-584.00
338.43	-583.33
338.43	-584.67
338.43	-581.34
338.43	-590.66
338.43	-610.00
338.44	-609.34
338.44	-648.00
338.44	-608.00
338.44	-606.67
338.44	-599.34
338.44	-594.67
338.44	-599.34
338.44	-572.00
338.44	-570.00
338.45	-564.00
338.45	-573.33
338.45	-575.33
338.45	-549.34
338.45	-522.00
338.45	-536.00
338.45	-579.34
338.45	-572.00
338.46	-570.00
338.46	-548.00
338.46	-578.00
338.46	-554.00
338.46	-528.66
338.46	-539.34
338.46	-566.00
338.46	-556.00
338.47	-522.67
338.47	-520.00
338.47	-520.00
338.47	-520.00
338.47	-520.00
338.47	-508.66
338.47	-550.66
338.47	-540.00
338.47	-520.00
338.48	-524.00
338.48	-534.67
338.48	-520.00
338.48	-530.00
338.48	-554.67
338.48	-520.00
338.48	-520.00
338.48	-524.67
338.49	-520.00
338.49	-520.00
338.49	-542.00
338.49	-520.00
338.49	-520.00
338.49	-520.00
338.49	-501.34
338.49	-482.00
338.49	-502.00
338.50	-481.34
338.50	-512.00
338.50	-534.00
338.50	-493.33
338.50	-480.00
338.50	-471.34
338.50	-482.67
338.50	-494.00
338.51	-480.00
338.51	-502.00
338.51	-480.66
338.51	-484.67
338.51	-492.67
338.51	-490.66
338.51	-462.67
338.51	-440.00
338.52	-476.67
338.52	-480.00
338.52	-474.00
338.52	-514.67
338.52	-503.33
338.52	-480.00
338.52	-496.67
338.52	-470.66
338.52	-447.33
338.53	-428.00
338.53	-420.66
338.53	-420.66
338.53	-440.00
338.53	-437.33
338.53	-427.33
338.53	-457.33
338.53	-479.34
338.54	-438.66
338.54	-438.00
338.54	-440.00
338.54	-440.00
338.54	-436.67
338.54	-440.00
338.54	-440.00
338.54	-428.00
338.55	-431.34
338.55	-438.66
338.55	-432.67
338.55	-428.66
338.55	-432.67
338.55	-430.66
338.55	-423.33
338.55	-439.34
338.55	-434.00
338.56	-426.00
338.56	-434.00
338.56	-428.00
338.56	-406.67
338.56	-419.34
338.56	-426.00
338.56	-413.33
338.56	-388.66
338.57	-411.34
338.57	-414.67
338.57	-411.34
338.57	-420.00
338.57	-419.34
338.57	-419.34
338.57	-427.33
338.57	-439.34
338.57	-433.33
338.58	-431.34
338.58	-438.66
338.58	-433.33
338.58	-414.67
338.58	-408.66
338.58	-388.66
338.58	-368.00
338.58	-423.33
338.59	-410.66
338.59	-400.00
338.59	-401.34
338.59	-389.34
338.59	-366.00
338.59	-363.33
338.59	-374.00
338.59	-364.67
338.60	-402.67
338.60	-405.33
338.60	-366.67
338.60	-384.67
338.60	-392.67
338.60	-395.33
338.60	-419.34
338.60	-400.00
338.60	-417.33
338.61	-397.33
338.61	-366.67
338.61	-360.00
338.61	-399.34
338.61	-360.00
338.61	-388.00
338.61	-370.00
338.61	-360.00
338.62	-361.34
338.62	-362.00
338.62	-390.00
338.62	-369.34
338.62	-391.34
338.62	-410.66
338.62	-360.00
338.62	-360.00
338.62	-376.67
338.63	-370.00
338.63	-361.34
338.63	-370.00
338.63	-379.34
338.63	-376.00
338.63	-369.34
338.63	-360.00
338.63	-360.00
338.64	-386.67
338.64	-374.00
338.64	-400.00
338.64	-372.00
338.64	-372.00
338.64	-365.33
338.64	-360.00
338.64	-362.67
338.65	-376.00
338.65	-396.67
338.65	-392.00
338.65	-377.33
338.65	-360.00
338.65	-366.67
338.65	-369.34
338.65	-396.00
338.65	-377.33
338.66	-376.67
338.66	-367.33
338.66	-384.00
338.66	-380.00
338.66	-360.00
338.66	-380.66
338.66	-400.00
338.66	-380.66
338.67	-380.00
338.67	-389.34
338.67	-409.34
338.67	-413.33
338.67	-396.67
338.67	-374.67
338.67	-364.00
338.67	-360.00
338.67	-360.00
338.68	-353.33
338.68	-341.34
338.68	-358.00
338.68	-386.67
338.68	-398.66
338.68	-394.00
338.68	-374.00
338.68	-362.00
338.69	-384.67
338.69	-393.33
338.69	-378.00
338.69	-370.66
338.69	-350.00
338.69	-378.66
338.69	-360.66
338.69	-370.66
338.70	-362.67
338.70	-356.67
338.70	-363.33
338.70	-395.33
338.70	-360.00
338.70	-362.67
338.70	-359.34
338.70	-320.00
338.70	-347.33
338.71	-362.00
338.71	-360.00
338.71	-360.00
338.71	-325.33
338.71	-360.00
338.71	-360.66
338.71	-360.00
338.71	-346.00
338.72	-334.67
338.72	-315.33
338.72	-341.34
338.72	-360.00
338.72	-340.00
338.72	-349.34
338.72	-311.34
338.72	-331.34
338.73	-320.00
338.73	-352.00
338.73	-348.00
338.73	-351.34
338.73	-368.66
338.73	-373.33
338.73	-360.00
338.73	-388.66
338.73	-376.67
338.74	-383.33
338.74	-356.00
338.74	-316.00
338.74	-302.00
338.74	-337.33
338.74	-348.00
338.74	-362.00
338.74	-361.34
338.75	-381.34
338.75	-351.34
338.75	-352.67
338.75	-358.00
338.75	-290.00
338.75	-295.33
338.75	-314.00
338.75	-330.00
338.75	-338.66
338.76	-349.34
338.76	-352.00
338.76	-320.66
338.76	-307.33
338.76	-360.00
338.76	-333.33
338.76	-360.00
338.76	-364.00
338.77	-364.67
338.77	-331.34
338.77	-279.34
338.77	-283.33
338.77	-350.66
338.77	-329.34
338.77	-353.33
338.77	-356.00
338.78	-361.34
338.78	-372.00
338.78	-361.34
338.78	-360.00
338.78	-387.33
338.78	-338.00
338.78	-343.33
338.78	-332.67
338.78	-332.00
338.79	-316.67
338.79	-288.66
338.79	-315.33
338.79	-306.00
338.79	-292.00
338.79	-290.00
338.79	-280.00
338.79	-280.00
338.80	-310.00
338.80	-280.66
338.80	-269.34
338.80	-287.33
338.80	-298.00
338.80	-289.34
338.80	-292.67
338.80	-280.00
338.80	-280.00
338.81	-329.34
338.81	-338.66
338.81	-354.67
338.81	-360.66
338.81	-359.34
338.81	-370.66
338.81	-326.00
338.81	-278.66
338.82	-280.00
338.82	-306.00
338.82	-331.34
338.82	-349.34
338.82	-330.00
338.82	-329.34
338.82	-312.00
338.82	-348.00
338.83	-311.34
338.83	-280.00
338.83	-263.33
338.83	-256.00
338.83	-262.67
338.83	-285.33
338.83	-329.34
338.83	-298.66
338.83	-302.67
338.84	-305.33
338.84	-293.33
338.84	-313.33
338.84	-308.00
338.84	-295.33
338.84	-281.34
338.84	-328.66
338.84	-294.00
338.85	-285.33
338.85	-292.00
338.85	-316.00
338.85	-281.34
338.85	-280.00
338.85	-280.00
338.85	-280.00
338.85	-286.00
338.85	-310.00
338.86	-282.00
338.86	-286.67
338.86	-280.00
338.86	-311.34
338.86	-283.33
338.86	-278.00
338.86	-279.34
338.86	-280.00
338.87	-280.00
338.87	-282.67
338.87	-286.67
338.87	-275.33
338.87	-277.33
338.87	-275.33
338.87	-257.33
338.87	-260.00
338.88	-272.67
338.88	-284.00
338.88	-307.33
338.88	-277.33
338.88	-275.33
338.88	-273.33
338.88	-268.66
338.88	-270.00
338.88	-284.67
338.89	-288.00
338.89	-279.34
338.89	-284.67
338.89	-284.00
338.89	-280.00
338.89	-280.00
338.89	-269.34
338.89	-274.00
338.90	-278.00
338.90	-314.00
338.90	-335.33
338.90	-332.00
338.90	-331.34
338.90	-320.00
338.90	-290.00
338.90	-288.00
338.91	-290.00
338.91	-284.67
338.91	-276.00
338.91	-280.00
338.91	-296.67
338.91	-268.66
338.91	-280.00
338.91	-272.00
338.91	-264.67
338.92	-260.00
338.92	-273.33
338.92	-266.00
338.92	-266.00
338.92	-270.66
338.92	-280.00
338.92	-290.66
338.92	-314.00
338.93	-300.66
338.93	-278.00
338.93	-269.34
338.93	-280.00
338.93	-302.67
338.93	-299.34
338.93	-280.00
338.93	-278.66
338.93	-261.34
338.94	-298.66
338.94	-358.00
338.94	-360.00
338.94	-318.66
338.94	-322.00
338.94	-336.00
338.94	-284.00
338.94	-280.00
338.95	-282.00
338.95	-282.67
338.95	-280.00
338.95	-280.00
338.95	-279.34
338.95	-263.33
338.95	-277.33
338.95	-317.33
338.96	-272.00
338.96	-276.00
338.96	-289.34
338.96	-269.34
338.96	-280.00
338.96	-270.00
338.96	-261.34
338.96	-267.33
338.96	-312.67
338.97	-322.67
338.97	-322.67
338.97	-280.00
338.97	-280.00
338.97	-292.67
338.97	-271.34
338.97	-260.00
338.97	-269.34
338.98	-278.00
338.98	-273.33
338.98	-286.00
338.98	-280.00
338.98	-274.67
338.98	-280.00
338.98	-263.33
338.98	-267.33
338.98	-280.00
338.99	-280.00
338.99	-280.00
338.99	-272.00
338.99	-276.00
338.99	-272.00
338.99	-261.34
338.99	-277.33
338.99	-285.33
339.00	-279.34
339.00	-268.00
339.00	-256.00
339.00	-278.66
339.00	-280.00
339.00	-303.33
339.00	-280.66
339.00	-260.00
339.01	-262.00
339.01	-271.34
339.01	-283.33
339.01	-280.00
339.01	-266.00
339.01	-266.00
339.01	-269.34
339.01	-278.66
339.01	-280.00
339.02	-280.00
339.02	-279.34
339.02	-280.00
339.02	-278.66
339.02	-268.00
339.02	-264.00
339.02	-278.66
339.02	-279.34
339.03	-251.34
339.03	-261.34
339.03	-278.00
339.03	-274.67
339.03	-260.00
339.03	-258.00
339.03	-260.00
339.03	-278.00
339.04	-276.00
339.04	-275.33
339.04	-256.67
339.04	-249.34
339.04	-255.33
339.04	-260.00
339.04	-262.67
339.04	-280.00
339.04	-280.00
339.05	-278.00
339.05	-262.00
339.05	-270.00
339.05	-255.33
339.05	-270.00
339.05	-264.00
339.05	-261.34
339.05	-263.33
339.06	-270.66
339.06	-274.00
339.06	-262.67
339.06	-261.34
339.06	-274.67
339.06	-264.67
339.06	-272.00
339.06	-266.67
339.06	-269.34
339.07	-272.00
339.07	-260.00
339.07	-260.66
339.07	-274.67
339.07	-280.66
339.07	-299.34
339.07	-283.33
339.07	-280.00
339.08	-280.00
339.08	-278.66
339.08	-280.00
339.08	-258.66
339.08	-258.00
339.08	-260.00
339.08	-273.33
339.08	-244.00
339.09	-252.67
339.09	-264.67
339.09	-276.67
339.09	-260.66
339.09	-258.66
339.09	-271.34
339.09	-266.00
339.09	-248.66
339.09	-270.66
339.10	-274.00
339.10	-280.00
339.10	-276.00
339.10	-266.00
339.10	-268.66
339.10	-278.00
339.10	-272.00
339.10	-260.00
339.11	-260.00
339.11	-255.33
339.11	-273.33
339.11	-280.00
339.11	-280.00
339.11	-296.00
339.11	-284.67
339.11	-263.33
339.11	-276.67
339.12	-280.00
339.12	-270.00
339.12	-273.33
339.12	-274.00
339.12	-263.33
339.12	-277.33
339.12	-262.67
339.12	-259.34
339.13	-258.00
339.13	-253.33
339.13	-268.00
339.13	-275.33
339.13	-280.00
339.13	-284.67
339.13	-280.00
339.13	-280.00
339.14	-280.00
339.14	-272.00
339.14	-246.00
339.14	-270.00
339.14	-266.00
339.14	-258.00
339.14	-258.00
339.14	-273.33
339.14	-290.00
339.15	-280.00
339.15	-326.67
339.15	-285.33
339.15	-299.34
339.15	-320.66
339.15	-288.00
339.15	-280.00
339.15	-270.66
339.16	-278.00
339.16	-271.34
339.16	-258.66
339.16	-260.66
339.16	-254.00
339.16	-226.00
339.16	-241.34
339.16	-242.00
339.16	-200.66
339.17	-231.34
339.17	-261.34
339.17	-261.34
339.17	-256.00
339.17	-274.67
339.17	-279.34
339.17	-268.66
339.17	-256.00
339.18	-257.33
339.18	-252.67
339.18	-248.00
339.18	-248.00
339.18	-258.00
339.18	-264.67
339.18	-280.00
339.18	-263.33
339.19	-256.67
339.19	-236.67
339.19	-221.34
339.19	-259.34
339.19	-265.33
339.19	-266.00
339.19	-264.00
339.19	-259.34
339.19	-260.00
339.20	-259.34
339.20	-254.67
339.20	-258.00
339.20	-260.66
339.20	-275.33
339.20	-262.67
339.20	-273.33
339.20	-276.00
339.21	-259.34
339.21	-247.33
339.21	-252.00
339.21	-252.67
339.21	-238.66
339.21	-220.66
339.21	-246.67
339.21	-272.67
339.22	-272.00
339.22	-269.34
339.22	-272.67
339.22	-242.67
339.22	-231.34
339.22	-266.67
339.22	-270.66
339.22	-264.00
339.22	-278.00
339.23	-264.67
339.23	-257.33
339.23	-247.33
339.23	-237.33
339.23	-248.00
339.23	-278.66
339.23	-258.00
339.23	-253.33
339.24	-266.00
339.24	-266.67
339.24	-278.00
339.24	-265.33
339.24	-268.00
339.24	-278.00
339.24	-260.66
339.24	-256.67
339.24	-263.33
339.25	-260.00
339.25	-259.34
339.25	-267.33
339.25	-257.33
339.25	-247.33
339.25	-265.33
339.25	-260.66
339.25	-264.00
339.26	-260.00
339.26	-263.33
339.26	-272.00
339.26	-270.66
339.26	-291.34
339.26	-292.67
339.26	-301.34
339.26	-277.33
339.27	-266.67
339.27	-272.00
339.27	-274.67
339.27	-254.67
339.27	-248.66
339.27	-260.00
339.27	-246.67
339.27	-240.66
339.27	-222.67
339.28	-200.00
339.28	-207.33
339.28	-244.00
339.28	-246.67
339.28	-267.33
339.28	-270.00
339.28	-262.67
339.28	-272.67
339.29	-259.34
339.29	-266.67
339.29	-259.34
339.29	-266.00
339.29	-280.00
339.29	-269.34
339.29	-263.33
339.29	-257.33
339.29	-265.33
339.30	-264.67
339.30	-254.00
339.30	-250.66
339.30	-259.34
339.30	-274.00
339.30	-272.67
339.30	-276.00
339.30	-280.00
339.31	-274.00
339.31	-261.34
339.31	-278.00
339.31	-264.67
339.31	-249.34
339.31	-238.66
339.31	-208.66
339.31	-210.00
339.32	-240.66
339.32	-252.00
339.32	-250.66
339.32	-253.33
339.32	-261.34
339.32	-267.33
339.32	-272.67
339.32	-278.00
339.32	-260.66
339.33	-259.34
339.33	-260.00
339.33	-260.00
339.33	-280.00
339.33	-274.00
339.33	-270.66
339.33	-254.67
339.33	-256.00
339.34	-228.00
339.34	-209.34
339.34	-254.67
339.34	-262.67
339.34	-276.67
339.34	-276.00
339.34	-270.00
339.34	-274.67
339.35	-264.00
339.35	-268.00
339.35	-221.34
339.35	-210.00
339.35	-240.00
339.35	-248.00
339.35	-256.00
339.35	-250.66
339.35	-256.67
339.36	-242.67
339.36	-263.33
339.36	-275.33
339.36	-268.00
339.36	-250.00
339.36	-242.67
339.36	-226.67
339.36	-260.00
339.37	-259.34
339.37	-246.67
339.37	-258.66
339.37	-256.00
339.37	-262.67
339.37	-260.00
339.37	-269.34
339.37	-238.00
339.37	-244.67
339.38	-249.34
339.38	-252.00
339.38	-235.33
339.38	-253.33
339.38	-260.00
339.38	-258.66
339.38	-247.33
339.38	-250.66
339.39	-241.34
339.39	-264.67
339.39	-278.66
339.39	-280.00
339.39	-272.00
339.39	-251.34
339.39	-245.33
339.39	-208.00
339.40	-230.00
339.40	-258.66
339.40	-271.34
339.40	-259.34
339.40	-268.66
339.40	-253.33
339.40	-252.67
339.40	-219.34
339.40	-225.33
339.41	-260.00
339.41	-233.33
339.41	-236.00
339.41	-246.67
339.41	-249.34
339.41	-259.34
339.41	-256.00
339.41	-246.67
339.42	-255.33
339.42	-258.00
339.42	-263.33
339.42	-244.00
339.42	-259.34
339.42	-248.00
339.42	-267.33
339.42	-266.00
339.42	-262.00
339.43	-272.67
339.43	-275.33
339.43	-267.33
339.43	-268.66
339.43	-251.34
339.43	-272.00
339.43	-260.66
339.43	-208.00
339.44	-228.00
339.44	-259.34
339.44	-269.34
339.44	-258.00
339.44	-265.33
339.44	-264.00
339.44	-270.66
339.44	-270.66
339.45	-266.67
339.45	-251.34
339.45	-247.33
339.45	-248.66
339.45	-250.66
339.45	-206.00
339.45	-230.66
339.45	-204.00
339.45	-245.33
339.46	-260.00
339.46	-235.33
339.46	-257.33
339.46	-269.34
339.46	-256.00
339.46	-259.34
339.46	-261.34
339.46	-271.34
339.47	-263.33
339.47	-262.67
339.47	-276.67
339.47	-279.34
339.47	-278.00
339.47	-265.33
339.47	-245.33
339.47	-266.00
339.47	-265.33
339.48	-249.34
339.48	-246.67
339.48	-274.00
339.48	-279.34
339.48	-275.33
339.48	-270.66
339.48	-264.00
339.48	-279.34
339.49	-262.67
339.49	-258.66
339.49	-255.33
339.49	-262.67
339.49	-261.34
339.49	-230.00
339.49	-200.00
339.49	-236.67
339.50	-265.33
339.50	-260.00
339.50	-264.67
339.50	-260.00
339.50	-238.66
339.50	-223.33
339.50	-213.33
339.50	-254.67
339.50	-257.33
339.51	-271.34
339.51	-253.33
339.51	-257.33
339.51	-261.34
339.51	-262.67
339.51	-259.34
339.51	-251.34
339.51	-249.34
339.52	-229.34
339.52	-260.00
339.52	-270.00
339.52	-257.33
339.52	-246.00
339.52	-254.67
339.52	-260.66
339.52	-270.00
339.53	-262.00
339.53	-280.66
339.53	-316.00
339.53	-271.34
339.53	-260.66
339.53	-266.67
339.53	-276.00
339.53	-275.33
339.53	-257.33
339.54	-242.67
339.54	-257.33
339.54	-260.00
339.54	-246.00
339.54	-248.00
339.54	-234.00
339.54	-248.66
339.54	-226.67
339.55	-247.33
339.55	-251.34
339.55	-259.34
339.55	-258.66
339.55	-275.33
339.55	-278.00
339.55	-264.67
339.55	-263.33
339.55	-264.00
339.56	-264.67
339.56	-266.00
339.56	-260.00
339.56	-258.66
339.56	-266.67
339.56	-242.67
339.56	-258.00
339.56	-245.33
339.57	-250.66
339.57	-236.67
339.57	-262.00
339.57	-271.34
339.57	-252.00
339.57	-256.67
339.57	-246.67
339.57	-200.66
339.58	-209.34
339.58	-250.66
339.58	-251.34
339.58	-260.00
339.58	-245.33
339.58	-219.34
339.58	-255.33
339.58	-275.33
339.58	-276.00
339.59	-270.66
339.59	-258.66
339.59	-260.66
339.59	-247.33
339.59	-258.66
339.59	-268.00
339.59	-286.67
339.59	-279.34
339.60	-262.67
339.60	-248.00
339.60	-218.00
339.60	-252.67
339.60	-255.33
339.60	-250.66
339.60	-250.66
339.60	-234.67
339.60	-253.33
339.61	-248.00
339.61	-268.66
339.61	-260.00
339.61	-252.00
339.61	-249.34
339.61	-259.34
339.61	-260.66
339.61	-280.00
339.62	-278.66
339.62	-268.00
339.62	-282.67
339.62	-284.00
339.62	-272.67
339.62	-272.00
339.62	-275.33
339.62	-271.34
339.63	-270.00
339.63	-271.34
339.63	-254.67
339.63	-253.33
339.63	-258.66
339.63	-255.33
339.63	-258.66
339.63	-250.00
339.63	-241.34
339.64	-260.00
339.64	-249.34
339.64	-246.67
339.64	-262.00
339.64	-254.00
339.64	-252.67
339.64	-254.00
339.64	-247.33
339.65	-256.67
339.65	-258.66
339.65	-260.66
339.65	-260.66
339.65	-258.00
339.65	-256.67
339.65	-259.34
339.65	-266.67
339.65	-261.34
339.66	-263.33
339.66	-246.67
339.66	-236.00
339.66	-228.00
339.66	-200.66
339.66	-238.00
339.66	-251.34
339.66	-253.33
339.67	-250.66
339.67	-252.00
339.67	-256.67
339.67	-250.00
339.67	-260.00
339.67	-256.00
339.67	-252.00
339.67	-258.66
339.68	-260.66
339.68	-250.66
339.68	-248.00
339.68	-251.34
339.68	-255.33
339.68	-232.00
339.68	-252.00
339.68	-260.00
339.68	-269.34
339.69	-276.67
339.69	-278.66
339.69	-276.00
339.69	-252.00
339.69	-212.67
339.69	-200.00
339.69	-232.67
339.69	-256.67
339.70	-235.33
339.70	-242.67
339.70	-204.67
339.70	-228.66
339.70	-258.66
339.70	-249.34
339.70	-246.00
339.70	-252.67
339.71	-210.00
339.71	-234.67
339.71	-257.33
339.71	-247.33
339.71	-214.00
339.71	-260.66
339.71	-261.34
339.71	-253.33
339.71	-244.00
339.72	-251.34
339.72	-243.33
339.72	-240.00
339.72	-256.00
339.72	-260.00
339.72	-264.67
339.72	-258.66
339.72	-225.33
339.73	-261.34
339.73	-280.00
339.73	-271.34
339.73	-242.00
339.73	-263.33
339.73	-260.66
339.73	-270.00
339.73	-232.00
339.73	-252.00
339.74	-261.34
339.74	-260.00
339.74	-260.00
339.74	-275.33
339.74	-258.66
339.74	-260.00
339.74	-263.33
339.74	-273.33
339.75	-268.00
339.75	-244.00
339.75	-237.33
339.75	-201.34
339.75	-226.67
339.75	-260.00
339.75	-256.00
339.75	-251.34
339.76	-258.00
339.76	-264.00
339.76	-248.00
339.76	-244.00
339.76	-260.00
339.76	-279.34
339.76	-266.00
339.76	-260.00
339.76	-249.34
339.77	-270.00
339.77	-260.00
339.77	-252.67
339.77	-260.00
339.77	-254.67
339.77	-247.33
339.77	-242.67
339.77	-248.66
339.78	-255.33
339.78	-262.67
339.78	-258.00
339.78	-260.66
339.78	-260.00
339.78	-242.00
339.78	-236.00
339.78	-230.66
339.78	-246.67
339.79	-232.67
339.79	-202.67
339.79	-238.66
339.79	-260.66
339.79	-280.00
339.79	-272.00
339.79	-250.66
339.79	-224.00
339.80	-212.67
339.80	-204.00
339.80	-233.33
339.80	-242.00
339.80	-226.00
339.80	-223.33
339.80	-252.00
339.80	-263.33
339.81	-254.67
339.81	-252.00
339.81	-275.33
339.81	-259.34
339.81	-258.00
339.81	-233.33
339.81	-208.66
339.81	-231.34
339.81	-256.67
339.82	-252.00
339.82	-257.33
339.82	-271.34
339.82	-264.00
339.82	-257.33
339.82	-256.00
339.82	-233.33
339.82	-252.00
339.83	-234.00
339.83	-211.34
339.83	-238.66
339.83	-246.67
339.83	-265.33
339.83	-269.34
339.83	-259.34
339.83	-248.66
339.84	-222.00
339.84	-218.00
339.84	-211.34
339.84	-220.66
339.84	-220.00
339.84	-254.67
339.84	-260.00
339.84	-244.00
339.84	-249.34
339.85	-240.00
339.85	-200.00
339.85	-225.33
339.85	-263.33
339.85	-271.34
339.85	-260.00
339.85	-247.33
339.85	-256.00
339.86	-266.00
339.86	-279.34
339.86	-260.66
339.86	-258.66
339.86	-256.67
339.86	-258.66
339.86	-226.67
339.86	-209.34
339.86	-223.33
339.87	-212.00
339.87	-227.33
339.87	-258.66
339.87	-221.34
339.87	-224.67
339.87	-258.00
339.87	-256.67
339.87	-224.00
339.88	-208.66
339.88	-247.33
339.88	-252.00
339.88	-268.00
339.88	-280.00
339.88	-264.67
339.88	-223.33
339.88	-221.34
339.89	-240.66
339.89	-213.33
339.89	-244.67
339.89	-245.33
339.89	-249.34
339.89	-248.00
339.89	-242.00
339.89	-239.34
339.89	-238.00
339.90	-270.00
339.90	-277.33
339.90	-253.33
339.90	-256.00
339.90	-256.00
339.90	-254.67
339.90	-244.00
339.90	-230.66
339.91	-259.34
339.91	-234.67
339.91	-231.34
339.91	-251.34
339.91	-249.34
339.91	-250.66
339.91	-255.33
339.91	-218.00
339.91	-210.66
339.92	-220.00
339.92	-250.00
339.92	-267.33
339.92	-275.33
339.92	-278.66
339.92	-268.00
339.92	-253.33
339.92	-256.00
339.93	-210.66
339.93	-214.00
339.93	-268.00
339.93	-249.34
339.93	-230.66
339.93	-240.66
339.93	-268.66
339.93	-271.34
339.94	-280.00
339.94	-258.00
339.94	-242.00
339.94	-255.33
339.94	-247.33
339.94	-258.00
339.94	-244.00
339.94	-235.33
339.94	-260.00
339.95	-215.33
339.95	-228.66
339.95	-204.67
339.95	-209.34
339.95	-230.00
339.95	-248.00
339.95	-250.66
339.95	-254.67
339.96	-264.00
339.96	-264.00
339.96	-254.00
339.96	-232.00
339.96	-263.33
339.96	-264.67
339.96	-266.00
339.96	-258.00
339.96	-230.00
339.97	-227.33
339.97	-258.66
339.97	-254.00
339.97	-257.33
339.97	-279.34
339.97	-264.00
339.97	-260.66
339.97	-256.67
339.98	-252.67
339.98	-258.66
339.98	-267.33
339.98	-265.33
339.98	-252.00
339.98	-247.33
339.98	-249.34
339.98	-263.33
339.99	-262.00
339.99	-272.00
339.99	-264.00
339.99	-241.34
339.99	-243.33
339.99	-205.33
339.99	-217.33
339.99	-240.66
339.99	-200.00
340.00	-208.00
340.00	-255.33
340.00	-258.00
340.00	-221.34
340.00	-222.00
340.00	-237.33
340.00	-245.33
340.00	-232.00
340.01	-216.67
340.01	-214.67
340.01	-226.00
340.01	-263.33
340.01	-266.67
340.01	-249.34
340.01	-242.67
340.01	-242.00
340.02	-256.67
340.02	-259.34
340.02	-261.34
340.02	-260.00
340.02	-248.66
340.02	-248.66
340.02	-222.67
340.02	-228.66
340.02	-242.00
340.03	-257.33
340.03	-235.33
340.03	-228.00
340.03	-259.34
340.03	-257.33
340.03	-253.33
340.03	-242.00
340.03	-239.34
340.04	-256.00
340.04	-222.00
340.04	-216.67
340.04	-206.00
340.04	-224.67
340.04	-236.67
340.04	-240.66
340.04	-204.67
340.04	-202.00
340.05	-200.00
340.05	-236.67
340.05	-265.33
340.05	-255.33
340.05	-248.00
340.05	-226.00
340.05	-264.67
340.05	-266.67
340.06	-255.33
340.06	-256.00
340.06	-238.00
340.06	-238.00
340.06	-260.66
340.06	-262.00
340.06	-258.66
340.06	-254.00
340.07	-229.34
340.07	-200.00
340.07	-218.66
340.07	-241.34
340.07	-230.00
340.07	-228.66
340.07	-259.34
340.07	-261.34
340.07	-256.00
340.08	-264.00
340.08	-261.34
340.08	-243.33
340.08	-219.34
340.08	-230.66
340.08	-205.33
340.08	-250.00
340.08	-241.34
340.09	-253.33
340.09	-237.33
340.09	-224.67
340.09	-248.66
340.09	-256.00
340.09	-258.66
340.09	-236.00
340.09	-249.34
340.09	-236.00
340.10	-216.00
340.10	-219.34
340.10	-232.67
340.10	-244.00
340.10	-222.00
340.10	-213.33
340.10	-246.00
340.10	-241.34
340.11	-233.33
340.11	-254.67
340.11	-235.33
340.11	-218.66
340.11	-250.66
340.11	-250.00
340.11	-234.00
340.11	-200.00
340.12	-200.00
340.12	-220.00
340.12	-256.00
340.12	-255.33
340.12	-236.67
340.12	-218.00
340.12	-231.34
340.12	-226.67
340.12	-247.33
340.13	-268.00
340.13	-262.00
340.13	-250.00
340.13	-246.00
340.13	-226.67
340.13	-246.67
340.13	-258.66
340.13	-241.34
340.14	-230.66
340.14	-258.66
340.14	-254.00
340.14	-257.33
340.14	-262.67
340.14	-254.00
340.14	-256.00
340.14	-257.33
340.14	-248.66
340.15	-250.00
340.15	-232.00
340.15	-248.66
340.15	-267.33
340.15	-240.00
340.15	-253.33
340.15	-266.00
340.15	-245.33
340.16	-203.33
340.16	-200.00
340.16	-200.00
340.16	-209.34
340.16	-248.66
340.16	-259.34
340.16	-256.67
340.16	-256.00
340.17	-263.33
340.17	-261.34
340.17	-227.33
340.17	-255.33
340.17	-274.00
340.17	-260.00
340.17	-216.00
340.17	-228.66
340.17	-266.00
340.18	-274.67
340.18	-266.67
340.18	-258.66
340.18	-248.00
340.18	-260.00
340.18	-262.00
340.18	-265.33
340.18	-254.00
340.19	-252.67
340.19	-259.34
340.19	-256.67
340.19	-256.00
340.19	-228.66
340.19	-248.00
340.19	-266.67
340.19	-250.66
340.20	-248.00
340.20	-262.67
340.20	-251.34
340.20	-209.34
340.20	-252.00
340.20	-211.34
340.20	-200.00
340.20	-216.67
340.20	-200.00
340.21	-200.00
340.21	-223.33
340.21	-246.00
340.21	-233.33
340.21	-254.00
340.21	-226.67
340.21	-203.33
340.21	-246.67
340.22	-246.67
340.22	-260.00
340.22	-258.66
340.22	-249.34
340.22	-266.00
340.22	-250.66
340.22	-245.33
340.22	-203.33
340.22	-242.67
340.23	-245.33
340.23	-222.00
340.23	-200.00
340.23	-200.00
340.23	-200.00
340.23	-240.66
340.23	-236.67
340.23	-224.67
340.24	-217.33
340.24	-244.67
340.24	-258.00
340.24	-248.66
340.24	-262.00
340.24	-238.66
340.24	-200.00
340.24	-229.34
340.25	-230.00
340.25	-225.33
340.25	-246.67
340.25	-248.00
340.25	-250.66
340.25	-255.33
340.25	-271.34
340.25	-273.33
340.25	-238.00
340.26	-244.00
340.26	-247.33
340.26	-254.67
340.26	-240.66
340.26	-211.34
340.26	-216.67
340.26	-232.00
340.26	-261.34
340.27	-260.00
340.27	-260.00
340.27	-253.33
340.27	-234.67
340.27	-253.33
340.27	-258.00
340.27	-248.00
340.27	-238.66
340.27	-248.00
340.28	-259.34
340.28	-249.34
340.28	-255.33
340.28	-257.33
340.28	-241.34
340.28	-244.00
340.28	-250.66
340.28	-228.66
340.29	-209.34
340.29	-246.00
340.29	-259.34
340.29	-234.00
340.29	-200.00
340.29	-200.00
340.29	-241.34
340.29	-256.67
340.30	-254.67
340.30	-258.66
340.30	-274.67
340.30	-318.66
340.30	-276.67
340.30	-280.00
340.30	-276.67
340.30	-258.66
340.30	-266.00
340.31	-271.34
340.31	-280.00
340.31	-271.34
340.31	-247.33
340.31	-248.00
340.31	-230.00
340.31	-256.67
340.31	-261.34
340.32	-256.00
340.32	-244.00
340.32	-222.67
340.32	-208.00
340.32	-257.33
340.32	-262.00
340.32	-271.34
340.32	-246.00
340.33	-232.00
340.33	-209.34
340.33	-260.00
340.33	-261.34
340.33	-219.34
340.33	-245.33
340.33	-254.67
340.33	-255.33
340.33	-255.33
340.34	-264.00
340.34	-263.33
340.34	-241.34
340.34	-245.33
340.34	-241.34
340.34	-248.00
340.34	-246.00
340.34	-200.00
340.35	-208.66
340.35	-216.67
340.35	-227.33
340.35	-213.33
340.35	-211.34
340.35	-234.67
340.35	-242.67
340.35	-254.67
340.35	-266.67
340.36	-276.67
340.36	-262.67
340.36	-254.67
340.36	-244.00
340.36	-258.00
