335.48	-240.00
335.48	-222.67
335.48	-200.00
335.48	-200.00
335.48	-230.00
335.48	-246.00
335.49	-210.00
335.49	-210.00
335.49	-200.00
335.49	-200.66
335.49	-204.67
335.49	-206.67
335.49	-218.00
335.49	-209.34
335.50	-227.33
335.50	-228.66
335.50	-230.66
335.50	-254.67
335.50	-234.67
335.50	-260.00
335.50	-231.34
335.50	-226.00
335.50	-256.00
335.51	-253.33
335.51	-236.67
335.51	-236.00
335.51	-212.00
335.51	-200.00
335.51	-231.34
335.51	-242.00
335.51	-218.00
335.52	-213.33
335.52	-222.00
335.52	-200.00
335.52	-204.67
335.52	-217.33
335.52	-212.00
335.52	-238.66
335.52	-242.00
335.53	-240.00
335.53	-207.33
335.53	-200.00
335.53	-208.66
335.53	-236.67
335.53	-200.00
335.53	-214.00
335.53	-209.34
335.53	-211.34
335.54	-232.00
335.54	-244.00
335.54	-240.00
335.54	-212.67
335.54	-226.00
335.54	-200.00
335.54	-232.00
335.54	-255.33
335.55	-248.00
335.55	-266.00
335.55	-277.33
335.55	-254.00
335.55	-256.00
335.55	-252.00
335.55	-221.34
335.55	-233.33
335.55	-230.66
335.56	-246.67
335.56	-228.00
335.56	-218.00
335.56	-201.34
335.56	-248.66
335.56	-255.33
335.56	-258.66
335.56	-251.34
335.57	-234.67
335.57	-200.00
335.57	-200.00
335.57	-248.00
335.57	-250.66
335.57	-248.00
335.57	-212.00
335.57	-222.00
335.58	-219.34
335.58	-241.34
335.58	-233.33
335.58	-216.67
335.58	-212.00
335.58	-227.33
335.58	-212.00
335.58	-179.34
335.58	-208.00
335.59	-206.67
335.59	-202.67
335.59	-226.67
335.59	-210.66
335.59	-200.00
335.59	-200.00
335.59	-206.00
335.59	-240.00
335.60	-209.34
335.60	-234.67
335.60	-260.00
335.60	-254.00
335.60	-251.34
335.60	-258.66
335.60	-226.67
335.60	-206.00
335.60	-239.34
335.61	-260.00
335.61	-255.33
335.61	-233.33
335.61	-238.66
335.61	-206.67
335.61	-212.00
335.61	-242.00
335.61	-248.66
335.62	-229.34
335.62	-200.00
335.62	-210.00
335.62	-218.66
335.62	-208.66
335.62	-220.00
335.62	-200.00
335.62	-200.00
335.63	-210.00
335.63	-200.00
335.63	-211.34
335.63	-230.66
335.63	-223.33
335.63	-204.00
335.63	-252.00
335.63	-228.00
335.63	-215.33
335.64	-238.00
335.64	-240.00
335.64	-210.00
335.64	-200.00
335.64	-214.00
335.64	-224.00
335.64	-200.00
335.64	-206.67
335.65	-239.34
335.65	-233.33
335.65	-226.00
335.65	-240.66
335.65	-218.00
335.65	-235.33
335.65	-249.34
335.65	-249.34
335.66	-206.67
335.66	-236.67
335.66	-252.67
335.66	-201.34
335.66	-200.00
335.66	-206.67
335.66	-222.00
335.66	-222.00
335.66	-242.00
335.67	-238.00
335.67	-243.33
335.67	-200.00
335.67	-200.00
335.67	-208.00
335.67	-234.00
335.67	-200.00
335.67	-218.66
335.68	-249.34
335.68	-259.34
335.68	-260.00
335.68	-252.67
335.68	-244.00
335.68	-235.33
335.68	-251.34
335.68	-245.33
335.68	-212.00
335.69	-244.67
335.69	-248.66
335.69	-218.00
335.69	-245.33
335.69	-251.34
335.69	-229.34
335.69	-233.33
335.69	-236.00
335.70	-255.33
335.70	-250.66
335.70	-254.67
335.70	-252.00
335.70	-243.33
335.70	-244.67
335.70	-257.33
335.70	-260.00
335.71	-250.00
335.71	-248.00
335.71	-248.00
335.71	-206.00
335.71	-200.00
335.71	-201.34
335.71	-240.66
335.71	-214.00
335.71	-254.00
335.72	-217.33
335.72	-234.67
335.72	-202.00
335.72	-207.33
335.72	-241.34
335.72	-254.00
335.72	-244.00
335.72	-242.00
335.73	-204.67
335.73	-226.00
335.73	-244.67
335.73	-259.34
335.73	-256.67
335.73	-260.66
335.73	-258.00
335.73	-268.00
335.73	-249.34
335.74	-211.34
335.74	-235.33
335.74	-220.00
335.74	-228.66
335.74	-241.34
335.74	-229.34
335.74	-200.00
335.74	-222.00
335.75	-205.33
335.75	-226.00
335.75	-200.00
335.75	-200.00
335.75	-213.33
335.75	-206.00
335.75	-211.34
335.75	-229.34
335.76	-221.34
335.76	-202.67
335.76	-209.34
335.76	-211.34
335.76	-200.00
335.76	-224.00
335.76	-248.00
335.76	-245.33
335.76	-241.34
335.77	-242.00
335.77	-235.33
335.77	-218.00
335.77	-223.33
335.77	-229.34
335.77	-255.33
335.77	-211.34
335.77	-208.00
335.78	-220.66
335.78	-200.00
335.78	-224.00
335.78	-216.00
335.78	-216.00
335.78	-259.34
335.78	-240.66
335.78	-200.00
335.78	-200.00
335.79	-178.00
335.79	-208.00
335.79	-209.34
335.79	-242.00
335.79	-257.33
335.79	-255.33
335.79	-240.00
335.79	-251.34
335.80	-231.34
335.80	-200.00
335.80	-206.67
335.80	-200.00
335.80	-200.00
335.80	-200.00
335.80	-203.33
335.80	-223.33
335.81	-225.33
335.81	-192.67
335.81	-185.33
335.81	-236.67
335.81	-223.33
335.81	-202.67
335.81	-224.67
335.81	-244.00
335.81	-249.34
335.82	-226.00
335.82	-256.67
335.82	-226.00
335.82	-200.00
335.82	-200.00
335.82	-200.00
335.82	-208.00
335.82	-242.67
335.83	-234.00
335.83	-241.34
335.83	-212.67
335.83	-216.00
335.83	-252.00
335.83	-250.66
335.83	-242.67
335.83	-208.00
335.84	-225.33
335.84	-254.00
335.84	-254.00
335.84	-246.67
335.84	-240.00
335.84	-201.34
335.84	-217.33
335.84	-236.67
335.84	-206.00
335.85	-203.33
335.85	-254.00
335.85	-221.34
335.85	-233.33
335.85	-210.66
335.85	-231.34
335.85	-236.00
335.85	-200.00
335.86	-221.34
335.86	-245.33
335.86	-203.33
335.86	-200.00
335.86	-230.00
335.86	-201.34
335.86	-221.34
335.86	-220.00
335.86	-200.00
335.87	-222.00
335.87	-258.66
335.87	-270.00
335.87	-259.34
335.87	-241.34
335.87	-215.33
335.87	-240.66
335.87	-256.00
335.88	-252.00
335.88	-259.34
335.88	-270.00
335.88	-249.34
335.88	-244.67
335.88	-210.00
335.88	-200.00
335.88	-200.00
335.89	-248.00
335.89	-226.00
335.89	-206.67
335.89	-248.00
335.89	-243.33
335.89	-208.00
335.89	-202.67
335.89	-246.67
335.89	-216.00
335.90	-200.00
335.90	-200.00
335.90	-200.00
335.90	-194.00
335.90	-238.66
335.90	-230.66
335.90	-240.00
335.90	-226.67
335.91	-236.67
335.91	-250.66
335.91	-213.33
335.91	-230.66
335.91	-248.66
335.91	-251.34
335.91	-242.00
335.91	-252.67
335.91	-244.00
335.92	-200.00
335.92	-200.00
335.92	-200.00
335.92	-218.66
335.92	-232.00
335.92	-242.67
335.92	-217.33
335.92	-252.00
335.93	-247.33
335.93	-260.66
335.93	-238.00
335.93	-224.67
335.93	-223.33
335.93	-216.67
335.93	-200.00
335.93	-232.67
335.94	-202.00
335.94	-254.67
335.94	-242.00
335.94	-223.33
335.94	-228.66
335.94	-214.00
335.94	-222.67
335.94	-244.00
335.94	-234.00
335.95	-256.67
335.95	-237.33
335.95	-231.34
335.95	-257.33
335.95	-260.00
335.95	-260.00
335.95	-251.34
335.95	-226.67
335.96	-236.00
335.96	-258.66
335.96	-258.00
335.96	-245.33
335.96	-241.34
335.96	-222.00
335.96	-228.66
335.96	-250.00
335.96	-207.33
335.97	-200.00
335.97	-200.00
335.97	-200.00
335.97	-200.00
335.97	-231.34
335.97	-232.00
335.97	-208.00
335.97	-204.67
335.98	-205.33
335.98	-230.00
335.98	-244.67
335.98	-240.66
335.98	-212.67
335.98	-219.34
335.98	-245.33
335.98	-219.34
335.99	-210.00
335.99	-247.33
335.99	-201.34
335.99	-200.00
335.99	-221.34
335.99	-237.33
335.99	-242.67
335.99	-252.00
335.99	-228.66
336.00	-200.00
336.00	-234.67
336.00	-262.67
336.00	-250.66
336.00	-246.00
336.00	-251.34
336.00	-266.67
336.00	-258.66
336.01	-240.66
336.01	-208.66
336.01	-200.00
336.01	-230.66
336.01	-216.00
336.01	-200.00
336.01	-214.67
336.01	-239.34
336.02	-200.00
336.02	-221.34
336.02	-223.33
336.02	-250.00
336.02	-256.00
336.02	-247.33
336.02	-232.67
336.02	-211.34
336.02	-209.34
336.03	-200.00
336.03	-200.00
336.03	-182.00
336.03	-162.00
336.03	-184.67
336.03	-194.67
336.03	-200.00
336.03	-219.34
336.04	-200.00
336.04	-206.00
336.04	-247.33
336.04	-248.00
336.04	-244.00
336.04	-234.67
336.04	-232.67
336.04	-215.33
336.04	-253.33
336.05	-254.00
336.05	-238.00
336.05	-206.67
336.05	-200.00
336.05	-203.33
336.05	-190.66
336.05	-226.67
336.05	-242.67
336.06	-254.00
336.06	-242.67
336.06	-200.00
336.06	-200.00
336.06	-213.33
336.06	-216.00
336.06	-212.67
336.06	-260.00
336.07	-246.67
336.07	-252.00
336.07	-202.67
336.07	-228.66
336.07	-200.66
336.07	-220.66
336.07	-227.33
336.07	-236.67
336.07	-260.00
336.08	-257.33
336.08	-260.66
336.08	-255.33
336.08	-252.00
336.08	-228.66
336.08	-243.33
336.08	-205.33
336.08	-200.66
336.09	-214.67
336.09	-216.67
336.09	-224.00
336.09	-200.00
336.09	-210.00
336.09	-215.33
336.09	-230.66
336.09	-260.00
336.09	-234.67
336.10	-211.34
336.10	-230.66
336.10	-226.00
336.10	-224.67
336.10	-254.00
336.10	-238.00
336.10	-200.00
336.10	-214.00
336.11	-202.00
336.11	-238.66
336.11	-211.34
336.11	-212.67
336.11	-200.00
336.11	-221.34
336.11	-200.00
336.11	-200.00
336.12	-236.67
336.12	-256.67
336.12	-238.66
336.12	-244.00
336.12	-216.00
336.12	-221.34
336.12	-200.00
336.12	-206.67
336.12	-204.00
336.13	-214.00
336.13	-211.34
336.13	-230.66
336.13	-200.00
336.13	-200.00
336.13	-219.34
336.13	-200.00
336.13	-200.00
336.14	-178.00
336.14	-224.67
336.14	-216.67
336.14	-206.00
336.14	-224.00
336.14	-206.00
336.14	-224.67
336.14	-200.00
336.15	-208.66
336.15	-200.00
336.15	-212.67
336.15	-217.33
336.15	-200.00
336.15	-220.00
336.15	-200.00
336.15	-200.00
336.15	-200.00
336.16	-204.00
336.16	-222.67
336.16	-227.33
336.16	-240.66
336.16	-244.67
336.16	-258.00
336.16	-253.33
336.16	-251.34
336.17	-224.67
336.17	-200.00
336.17	-220.66
336.17	-242.00
336.17	-222.67
336.17	-216.00
336.17	-200.00
336.17	-207.33
336.17	-256.00
336.18	-240.66
336.18	-200.00
336.18	-210.66
336.18	-208.00
336.18	-207.33
336.18	-212.00
336.18	-227.33
336.18	-211.34
336.19	-227.33
336.19	-200.00
336.19	-213.33
336.19	-200.00
336.19	-200.00
336.19	-196.67
336.19	-200.00
336.19	-200.00
336.20	-202.67
336.20	-208.66
336.20	-243.33
336.20	-236.00
336.20	-200.00
336.20	-200.00
336.20	-212.67
336.20	-251.34
336.20	-220.66
336.21	-216.67
336.21	-200.00
336.21	-210.66
336.21	-225.33
336.21	-258.66
336.21	-262.00
336.21	-260.00
336.21	-244.00
336.22	-211.34
336.22	-227.33
336.22	-236.67
336.22	-248.00
336.22	-219.34
336.22	-248.00
336.22	-224.00
336.22	-238.00
336.22	-248.66
336.23	-259.34
336.23	-253.33
336.23	-231.34
336.23	-200.00
336.23	-200.00
336.23	-230.00
336.23	-252.00
336.23	-230.00
336.24	-220.66
336.24	-230.66
336.24	-234.00
336.24	-206.00
336.24	-202.67
336.24	-240.66
336.24	-200.00
336.24	-201.34
336.25	-252.00
336.25	-255.33
336.25	-210.66
336.25	-204.67
336.25	-200.00
336.25	-210.66
336.25	-252.00
336.25	-200.00
336.25	-217.33
336.26	-200.00
336.26	-235.33
336.26	-214.00
336.26	-202.67
336.26	-231.34
336.26	-202.67
336.26	-241.34
336.26	-259.34
336.27	-247.33
336.27	-253.33
336.27	-217.33
336.27	-219.34
336.27	-254.67
336.27	-214.67
336.27	-200.00
336.27	-225.33
336.27	-210.00
336.28	-200.00
336.28	-214.67
336.28	-238.00
336.28	-200.00
336.28	-202.67
336.28	-209.34
336.28	-209.34
336.28	-210.66
336.29	-202.67
336.29	-200.00
336.29	-200.00
336.29	-218.66
336.29	-200.00
336.29	-222.67
336.29	-246.00
336.29	-245.33
336.30	-205.33
336.30	-207.33
336.30	-201.34
336.30	-225.33
336.30	-224.00
336.30	-215.33
336.30	-205.33
336.30	-200.00
336.30	-222.00
336.31	-215.33
336.31	-230.00
336.31	-252.67
336.31	-241.34
336.31	-212.00
336.31	-196.00
336.31	-199.34
336.31	-207.33
336.32	-200.00
336.32	-200.00
336.32	-200.00
336.32	-200.00
336.32	-186.67
336.32	-180.66
336.32	-211.34
336.32	-214.00
336.33	-206.00
336.33	-200.00
336.33	-200.00
336.33	-200.00
336.33	-218.00
336.33	-207.33
336.33	-228.00
336.33	-200.00
336.33	-200.00
336.34	-238.66
336.34	-241.34
336.34	-256.67
336.34	-232.00
336.34	-252.00
336.34	-228.00
336.34	-211.34
336.34	-200.00
336.35	-196.67
336.35	-195.33
336.35	-224.67
336.35	-208.00
336.35	-182.67
336.35	-214.00
336.35	-240.00
336.35	-200.00
336.35	-208.66
336.36	-202.00
336.36	-241.34
336.36	-248.00
336.36	-257.33
336.36	-232.67
336.36	-200.00
336.36	-211.34
336.36	-244.67
336.37	-260.00
336.37	-256.00
336.37	-206.67
336.37	-223.33
336.37	-222.67
336.37	-203.33
336.37	-214.67
336.37	-231.34
336.38	-200.00
336.38	-206.00
336.38	-228.00
336.38	-200.00
336.38	-203.33
336.38	-218.00
336.38	-224.00
336.38	-210.00
336.38	-200.00
336.39	-200.00
336.39	-210.00
336.39	-222.67
336.39	-240.00
336.39	-251.34
336.39	-213.33
336.39	-213.33
336.39	-200.00
336.40	-216.00
336.40	-200.66
336.40	-206.67
336.40	-216.67
336.40	-200.00
336.40	-200.00
336.40	-200.00
336.40	-224.67
336.40	-234.67
336.41	-222.00
336.41	-245.33
336.41	-258.66
336.41	-257.33
336.41	-206.00
336.41	-200.00
336.41	-200.00
336.41	-223.33
336.42	-210.00
336.42	-200.00
336.42	-200.00
336.42	-218.66
336.42	-210.00
336.42	-200.00
336.42	-220.00
336.42	-236.00
336.43	-202.67
336.43	-200.00
336.43	-208.00
336.43	-200.00
336.43	-216.67
336.43	-217.33
336.43	-234.67
336.43	-246.67
336.43	-234.00
336.44	-210.00
336.44	-212.00
336.44	-200.00
336.44	-200.00
336.44	-208.66
336.44	-211.34
336.44	-232.00
336.44	-223.33
336.45	-245.33
336.45	-236.00
336.45	-253.33
336.45	-260.00
336.45	-229.34
336.45	-200.00
336.45	-200.00
336.45	-179.34
336.46	-183.33
336.46	-191.34
336.46	-218.66
336.46	-219.34
336.46	-212.67
336.46	-233.33
336.46	-220.00
336.46	-200.00
336.46	-200.00
336.47	-203.33
336.47	-181.34
336.47	-223.33
336.47	-216.00
336.47	-220.00
336.47	-202.67
336.47	-231.34
336.47	-206.67
336.48	-200.00
336.48	-200.00
336.48	-210.00
336.48	-200.00
336.48	-232.00
336.48	-210.00
336.48	-204.00
336.48	-200.00
336.48	-176.00
336.49	-160.00
336.49	-196.00
336.49	-210.00
336.49	-226.00
336.49	-245.33
336.49	-254.67
336.49	-225.33
336.49	-200.00
336.50	-200.00
336.50	-203.33
336.50	-221.34
336.50	-219.34
336.50	-225.33
336.50	-217.33
336.50	-247.33
336.50	-232.67
336.51	-224.00
336.51	-208.00
336.51	-200.00
336.51	-214.00
336.51	-214.00
336.51	-200.00
336.51	-200.00
336.51	-200.00
336.51	-203.33
336.52	-237.33
336.52	-204.00
336.52	-206.67
336.52	-218.00
336.52	-223.33
336.52	-242.67
336.52	-253.33
336.52	-254.00
336.53	-253.33
336.53	-235.33
336.53	-220.66
336.53	-213.33
336.53	-258.00
336.53	-244.67
336.53	-216.67
336.53	-253.33
336.53	-256.67
336.54	-244.67
336.54	-247.33
336.54	-201.34
336.54	-210.66
336.54	-220.66
336.54	-208.66
336.54	-243.33
336.54	-234.67
336.55	-258.66
336.55	-240.66
336.55	-253.33
336.55	-260.66
336.55	-246.67
336.55	-200.00
336.55	-229.34
336.55	-233.33
336.56	-224.67
336.56	-200.00
336.56	-221.34
336.56	-239.34
336.56	-211.34
336.56	-236.00
336.56	-225.33
336.56	-204.00
336.56	-245.33
336.57	-224.00
336.57	-211.34
336.57	-238.00
336.57	-200.00
336.57	-208.66
336.57	-210.00
336.57	-207.33
336.57	-200.00
336.58	-200.00
336.58	-200.00
336.58	-169.34
336.58	-173.33
336.58	-180.00
336.58	-222.67
336.58	-211.34
336.58	-232.67
336.58	-242.00
336.59	-246.00
336.59	-216.67
336.59	-214.00
336.59	-211.34
336.59	-200.00
336.59	-218.66
336.59	-221.34
336.59	-210.00
336.60	-200.00
336.60	-200.00
336.60	-200.00
336.60	-223.33
336.60	-201.34
336.60	-200.00
336.60	-188.00
336.60	-228.00
336.61	-213.33
336.61	-200.00
336.61	-233.33
336.61	-234.67
336.61	-200.00
336.61	-196.67
336.61	-160.00
336.61	-160.00
336.61	-178.00
336.62	-204.67
336.62	-202.00
336.62	-218.00
336.62	-225.33
336.62	-229.34
336.62	-194.00
336.62	-194.67
336.62	-170.66
336.63	-227.33
336.63	-206.67
336.63	-181.34
336.63	-200.00
336.63	-231.34
336.63	-212.67
336.63	-239.34
336.63	-246.00
336.64	-256.67
336.64	-246.00
336.64	-205.33
336.64	-200.00
336.64	-202.67
336.64	-206.00
336.64	-216.00
336.64	-233.33
336.64	-200.00
336.65	-220.66
336.65	-214.67
336.65	-200.00
336.65	-209.34
336.65	-214.00
336.65	-200.00
336.65	-230.66
336.65	-228.66
336.66	-212.00
336.66	-234.00
336.66	-227.33
336.66	-214.67
336.66	-220.00
336.66	-204.00
336.66	-202.67
336.66	-206.67
336.66	-212.67
336.67	-241.34
336.67	-200.00
336.67	-228.00
336.67	-200.00
336.67	-201.34
336.67	-203.33
336.67	-200.66
336.67	-200.00
336.68	-190.00
336.68	-180.66
336.68	-156.67
336.68	-133.33
336.68	-156.00
336.68	-196.00
336.68	-234.00
336.68	-215.33
336.69	-206.00
336.69	-234.67
336.69	-200.66
336.69	-206.00
336.69	-200.00
336.69	-200.00
336.69	-224.67
336.69	-234.67
336.69	-249.34
336.70	-231.34
336.70	-204.00
336.70	-227.33
336.70	-224.00
336.70	-210.66
336.70	-230.00
336.70	-200.00
336.70	-200.00
336.71	-204.00
336.71	-232.67
336.71	-216.00
336.71	-191.34
336.71	-178.66
336.71	-134.00
336.71	-140.66
336.71	-166.67
336.71	-222.00
336.72	-237.33
336.72	-200.00
336.72	-200.00
336.72	-193.33
336.72	-164.67
336.72	-186.67
336.72	-206.00
336.72	-219.34
336.73	-235.33
336.73	-200.00
336.73	-196.00
336.73	-198.66
336.73	-176.00
336.73	-174.67
336.73	-204.67
336.73	-204.67
336.74	-203.33
336.74	-178.00
336.74	-200.66
336.74	-188.00
336.74	-211.34
336.74	-215.33
336.74	-200.00
336.74	-189.34
336.74	-160.00
336.75	-165.33
336.75	-161.34
336.75	-174.67
336.75	-186.00
336.75	-212.67
336.75	-191.34
336.75	-169.34
336.75	-186.00
336.76	-186.67
336.76	-210.00
336.76	-227.33
336.76	-238.66
336.76	-224.67
336.76	-200.00
336.76	-210.66
336.76	-202.00
336.76	-200.00
336.77	-212.00
336.77	-218.66
336.77	-182.67
336.77	-200.00
336.77	-204.00
336.77	-189.34
336.77	-160.00
336.77	-160.00
336.78	-166.67
336.78	-214.00
336.78	-212.67
336.78	-198.00
336.78	-181.34
336.78	-177.33
336.78	-161.34
336.78	-185.33
336.79	-202.00
336.79	-182.00
336.79	-190.00
336.79	-196.00
336.79	-169.34
336.79	-161.34
336.79	-160.00
336.79	-174.00
336.79	-181.34
336.80	-194.00
336.80	-160.00
336.80	-170.00
336.80	-192.00
336.80	-229.34
336.80	-200.00
336.80	-204.00
336.80	-206.00
336.81	-202.67
336.81	-234.00
336.81	-202.67
336.81	-202.00
336.81	-224.00
336.81	-219.34
336.81	-206.00
336.81	-202.00
336.82	-198.00
336.82	-228.66
336.82	-196.67
336.82	-173.33
336.82	-186.67
336.82	-175.33
336.82	-160.00
336.82	-205.33
336.82	-178.66
336.83	-170.00
336.83	-160.00
336.83	-153.33
336.83	-191.34
336.83	-175.33
336.83	-184.67
336.83	-210.66
336.83	-209.34
336.84	-228.66
336.84	-182.67
336.84	-190.00
336.84	-204.67
336.84	-171.34
336.84	-168.00
336.84	-156.67
336.84	-202.67
336.84	-217.33
336.85	-201.34
336.85	-160.00
336.85	-160.00
336.85	-160.00
336.85	-160.00
336.85	-154.00
336.85	-170.66
336.85	-167.33
336.86	-128.66
336.86	-176.00
336.86	-186.67
336.86	-162.00
336.86	-180.66
336.86	-201.34
336.86	-208.66
336.86	-225.33
336.87	-192.67
336.87	-176.00
336.87	-178.00
336.87	-200.00
336.87	-178.00
336.87	-145.33
336.87	-138.00
336.87	-160.00
336.87	-151.34
336.88	-212.67
336.88	-234.00
336.88	-209.34
336.88	-200.00
336.88	-200.00
336.88	-200.00
336.88	-165.33
336.88	-160.00
336.89	-181.34
336.89	-211.34
336.89	-200.00
336.89	-200.00
336.89	-173.33
336.89	-141.34
336.89	-152.00
336.89	-168.66
336.89	-163.33
336.90	-183.33
336.90	-160.00
336.90	-160.00
336.90	-168.00
336.90	-204.00
336.90	-182.00
336.90	-187.33
336.90	-184.00
336.91	-194.67
336.91	-208.00
336.91	-200.66
336.91	-218.66
336.91	-199.34
336.91	-133.33
336.91	-158.66
336.91	-160.00
336.92	-193.33
336.92	-196.00
336.92	-178.66
336.92	-186.67
336.92	-192.00
336.92	-165.33
336.92	-190.00
336.92	-175.33
336.92	-197.33
336.93	-191.34
336.93	-170.66
336.93	-154.67
336.93	-158.66
336.93	-160.00
336.93	-160.00
336.93	-160.00
336.93	-132.00
336.94	-125.33
336.94	-136.67
336.94	-167.33
336.94	-200.00
336.94	-198.00
336.94	-177.33
336.94	-169.34
336.94	-184.67
336.95	-160.00
336.95	-160.00
336.95	-150.66
336.95	-160.00
336.95	-135.33
336.95	-132.67
336.95	-160.00
336.95	-173.33
336.95	-190.66
336.96	-155.33
336.96	-168.00
336.96	-186.00
336.96	-161.34
336.96	-160.00
336.96	-164.67
336.96	-170.00
336.96	-228.00
336.97	-200.00
336.97	-173.33
336.97	-207.33
336.97	-186.67
336.97	-120.00
336.97	-149.34
336.97	-160.00
336.97	-178.66
336.97	-177.33
336.98	-187.33
336.98	-146.67
336.98	-153.33
336.98	-144.00
336.98	-116.00
336.98	-114.67
336.98	-120.00
336.98	-140.66
336.99	-160.00
336.99	-160.00
336.99	-160.00
336.99	-160.00
336.99	-160.00
336.99	-148.00
336.99	-120.00
336.99	-150.00
337.00	-160.00
337.00	-183.33
337.00	-220.66
337.00	-162.00
337.00	-158.00
337.00	-136.67
337.00	-148.00
337.00	-160.00
337.00	-128.00
337.01	-128.66
337.01	-138.00
337.01	-137.33
337.01	-120.00
337.01	-120.00
337.01	-120.00
337.01	-128.00
337.01	-165.33
337.02	-188.00
337.02	-177.33
337.02	-148.66
337.02	-129.34
337.02	-123.33
337.02	-160.00
337.02	-160.00
337.02	-160.00
337.02	-148.00
337.03	-144.67
337.03	-118.66
337.03	-133.33
337.03	-184.67
337.03	-136.67
337.03	-120.00
337.03	-154.00
337.03	-142.67
337.04	-123.33
337.04	-160.00
337.04	-122.00
337.04	-136.67
337.04	-109.34
337.04	-111.34
337.04	-117.33
337.04	-114.67
337.05	-125.33
337.05	-133.33
337.05	-107.33
337.05	-105.33
337.05	-102.00
337.05	-108.66
337.05	-126.67
337.05	-124.00
337.05	-118.66
337.06	-120.00
337.06	-126.67
337.06	-120.00
337.06	-120.00
337.06	-120.00
337.06	-118.66
337.06	-106.67
337.06	-118.66
337.07	-151.34
337.07	-160.00
337.07	-135.33
337.07	-139.34
337.07	-117.33
337.07	-116.67
337.07	-116.67
337.07	-118.00
337.07	-119.34
337.08	-126.67
337.08	-126.67
337.08	-118.00
337.08	-139.34
337.08	-151.34
337.08	-120.00
337.08	-120.00
337.08	-118.00
337.09	-116.67
337.09	-120.00
337.09	-139.34
337.09	-128.66
337.09	-119.34
337.09	-119.34
337.09	-107.33
337.09	-113.33
337.10	-138.66
337.10	-138.66
337.10	-120.00
337.10	-124.00
337.10	-160.00
337.10	-116.00
337.10	-98.00
337.10	-115.33
337.10	-108.66
337.11	-88.00
337.11	-100.00
337.11	-109.34
337.11	-132.67
337.11	-128.66
337.11	-114.67
337.11	-110.00
337.11	-115.33
337.12	-113.33
337.12	-116.00
337.12	-99.34
337.12	-112.00
337.12	-121.34
337.12	-139.34
337.12	-132.00
337.12	-122.00
337.13	-109.34
337.13	-103.33
337.13	-92.00
337.13	-88.00
337.13	-70.00
337.13	-74.67
337.13	-93.33
337.13	-114.00
337.13	-92.67
337.14	-115.33
337.14	-129.34
337.14	-128.66
337.14	-94.67
337.14	-92.67
337.14	-91.34
337.14	-93.33
337.14	-100.00
337.15	-111.34
337.15	-129.34
337.15	-130.00
337.15	-99.34
337.15	-86.67
337.15	-93.33
337.15	-86.67
337.15	-98.66
337.15	-108.00
337.16	-107.33
337.16	-108.66
337.16	-116.67
337.16	-106.67
337.16	-104.00
337.16	-118.00
337.16	-120.00
337.16	-119.34
337.17	-105.33
337.17	-55.33
337.17	-84.00
337.17	-100.66
337.17	-98.66
337.17	-82.00
337.17	-62.00
337.17	-99.34
337.18	-96.67
337.18	-72.67
337.18	-100.00
337.18	-96.00
337.18	-61.34
337.18	-66.67
337.18	-93.33
337.18	-96.00
337.18	-45.33
337.19	-43.33
337.19	-62.00
337.19	-62.67
337.19	-46.67
337.19	-41.34
337.19	-54.67
337.19	-64.67
337.19	-40.00
337.20	-40.00
337.20	-40.00
337.20	-73.33
337.20	-43.33
337.20	-40.00
337.20	-48.00
337.20	-51.34
337.20	-71.34
337.20	-82.00
337.21	-48.66
337.21	-48.00
337.21	-40.00
337.21	-81.34
337.21	-102.00
337.21	-52.67
337.21	-40.00
337.21	-41.34
337.22	-42.00
337.22	-45.33
337.22	-54.67
337.22	-40.00
337.22	-46.67
337.22	-54.67
337.22	-42.67
337.22	-74.00
337.23	-100.66
337.23	-66.67
337.23	-45.33
337.23	-40.00
337.23	-40.66
337.23	-40.00
337.23	-43.33
337.23	-48.66
337.23	-40.00
337.24	-41.34
337.24	-77.33
337.24	-82.67
337.24	-46.00
337.24	-60.66
337.24	-40.00
337.24	-46.67
337.24	-79.34
337.25	-80.00
337.25	-70.00
337.25	-48.00
337.25	-42.00
337.25	-40.00
337.25	-42.00
337.25	-46.00
337.25	-46.00
337.26	-40.00
337.26	-40.00
337.26	-44.00
337.26	-40.66
337.26	-57.33
337.26	-59.34
337.26	-48.00
337.26	-53.33
337.26	-40.00
337.27	-15.33
337.27	0.00
337.27	0.00
337.27	4.00
337.27	1.33
337.27	0.00
337.27	0.00
337.27	-25.33
337.28	-51.34
337.28	-40.00
337.28	-40.00
337.28	-46.00
337.28	-65.33
337.28	-40.66
337.28	-40.00
337.28	-40.00
337.28	-40.66
337.29	-10.00
337.29	0.00
337.29	-3.33
337.29	-43.33
337.29	-37.33
337.29	0.00
337.29	0.00
337.29	2.67
337.30	2.67
337.30	0.00
337.30	-10.00
337.30	-38.00
337.30	26.00
337.30	16.00
337.30	0.00
337.30	-28.67
337.31	0.00
337.31	0.00
337.31	0.67
337.31	0.00
337.31	0.00
337.31	0.00
337.31	18.67
337.31	36.67
337.31	42.00
337.32	62.67
337.32	28.67
337.32	4.00
337.32	38.67
337.32	50.67
337.32	62.00
337.32	103.33
337.32	86.67
337.33	76.67
337.33	56.00
337.33	75.33
337.33	66.00
337.33	75.33
337.33	59.33
337.33	46.67
337.33	48.00
337.33	47.33
337.34	63.33
337.34	72.67
337.34	80.00
337.34	71.33
337.34	64.00
337.34	48.67
337.34	52.67
337.34	54.67
337.35	73.33
337.35	72.00
337.35	102.67
337.35	117.33
337.35	120.00
337.35	100.67
337.35	102.67
337.35	106.00
337.36	82.67
337.36	105.33
337.36	118.67
337.36	120.00
337.36	112.67
337.36	114.00
337.36	118.67
337.36	84.67
337.36	63.33
337.37	74.67
337.37	69.33
337.37	97.33
337.37	93.33
337.37	120.00
337.37	114.00
337.37	108.00
337.37	120.00
337.38	102.67
337.38	109.33
337.38	112.00
337.38	120.00
337.38	118.00
337.38	120.00
337.38	167.33
337.38	172.67
337.38	166.67
337.39	162.00
337.39	120.00
337.39	140.67
337.39	162.67
337.39	138.00
337.39	157.33
337.39	167.33
337.39	156.67
337.40	160.00
337.40	156.00
337.40	159.33
337.40	198.00
337.40	203.33
337.40	198.67
337.40	193.33
337.40	203.33
337.41	208.00
337.41	236.67
337.41	222.00
337.41	205.33
337.41	210.67
337.41	208.00
337.41	178.67
337.41	212.00
337.41	220.67
337.42	209.33
337.42	220.67
337.42	230.67
337.42	208.00
337.42	242.67
337.42	240.00
337.42	233.33
337.42	228.00
337.43	239.33
337.43	237.33
337.43	249.33
337.43	277.33
337.43	252.67
337.43	276.00
337.43	268.67
337.43	240.67
337.44	234.67
337.44	266.00
337.44	274.67
337.44	259.33
337.44	270.00
337.44	269.33
337.44	278.00
337.44	276.67
337.44	280.00
337.45	280.00
337.45	280.00
337.45	267.33
337.45	280.00
337.45	280.67
337.45	292.00
337.45	283.33
337.45	289.33
337.46	301.33
337.46	290.00
337.46	320.00
337.46	356.67
337.46	323.33
337.46	358.00
337.46	371.33
337.46	352.00
337.46	358.00
337.47	334.67
337.47	360.67
337.47	360.00
337.47	357.33
337.47	352.67
337.47	383.33
337.47	400.00
337.47	394.67
337.48	383.33
337.48	394.00
337.48	400.00
337.48	400.00
337.48	392.00
337.48	400.00
337.48	400.00
337.48	400.00
337.49	399.33
337.49	400.67
337.49	436.00
337.49	446.67
337.49	463.33
337.49	480.00
337.49	464.00
337.49	490.00
337.49	507.33
337.50	516.67
337.50	509.33
337.50	451.33
337.50	483.33
337.50	508.67
337.50	521.33
337.50	514.00
337.50	515.33
337.51	519.33
337.51	523.33
337.51	536.67
337.51	524.67
337.51	551.33
337.51	559.33
337.51	559.33
337.51	586.67
337.51	577.33
337.52	576.67
337.52	559.33
337.52	562.67
337.52	560.67
337.52	588.00
337.52	588.67
337.52	561.33
337.52	573.33
337.53	592.67
337.53	600.00
337.53	610.00
337.53	614.67
337.53	629.33
337.53	640.00
337.53	660.67
337.53	659.33
337.54	644.67
337.54	656.00
337.54	680.67
337.54	723.33
337.54	734.00
337.54	722.00
337.54	718.67
337.54	720.00
337.54	724.00
337.55	748.00
337.55	726.00
337.55	764.67
337.55	760.00
337.55	774.67
337.55	802.00
337.55	792.67
337.55	760.00
337.56	790.67
337.56	780.00
337.56	824.67
337.56	842.67
337.56	834.00
337.56	830.67
337.56	852.67
337.56	876.67
337.56	914.67
337.57	897.33
337.57	904.00
337.57	887.33
337.57	912.00
337.57	923.33
337.57	954.67
337.57	938.00
337.57	935.33
337.58	968.00
337.58	1000.00
337.58	998.67
337.58	1017.33
337.58	1000.00
337.58	1031.33
337.58	1033.33
337.58	1020.67
337.59	1030.00
337.59	1036.67
337.59	1059.33
337.59	1078.00
337.59	1083.33
337.59	1080.00
337.59	1113.33
337.59	1153.33
337.59	1151.33
337.60	1163.33
337.60	1152.67
337.60	1187.33
337.60	1185.33
337.60	1190.00
337.60	1232.00
337.60	1240.00
337.60	1254.67
337.61	1240.00
337.61	1266.00
337.61	1284.67
337.61	1284.67
337.61	1292.00
337.61	1328.67
337.61	1353.33
337.61	1384.67
337.62	1400.00
337.62	1396.00
337.62	1400.00
337.62	1408.00
337.62	1404.00
337.62	1470.67
337.62	1502.00
337.62	1512.67
337.62	1505.33
337.63	1528.00
337.63	1560.00
337.63	1560.00
337.63	1568.00
337.63	1574.00
337.63	1560.00
337.63	1608.00
337.63	1644.67
337.64	1650.00
337.64	1672.00
337.64	1676.00
337.64	1708.67
337.64	1720.00
337.64	1720.00
337.64	1756.67
337.64	1794.00
337.64	1794.00
337.65	1818.67
337.65	1826.67
337.65	1840.00
337.65	1840.00
337.65	1864.00
337.65	1894.00
337.65	1934.67
337.65	1962.00
337.66	1997.33
337.66	2040.00
337.66	2040.00
337.66	2070.67
337.66	2078.67
337.66	2130.00
337.66	2151.33
337.66	2184.67
337.67	2202.00
337.67	2203.33
337.67	2221.33
337.67	2239.33
337.67	2245.33
337.67	2285.33
337.67	2310.00
337.67	2344.67
337.67	2404.67
337.68	2404.67
337.68	2440.00
337.68	2462.00
337.68	2512.00
337.68	2520.00
337.68	2546.00
337.68	2559.33
337.68	2572.67
337.69	2622.00
337.69	2678.67
337.69	2680.00
337.69	2718.67
337.69	2781.33
337.69	2800.00
337.69	2826.67
337.69	2870.00
337.69	2887.33
337.70	2896.00
337.70	2944.67
337.70	3002.00
337.70	3015.33
337.70	3056.67
337.70	3084.00
337.70	3127.33
337.70	3170.00
337.71	3217.33
337.71	3247.33
337.71	3301.33
337.71	3320.00
337.71	3378.67
337.71	3419.33
337.71	3423.33
337.71	3454.67
337.72	3501.33
337.72	3536.00
337.72	3588.00
337.72	3610.00
337.72	3658.00
337.72	3698.00
337.72	3730.67
337.72	3765.33
337.72	3800.00
337.73	3824.00
337.73	3878.67
337.73	3942.67
337.73	3976.67
337.73	4060.67
337.73	4086.67
337.73	4135.33
337.73	4226.00
337.74	4252.00
337.74	4304.00
337.74	4351.33
337.74	4368.67
337.74	4434.67
337.74	4468.67
337.74	4526.00
337.74	4594.67
337.75	4610.67
337.75	4703.33
337.75	4772.00
337.75	4786.67
337.75	4835.33
337.75	4876.67
337.75	4943.33
337.75	5056.67
337.75	5062.67
337.76	5102.67
337.76	5164.00
337.76	5212.00
337.76	5301.33
337.76	5354.67
337.76	5399.33
337.76	5482.00
337.76	5550.67
337.77	5574.67
337.77	5658.67
337.77	5700.67
337.77	5747.33
337.77	5814.00
337.77	5854.67
337.77	5931.33
337.77	6004.67
337.77	6050.00
337.78	6141.33
337.78	6234.00
337.78	6290.67
337.78	6353.33
337.78	6406.00
337.78	6513.33
337.78	6598.00
337.78	6628.67
337.79	6685.33
337.79	6755.33
337.79	6796.00
337.79	6868.00
337.79	6935.33
337.79	6985.33
337.79	7074.00
337.79	7129.33
337.80	7239.33
337.80	7292.67
337.80	7324.67
337.80	7420.67
337.80	7467.33
337.80	7510.67
337.80	7592.67
337.80	7638.00
337.80	7698.67
337.81	7757.33
337.81	7818.67
337.81	7914.67
337.81	7958.00
337.81	8015.33
337.81	8078.67
337.81	8132.67
337.81	8228.00
337.82	8269.33
337.82	8287.33
337.82	8372.67
337.82	8433.33
337.82	8514.67
337.82	8550.67
337.82	8603.33
337.82	8672.67
337.82	8742.00
337.83	8760.00
337.83	8812.00
337.83	8856.67
337.83	8895.33
337.83	8931.33
337.83	9002.67
337.83	9010.00
337.83	9061.33
337.84	9080.00
337.84	9084.00
337.84	9132.00
337.84	9170.00
337.84	9173.33
337.84	9183.33
337.84	9218.00
337.84	9240.00
337.85	9240.00
337.85	9252.67
337.85	9240.00
337.85	9257.33
337.85	9240.00
337.85	9240.00
337.85	9240.00
337.85	9240.00
337.85	9220.00
337.86	9164.67
337.86	9094.00
337.86	9080.00
337.86	9076.00
337.86	9031.33
337.86	9009.33
337.86	8942.00
337.86	8888.67
337.87	8856.00
337.87	8782.67
337.87	8760.00
337.87	8696.00
337.87	8608.00
337.87	8536.67
337.87	8408.00
337.87	8282.67
337.87	8203.33
337.88	8073.33
337.88	7974.67
337.88	7881.33
337.88	7723.33
337.88	7615.33
337.88	7502.67
337.88	7342.67
337.88	7243.33
337.89	7057.33
337.89	6871.33
337.89	6782.00
337.89	6560.00
337.89	6371.33
337.89	6195.33
337.89	5936.00
337.89	5770.67
337.90	5588.67
337.90	5371.33
337.90	5250.67
337.90	4969.33
337.90	4752.00
337.90	4593.33
337.90	4304.00
337.90	4099.33
337.90	3888.67
337.91	3545.33
337.91	3372.00
337.91	3116.67
337.91	2809.33
337.91	2628.00
337.91	2337.33
337.91	2114.67
337.91	1916.67
337.92	1594.00
337.92	1374.67
337.92	1121.33
337.92	802.67
337.92	624.00
337.92	348.00
337.92	70.00
337.92	-115.33
337.93	-457.33
337.93	-700.00
337.93	-974.67
337.93	-1309.34
337.93	-1523.33
337.93	-1799.34
337.93	-2102.00
337.93	-2268.66
337.93	-2602.00
337.94	-2862.00
337.94	-3027.33
337.94	-3332.67
337.94	-3518.00
337.94	-3760.00
337.94	-4028.66
337.94	-4177.33
337.94	-4456.67
337.95	-4721.34
337.95	-4904.67
337.95	-5176.00
337.95	-5370.00
337.95	-5550.00
337.95	-5837.33
337.95	-6016.67
337.95	-6203.33
337.95	-6435.33
337.96	-6552.67
337.96	-6770.66
337.96	-6965.33
337.96	-7062.00
337.96	-7266.00
337.96	-7416.67
337.96	-7534.67
337.96	-7694.67
337.97	-7776.00
337.97	-7938.00
337.97	-8071.34
337.97	-8145.33
337.97	-8279.34
337.97	-8399.34
337.97	-8503.33
337.97	-8620.00
337.98	-8717.33
337.98	-8838.00
337.98	-8913.33
337.98	-8944.00
337.98	-9044.67
337.98	-9131.34
337.98	-9174.00
337.98	-9257.33
337.98	-9298.00
337.99	-9337.33
337.99	-9392.67
337.99	-9408.00
337.99	-9444.00
337.99	-9504.00
337.99	-9503.33
337.99	-9561.34
337.99	-9567.33
338.00	-9586.00
338.00	-9626.00
338.00	-9628.66
338.00	-9636.67
338.00	-9625.33
338.00	-9612.67
338.00	-9617.33
338.00	-9608.00
338.00	-9585.33
338.01	-9556.67
338.01	-9554.67
338.01	-9537.33
338.01	-9522.67
338.01	-9488.00
338.01	-9462.67
338.01	-9412.67
338.01	-9398.00
338.02	-9353.33
338.02	-9318.00
338.02	-9310.00
338.02	-9240.66
338.02	-9218.66
338.02	-9162.00
338.02	-9076.67
338.02	-9052.67
338.03	-8982.00
338.03	-8926.67
338.03	-8896.67
338.03	-8845.33
338.03	-8800.00
338.03	-8770.66
338.03	-8730.00
338.03	-8680.66
338.03	-8636.00
338.04	-8534.00
338.04	-8456.00
338.04	-8399.34
338.04	-8346.67
338.04	-8295.33
338.04	-8232.00
338.04	-8209.34
338.04	-8158.66
338.05	-8056.67
338.05	-8020.00
338.05	-7937.33
338.05	-7846.00
338.05	-7800.66
338.05	-7735.33
338.05	-7643.33
338.05	-7598.66
338.05	-7551.34
338.06	-7480.66
338.06	-7452.00
338.06	-7404.67
338.06	-7324.67
338.06	-7230.00
338.06	-7141.34
338.06	-7074.67
338.06	-6984.67
338.07	-6920.00
338.07	-6879.34
338.07	-6821.34
338.07	-6768.00
338.07	-6688.00
338.07	-6600.00
338.07	-6579.34
338.07	-6512.67
338.08	-6441.34
338.08	-6386.00
338.08	-6294.00
338.08	-6265.33
338.08	-6216.00
338.08	-6137.33
338.08	-6120.00
338.08	-6057.33
338.08	-5960.00
338.09	-5920.00
338.09	-5858.00
338.09	-5802.00
338.09	-5744.67
338.09	-5645.33
338.09	-5610.00
338.09	-5570.00
338.09	-5526.00
338.10	-5496.67
338.10	-5446.00
338.10	-5380.66
338.10	-5322.00
338.10	-5238.00
338.10	-5207.33
338.10	-5173.33
338.10	-5110.66
338.11	-5064.67
338.11	-5029.34
338.11	-4942.67
338.11	-4878.00
338.11	-4808.66
338.11	-4752.00
338.11	-4750.66
338.11	-4686.67
338.11	-4680.00
338.12	-4636.00
338.12	-4549.34
338.12	-4515.33
338.12	-4444.00
338.12	-4407.33
338.12	-4360.00
338.12	-4297.33
338.12	-4294.00
338.13	-4256.00
338.13	-4220.66
338.13	-4186.67
338.13	-4119.34
338.13	-4095.33
338.13	-4084.00
338.13	-4030.66
338.13	-3974.00
338.13	-3934.67
338.14	-3888.00
338.14	-3870.00
338.14	-3812.67
338.14	-3782.67
338.14	-3736.00
338.14	-3706.67
338.14	-3652.67
338.14	-3634.00
338.15	-3590.66
338.15	-3540.00
338.15	-3516.67
338.15	-3478.66
338.15	-3451.34
338.15	-3406.00
338.15	-3375.33
338.15	-3320.66
338.16	-3307.33
338.16	-3299.34
338.16	-3256.67
338.16	-3225.33
338.16	-3194.00
338.16	-3153.33
338.16	-3142.00
338.16	-3110.00
338.16	-3073.33
338.17	-3038.00
338.17	-3040.00
338.17	-2998.66
338.17	-2964.00
338.17	-2944.00
338.17	-2914.00
338.17	-2885.33
338.17	-2868.00
338.18	-2873.33
338.18	-2844.67
338.18	-2800.66
338.18	-2743.33
338.18	-2720.00
338.18	-2706.67
338.18	-2698.00
338.18	-2664.67
338.18	-2652.00
338.19	-2612.67
338.19	-2595.33
338.19	-2560.00
338.19	-2572.67
338.19	-2525.33
338.19	-2504.67
338.19	-2502.00
338.19	-2444.00
338.20	-2422.00
338.20	-2430.66
338.20	-2400.00
338.20	-2372.00
338.20	-2338.00
338.20	-2306.67
338.20	-2280.66
338.20	-2304.00
338.21	-2292.00
338.21	-2238.66
338.21	-2224.00
338.21	-2252.67
338.21	-2192.00
338.21	-2168.66
338.21	-2162.00
338.21	-2124.00
338.21	-2112.00
338.22	-2112.67
338.22	-2059.34
338.22	-2080.00
338.22	-2054.00
338.22	-2041.34
338.22	-2042.00
338.22	-2022.00
338.22	-1993.33
338.23	-1950.66
338.23	-1944.67
338.23	-1984.67
338.23	-1907.33
338.23	-1901.34
338.23	-1884.00
338.23	-1865.33
338.23	-1828.00
338.24	-1848.00
338.24	-1820.66
338.24	-1817.33
338.24	-1834.00
338.24	-1816.00
338.24	-1789.34
338.24	-1760.00
338.24	-1720.00
338.24	-1745.33
338.25	-1700.00
338.25	-1712.67
338.25	-1704.00
338.25	-1691.34
338.25	-1674.00
338.25	-1656.67
338.25	-1635.33
338.25	-1614.00
338.26	-1598.00
338.26	-1588.00
338.26	-1568.66
338.26	-1580.00
338.26	-1578.66
338.26	-1580.00
338.26	-1554.67
338.26	-1560.00
338.26	-1540.66
338.27	-1527.33
338.27	-1508.00
338.27	-1481.34
338.27	-1485.33
338.27	-1480.00
338.27	-1447.33
338.27	-1437.33
338.27	-1471.34
338.28	-1443.33
338.28	-1448.66
338.28	-1400.00
338.28	-1384.67
338.28	-1375.33
338.28	-1378.00
338.28	-1390.00
338.28	-1379.34
338.29	-1374.67
338.29	-1347.33
338.29	-1361.34
338.29	-1337.33
338.29	-1300.66
338.29	-1274.00
338.29	-1320.66
338.29	-1296.67
338.29	-1331.34
338.30	-1307.33
338.30	-1238.00
338.30	-1249.34
338.30	-1244.00
338.30	-1238.66
338.30	-1238.66
338.30	-1253.33
338.30	-1240.00
338.31	-1234.67
338.31	-1228.00
338.31	-1214.67
338.31	-1184.67
338.31	-1160.00
338.31	-1133.33
338.31	-1160.00
338.31	-1164.00
338.31	-1141.34
338.32	-1125.33
338.32	-1120.00
338.32	-1120.00
338.32	-1143.33
338.32	-1156.67
338.32	-1120.00
338.32	-1118.00
338.32	-1068.66
338.33	-1073.33
338.33	-1088.00
338.33	-1073.33
338.33	-1030.00
338.33	-1032.00
338.33	-1050.66
338.33	-1060.66
338.33	-1053.33
338.34	-1069.34
338.34	-1063.33
338.34	-1024.67
338.34	-1005.33
338.34	-1011.34
338.34	-1002.00
338.34	-1012.67
338.34	-1004.67
338.34	-1002.67
338.35	-1009.34
338.35	-989.34
338.35	-966.67
338.35	-962.00
338.35	-987.33
338.35	-962.00
338.35	-961.34
338.35	-964.67
338.36	-915.33
338.36	-935.33
338.36	-950.00
338.36	-935.33
338.36	-910.00
338.36	-913.33
338.36	-880.66
338.36	-877.33
338.36	-896.67
338.37	-890.66
338.37	-905.33
338.37	-913.33
338.37	-897.33
338.37	-845.33
338.37	-840.00
338.37	-856.00
338.37	-840.00
338.38	-851.34
338.38	-871.34
338.38	-844.67
338.38	-859.34
338.38	-854.00
338.38	-794.67
338.38	-782.67
338.38	-829.34
338.39	-856.00
338.39	-820.00
338.39	-810.66
338.39	-827.33
338.39	-846.67
338.39	-869.34
338.39	-840.00
338.39	-856.00
338.39	-823.33
338.40	-800.00
338.40	-782.67
338.40	-774.00
338.40	-784.00
338.40	-750.00
338.40	-742.67
338.40	-742.00
338.40	-788.66
338.41	-805.33
338.41	-784.67
338.41	-776.67
338.41	-748.66
338.41	-739.34
338.41	-741.34
338.41	-748.00
338.41	-756.00
338.42	-746.00
338.42	-740.00
338.42	-702.67
338.42	-724.67
338.42	-736.67
338.42	-733.33
338.42	-694.67
338.42	-721.34
338.42	-692.67
338.43	-680.00
338.43	-690.66
338.43	-680.00
338.43	-680.00
338.43	-664.67
338.43	-690.66
338.43	-680.00
338.43	-705.33
338.44	-700.66
338.44	-719.34
338.44	-700.66
338.44	-698.66
338.44	-712.67
338.44	-682.67
338.44	-695.33
338.44	-680.66
338.44	-681.34
338.45	-669.34
338.45	-654.67
338.45	-604.00
338.45	-600.00
338.45	-657.33
338.45	-656.00
338.45	-604.67
338.45	-630.00
338.46	-654.67
338.46	-635.33
338.46	-642.00
338.46	-657.33
338.46	-604.00
338.46	-630.00
338.46	-651.34
338.46	-616.67
338.47	-598.66
338.47	-593.33
338.47	-598.66
338.47	-600.00
338.47	-607.33
338.47	-600.66
338.47	-595.33
338.47	-594.67
338.47	-592.00
338.48	-580.66
338.48	-573.33
338.48	-588.00
338.48	-568.66
338.48	-592.67
338.48	-606.67
338.48	-594.67
338.48	-560.66
338.49	-575.33
338.49	-581.34
338.49	-579.34
338.49	-571.34
338.49	-558.00
338.49	-572.67
338.49	-575.33
338.49	-572.67
338.49	-543.33
338.50	-580.00
338.50	-557.33
338.50	-546.67
338.50	-532.00
338.50	-529.34
338.50	-520.00
338.50	-493.33
338.50	-500.66
338.51	-548.00
338.51	-563.33
338.51	-529.34
338.51	-524.00
338.51	-537.33
338.51	-558.66
338.51	-576.00
338.51	-536.00
338.52	-520.00
338.52	-534.67
338.52	-568.66
338.52	-529.34
338.52	-522.67
338.52	-520.00
338.52	-520.00
338.52	-536.00
338.52	-540.66
338.53	-536.00
338.53	-542.00
338.53	-529.34
338.53	-534.00
338.53	-515.33
338.53	-498.00
338.53	-480.00
338.53	-488.00
338.54	-491.34
338.54	-526.67
338.54	-483.33
338.54	-502.00
338.54	-494.00
338.54	-507.33
338.54	-463.33
338.54	-461.34
338.55	-481.34
338.55	-500.00
338.55	-461.34
338.55	-460.00
338.55	-466.00
338.55	-478.00
338.55	-454.00
338.55	-440.00
338.55	-456.67
338.56	-478.66
338.56	-443.33
338.56	-440.00
338.56	-482.67
338.56	-499.34
338.56	-488.66
338.56	-483.33
338.56	-475.33
338.57	-445.33
338.57	-512.00
338.57	-462.00
338.57	-476.00
338.57	-450.66
338.57	-471.34
338.57	-468.00
338.57	-452.00
338.57	-457.33
338.58	-508.00
338.58	-482.00
338.58	-462.00
338.58	-438.66
338.58	-429.34
338.58	-440.66
338.58	-439.34
338.58	-444.00
338.59	-449.34
338.59	-450.00
338.59	-462.00
338.59	-430.00
338.59	-471.34
338.59	-510.66
338.59	-480.00
338.59	-440.00
338.60	-444.67
338.60	-427.33
338.60	-424.00
338.60	-424.00
338.60	-419.34
338.60	-412.67
338.60	-418.00
338.60	-430.66
338.60	-423.33
338.61	-430.66
338.61	-413.33
338.61	-399.34
338.61	-396.67
338.61	-422.67
338.61	-418.00
338.61	-429.34
338.61	-428.00
338.62	-421.34
338.62	-415.33
338.62	-407.33
338.62	-430.66
338.62	-420.66
338.62	-408.00
338.62	-415.33
338.62	-403.33
338.62	-413.33
338.63	-408.66
338.63	-408.00
338.63	-410.00
338.63	-431.34
338.63	-423.33
338.63	-417.33
338.63	-422.00
338.63	-434.00
338.64	-412.67
338.64	-408.00
338.64	-416.67
338.64	-416.00
338.64	-422.00
338.64	-416.00
338.64	-388.00
338.64	-361.34
338.65	-378.66
338.65	-411.34
338.65	-416.67
338.65	-410.66
338.65	-418.66
338.65	-425.33
338.65	-416.00
338.65	-415.33
338.65	-378.66
338.66	-382.00
338.66	-376.67
338.66	-379.34
338.66	-392.00
338.66	-371.34
338.66	-380.66
338.66	-398.66
338.66	-360.00
338.67	-370.00
338.67	-398.00
338.67	-372.00
338.67	-407.33
338.67	-416.00
338.67	-426.67
338.67	-422.00
338.67	-422.00
338.67	-400.66
338.68	-407.33
338.68	-379.34
338.68	-392.00
338.68	-379.34
338.68	-406.00
338.68	-373.33
338.68	-370.00
338.68	-391.34
338.69	-390.66
338.69	-388.66
338.69	-410.00
338.69	-374.00
338.69	-364.00
338.69	-386.67
338.69	-413.33
338.69	-366.67
338.70	-370.66
338.70	-391.34
338.70	-386.00
338.70	-376.00
338.70	-372.67
338.70	-377.33
338.70	-399.34
338.70	-401.34
338.70	-370.66
338.71	-376.67
338.71	-382.00
338.71	-375.33
338.71	-377.33
338.71	-366.67
338.71	-360.00
338.71	-396.00
338.71	-394.67
338.72	-360.00
338.72	-360.00
338.72	-362.00
338.72	-370.00
338.72	-400.00
338.72	-369.34
338.72	-362.00
338.72	-363.33
338.73	-396.67
338.73	-393.33
338.73	-389.34
338.73	-360.00
338.73	-368.00
338.73	-374.67
338.73	-385.33
338.73	-384.67
338.73	-371.34
338.74	-360.00
338.74	-360.00
338.74	-360.00
338.74	-392.67
338.74	-374.67
338.74	-366.00
338.74	-397.33
338.74	-384.00
338.75	-341.34
338.75	-315.33
338.75	-343.33
338.75	-368.00
338.75	-358.66
338.75	-369.34
338.75	-390.00
338.75	-376.67
338.75	-400.00
338.76	-398.66
338.76	-388.00
338.76	-411.34
338.76	-402.00
338.76	-366.67
338.76	-387.33
338.76	-376.67
338.76	-360.00
338.77	-354.67
338.77	-336.00
338.77	-351.34
338.77	-360.00
338.77	-318.00
338.77	-339.34
338.77	-340.66
338.77	-360.00
338.78	-362.67
338.78	-361.34
338.78	-350.66
338.78	-360.00
338.78	-360.00
338.78	-360.66
338.78	-379.34
338.78	-381.34
338.78	-301.34
338.79	-319.34
338.79	-360.00
338.79	-360.66
338.79	-339.34
338.79	-318.00
338.79	-331.34
338.79	-361.34
338.79	-364.00
338.80	-364.67
338.80	-373.33
338.80	-360.00
338.80	-360.66
338.80	-360.00
338.80	-360.00
338.80	-360.00
338.80	-364.00
338.80	-357.33
338.81	-323.33
338.81	-359.34
338.81	-351.34
338.81	-371.34
338.81	-369.34
338.81	-343.33
338.81	-360.66
338.81	-364.00
338.82	-344.00
338.82	-319.34
338.82	-318.00
338.82	-292.67
338.82	-291.34
338.82	-340.66
338.82	-321.34
338.82	-358.66
338.83	-354.67
338.83	-357.33
338.83	-347.33
338.83	-336.67
338.83	-320.00
338.83	-296.00
338.83	-298.00
338.83	-302.00
338.83	-303.33
338.84	-360.00
338.84	-355.33
338.84	-365.33
338.84	-366.67
338.84	-360.00
338.84	-360.00
338.84	-358.66
338.84	-295.33
338.85	-339.34
338.85	-344.67
338.85	-360.66
338.85	-342.67
338.85	-332.00
338.85	-354.00
338.85	-332.67
338.85	-350.66
338.85	-360.66
338.86	-360.00
338.86	-360.00
338.86	-360.00
338.86	-328.00
338.86	-308.00
338.86	-282.00
338.86	-280.00
338.86	-280.00
338.87	-306.67
338.87	-290.00
338.87	-279.34
338.87	-276.00
338.87	-299.34
338.87	-319.34
338.87	-306.00
338.87	-306.67
338.88	-332.67
338.88	-305.33
338.88	-280.00
338.88	-280.00
338.88	-309.34
338.88	-306.00
338.88	-298.66
338.88	-288.66
338.88	-312.67
338.89	-326.00
338.89	-320.66
338.89	-358.00
338.89	-360.00
338.89	-332.67
338.89	-296.67
338.89	-314.00
338.89	-317.33
338.90	-301.34
338.90	-292.67
338.90	-280.00
338.90	-294.00
338.90	-270.00
338.90	-269.34
338.90	-282.67
338.90	-272.00
338.91	-271.34
338.91	-296.00
338.91	-320.00
338.91	-302.00
338.91	-281.34
338.91	-294.67
338.91	-346.00
338.91	-313.33
338.91	-302.67
338.92	-319.34
338.92	-316.00
338.92	-322.00
338.92	-280.66
338.92	-280.66
338.92	-301.34
338.92	-282.67
338.92	-268.00
338.93	-260.00
338.93	-257.33
338.93	-277.33
338.93	-280.00
338.93	-276.67
338.93	-297.33
338.93	-297.33
338.93	-280.00
338.93	-318.00
338.94	-364.67
338.94	-304.00
338.94	-297.33
338.94	-308.00
338.94	-343.33
338.94	-297.33
338.94	-280.00
338.94	-280.00
338.95	-285.33
338.95	-273.33
338.95	-262.67
338.95	-260.00
338.95	-272.00
338.95	-272.00
338.95	-305.33
338.95	-281.34
338.96	-298.00
338.96	-284.67
338.96	-280.66
338.96	-312.00
338.96	-283.33
338.96	-278.00
338.96	-274.00
338.96	-278.66
338.96	-280.00
338.97	-302.00
338.97	-298.66
338.97	-278.00
338.97	-276.67
338.97	-272.67
338.97	-270.66
338.97	-284.00
338.97	-280.00
338.98	-279.34
338.98	-300.00
338.98	-294.00
338.98	-272.67
338.98	-278.66
338.98	-265.33
338.98	-258.66
338.98	-269.34
338.98	-269.34
338.99	-268.00
338.99	-272.67
338.99	-282.67
338.99	-276.67
338.99	-286.00
338.99	-293.33
338.99	-266.00
338.99	-253.33
339.00	-269.34
339.00	-273.33
339.00	-278.00
339.00	-272.67
339.00	-280.00
339.00	-302.67
339.00	-360.00
339.00	-360.00
339.01	-290.00
339.01	-289.34
339.01	-348.66
339.01	-350.00
339.01	-358.66
339.01	-275.33
339.01	-280.00
339.01	-280.00
339.01	-260.66
339.02	-294.00
339.02	-303.33
339.02	-280.00
339.02	-272.67
339.02	-268.66
339.02	-268.66
339.02	-280.00
339.02	-279.34
339.03	-270.00
339.03	-282.00
339.03	-296.67
339.03	-280.00
339.03	-279.34
339.03	-260.66
339.03	-268.66
339.03	-273.33
339.04	-266.00
339.04	-288.00
339.04	-280.00
339.04	-269.34
339.04	-255.33
339.04	-260.00
339.04	-266.67
339.04	-278.66
339.04	-282.00
339.05	-271.34
339.05	-274.00
339.05	-280.66
339.05	-274.67
339.05	-302.00
339.05	-324.67
339.05	-302.67
339.05	-314.67
339.06	-280.00
339.06	-266.00
339.06	-270.00
339.06	-274.67
339.06	-281.34
339.06	-267.33
339.06	-284.67
339.06	-276.67
339.06	-279.34
339.07	-278.00
339.07	-264.67
339.07	-268.66
339.07	-262.00
339.07	-294.00
339.07	-271.34
339.07	-275.33
339.07	-278.66
339.08	-271.34
339.08	-280.00
339.08	-268.00
339.08	-269.34
339.08	-275.33
339.08	-278.00
339.08	-278.00
339.08	-280.00
339.09	-280.00
339.09	-278.66
339.09	-280.00
339.09	-280.00
339.09	-273.33
339.09	-279.34
339.09	-274.67
339.09	-252.00
339.09	-256.67
339.10	-266.67
339.10	-272.00
339.10	-276.67
339.10	-283.33
339.10	-308.66
339.10	-298.66
339.10	-309.34
339.10	-270.66
339.11	-276.00
339.11	-270.66
339.11	-272.00
339.11	-280.00
339.11	-278.00
339.11	-259.34
339.11	-232.00
339.11	-256.00
339.11	-280.00
339.12	-296.67
339.12	-297.33
339.12	-287.33
339.12	-297.33
339.12	-280.00
339.12	-300.66
339.12	-274.67
339.12	-280.00
339.13	-278.66
339.13	-274.67
339.13	-264.67
339.13	-255.33
339.13	-244.00
339.13	-265.33
339.13	-262.67
339.13	-251.34
339.14	-258.00
339.14	-269.34
339.14	-300.00
339.14	-273.33
339.14	-280.00
339.14	-295.33
339.14	-274.00
339.14	-266.67
339.14	-261.34
339.15	-246.67
339.15	-244.67
339.15	-259.34
339.15	-259.34
339.15	-218.66
339.15	-258.00
339.15	-268.00
339.15	-270.66
339.16	-265.33
339.16	-260.00
339.16	-274.00
339.16	-273.33
339.16	-264.67
339.16	-251.34
339.16	-261.34
339.16	-262.00
339.16	-260.66
339.17	-265.33
339.17	-258.66
339.17	-264.00
339.17	-254.00
339.17	-241.34
339.17	-252.67
339.17	-258.00
339.17	-265.33
339.18	-261.34
339.18	-256.00
339.18	-253.33
339.18	-240.00
339.18	-265.33
339.18	-263.33
339.18	-272.00
339.18	-286.67
339.19	-279.34
339.19	-278.66
339.19	-261.34
339.19	-263.33
339.19	-259.34
339.19	-273.33
339.19	-281.34
339.19	-272.67
339.19	-290.66
339.20	-289.34
339.20	-277.33
339.20	-269.34
339.20	-262.00
339.20	-280.00
339.20	-288.00
339.20	-280.00
339.20	-278.00
339.21	-258.00
339.21	-264.67
339.21	-270.00
339.21	-265.33
339.21	-258.66
339.21	-276.00
339.21	-282.00
339.21	-254.00
339.22	-252.00
339.22	-250.66
339.22	-257.33
339.22	-246.00
339.22	-256.00
339.22	-247.33
339.22	-259.34
339.22	-255.33
339.22	-260.66
339.23	-259.34
339.23	-270.00
339.23	-272.00
339.23	-270.00
339.23	-267.33
339.23	-291.34
339.23	-297.33
339.23	-279.34
339.24	-276.00
339.24	-278.00
339.24	-274.67
339.24	-273.33
339.24	-268.00
339.24	-257.33
339.24	-265.33
339.24	-271.34
339.24	-278.66
339.25	-272.67
339.25	-247.33
339.25	-240.66
339.25	-260.66
339.25	-243.33
339.25	-257.33
339.25	-254.67
339.25	-241.34
339.26	-258.66
339.26	-249.34
339.26	-269.34
339.26	-279.34
339.26	-277.33
339.26	-280.00
339.26	-278.00
339.26	-274.00
339.27	-260.66
339.27	-274.67
339.27	-273.33
339.27	-280.00
339.27	-274.00
339.27	-262.67
339.27	-230.66
339.27	-244.67
339.27	-262.00
339.28	-212.00
339.28	-201.34
339.28	-202.67
339.28	-203.33
339.28	-211.34
339.28	-206.67
339.28	-252.67
339.28	-226.00
339.29	-219.34
339.29	-256.67
339.29	-250.00
339.29	-239.34
339.29	-227.33
339.29	-236.00
339.29	-247.33
339.29	-250.66
339.29	-258.66
339.30	-249.34
339.30	-280.00
339.30	-280.00
339.30	-272.00
339.30	-278.66
339.30	-268.66
339.30	-268.00
339.30	-250.00
339.31	-263.33
339.31	-260.00
339.31	-264.00
339.31	-244.00
339.31	-210.66
339.31	-200.00
339.31	-250.00
339.31	-254.00
339.32	-250.66
339.32	-227.33
339.32	-246.67
339.32	-274.00
339.32	-279.34
339.32	-260.00
339.32	-266.00
339.32	-268.66
339.32	-251.34
339.33	-238.66
339.33	-220.66
339.33	-239.34
339.33	-209.34
339.33	-240.00
339.33	-270.66
339.33	-248.00
339.33	-260.66
339.34	-262.67
339.34	-251.34
339.34	-263.33
339.34	-230.66
339.34	-206.67
339.34	-246.67
339.34	-210.00
339.34	-260.00
339.35	-278.66
339.35	-268.66
339.35	-259.34
339.35	-260.00
339.35	-248.00
339.35	-272.67
339.35	-250.66
339.35	-260.00
339.35	-249.34
339.36	-260.00
339.36	-237.33
339.36	-246.67
339.36	-256.67
339.36	-269.34
339.36	-254.00
339.36	-218.00
339.36	-254.67
339.37	-250.66
339.37	-219.34
339.37	-247.33
339.37	-256.00
339.37	-220.00
339.37	-256.67
339.37	-273.33
339.37	-246.00
339.37	-241.34
339.38	-260.00
339.38	-240.00
339.38	-258.00
339.38	-280.00
339.38	-262.67
339.38	-248.66
339.38	-249.34
339.38	-267.33
339.39	-266.00
339.39	-238.00
339.39	-226.67
339.39	-218.00
339.39	-202.67
339.39	-223.33
339.39	-206.67
339.39	-224.67
339.40	-249.34
339.40	-242.00
339.40	-227.33
339.40	-237.33
339.40	-260.00
339.40	-258.00
339.40	-252.67
339.40	-276.00
339.40	-248.66
339.41	-258.66
339.41	-252.00
339.41	-228.66
339.41	-242.00
339.41	-256.67
339.41	-262.67
339.41	-266.00
339.41	-240.00
339.42	-225.33
339.42	-260.00
339.42	-261.34
339.42	-279.34
339.42	-264.00
339.42	-262.00
339.42	-266.67
339.42	-248.66
339.42	-230.00
339.43	-237.33
339.43	-224.00
339.43	-224.67
339.43	-214.67
339.43	-251.34
339.43	-254.67
339.43	-260.66
339.43	-280.00
339.44	-279.34
339.44	-270.66
339.44	-265.33
339.44	-272.00
339.44	-272.67
339.44	-225.33
339.44	-242.67
339.44	-226.00
339.45	-247.33
339.45	-236.67
339.45	-264.00
339.45	-260.00
339.45	-242.67
339.45	-258.66
339.45	-250.66
339.45	-259.34
339.45	-276.67
339.46	-268.00
339.46	-271.34
339.46	-276.00
339.46	-280.00
339.46	-279.34
339.46	-261.34
339.46	-274.00
339.46	-279.34
339.47	-272.67
339.47	-254.00
339.47	-251.34
339.47	-260.00
339.47	-260.00
339.47	-252.67
339.47	-260.00
339.47	-231.34
339.47	-236.67
339.48	-258.66
339.48	-254.67
339.48	-254.67
339.48	-253.33
339.48	-257.33
339.48	-271.34
339.48	-267.33
339.48	-274.00
339.49	-254.67
339.49	-255.33
339.49	-257.33
339.49	-256.00
339.49	-205.33
339.49	-215.33
339.49	-204.00
339.49	-231.34
339.50	-260.00
339.50	-240.66
339.50	-215.33
339.50	-256.67
339.50	-252.67
339.50	-259.34
339.50	-265.33
339.50	-255.33
339.50	-274.00
339.51	-258.66
339.51	-273.33
339.51	-280.00
339.51	-264.00
339.51	-278.00
339.51	-248.00
339.51	-256.00
339.51	-260.00
339.52	-273.33
339.52	-248.66
339.52	-246.00
339.52	-234.67
339.52	-254.67
339.52	-244.67
339.52	-258.66
339.52	-222.00
339.53	-233.33
339.53	-265.33
339.53	-248.66
339.53	-200.00
339.53	-236.00
339.53	-244.00
339.53	-247.33
339.53	-242.67
339.53	-232.67
339.54	-232.00
339.54	-242.00
339.54	-254.67
339.54	-251.34
339.54	-263.33
339.54	-270.66
339.54	-239.34
339.54	-202.00
339.55	-206.00
339.55	-203.33
339.55	-230.00
339.55	-228.66
339.55	-212.00
339.55	-200.00
339.55	-248.00
339.55	-270.66
339.55	-274.67
339.56	-272.67
339.56	-256.67
339.56	-258.66
339.56	-275.33
339.56	-266.67
339.56	-249.34
339.56	-230.66
339.56	-251.34
339.57	-239.34
339.57	-227.33
339.57	-244.67
339.57	-250.00
339.57	-238.00
339.57	-245.33
339.57	-228.66
339.57	-207.33
339.58	-221.34
339.58	-230.66
339.58	-212.00
339.58	-223.33
339.58	-259.34
339.58	-210.00
339.58	-224.67
339.58	-259.34
339.58	-254.67
339.59	-275.33
339.59	-270.00
339.59	-260.66
339.59	-248.66
339.59	-255.33
339.59	-260.66
339.59	-258.00
339.59	-242.00
339.60	-206.67
339.60	-252.67
339.60	-223.33
339.60	-206.00
339.60	-200.00
339.60	-246.00
339.60	-264.00
339.60	-236.00
339.60	-254.00
339.61	-248.66
339.61	-240.66
339.61	-260.00
339.61	-260.66
339.61	-256.67
339.61	-246.67
339.61	-256.67
339.61	-258.66
339.62	-261.34
339.62	-270.00
339.62	-272.67
339.62	-275.33
339.62	-273.33
339.62	-234.67
339.62	-212.00
339.62	-220.00
339.63	-251.34
339.63	-225.33
339.63	-227.33
339.63	-216.00
339.63	-230.66
339.63	-230.66
339.63	-248.00
339.63	-241.34
339.63	-258.66
339.64	-238.66
339.64	-232.00
339.64	-207.33
339.64	-233.33
339.64	-206.67
339.64	-224.67
339.64	-240.00
339.64	-231.34
339.65	-235.33
339.65	-210.66
339.65	-224.00
339.65	-238.66
339.65	-212.00
339.65	-210.00
339.65	-214.00
339.65	-240.00
339.65	-250.66
339.66	-248.00
339.66	-250.66
339.66	-247.33
339.66	-238.00
339.66	-226.00
339.66	-271.34
339.66	-278.00
339.66	-274.67
339.67	-264.00
339.67	-268.66
339.67	-271.34
339.67	-261.34
339.67	-264.67
339.67	-277.33
339.67	-279.34
339.67	-268.66
339.68	-263.33
339.68	-279.34
339.68	-272.67
339.68	-264.00
339.68	-229.34
339.68	-202.67
339.68	-229.34
339.68	-262.67
339.68	-264.00
339.69	-263.33
339.69	-273.33
339.69	-270.66
339.69	-264.00
339.69	-259.34
339.69	-260.00
339.69	-220.00
339.69	-218.66
339.70	-210.66
339.70	-200.00
339.70	-239.34
339.70	-260.00
339.70	-260.66
339.70	-235.33
339.70	-251.34
339.70	-262.00
339.71	-264.00
339.71	-247.33
339.71	-258.00
339.71	-224.00
339.71	-247.33
339.71	-250.66
339.71	-251.34
339.71	-264.67
339.71	-279.34
339.72	-287.33
339.72	-278.00
339.72	-272.00
339.72	-278.00
339.72	-244.00
339.72	-259.34
339.72	-260.66
339.72	-240.66
339.73	-215.33
339.73	-217.33
339.73	-253.33
339.73	-250.66
339.73	-258.66
339.73	-251.34
339.73	-248.66
339.73	-259.34
339.73	-235.33
339.74	-236.67
339.74	-222.00
339.74	-207.33
339.74	-210.00
339.74	-212.67
339.74	-238.66
339.74	-259.34
339.74	-248.66
339.75	-268.66
339.75	-263.33
339.75	-239.34
339.75	-237.33
339.75	-244.00
339.75	-240.66
339.75	-251.34
339.75	-266.67
339.76	-271.34
339.76	-268.66
339.76	-250.66
339.76	-234.67
339.76	-240.00
339.76	-235.33
339.76	-240.66
339.76	-272.00
339.76	-262.67
339.77	-237.33
339.77	-262.00
339.77	-259.34
339.77	-257.33
339.77	-275.33
339.77	-242.67
339.77	-254.67
339.77	-236.67
339.78	-210.00
339.78	-202.00
339.78	-224.00
339.78	-256.67
339.78	-261.34
339.78	-272.00
339.78	-264.00
339.78	-266.67
339.78	-258.66
339.79	-279.34
339.79	-271.34
339.79	-263.33
339.79	-264.67
339.79	-279.34
339.79	-273.33
339.79	-217.33
339.79	-236.67
339.80	-275.33
339.80	-269.34
339.80	-248.00
339.80	-256.67
339.80	-224.67
339.80	-203.33
339.80	-236.67
339.80	-222.00
339.81	-251.34
339.81	-260.00
339.81	-257.33
339.81	-263.33
339.81	-242.67
339.81	-252.00
339.81	-207.33
339.81	-244.00
339.81	-240.66
339.82	-232.67
339.82	-265.33
339.82	-252.67
339.82	-258.66
339.82	-274.67
339.82	-255.33
339.82	-247.33
339.82	-243.33
339.83	-259.34
339.83	-257.33
339.83	-265.33
339.83	-268.00
339.83	-226.67
339.83	-227.33
339.83	-242.67
339.83	-249.34
339.84	-202.67
339.84	-222.67
339.84	-224.00
339.84	-248.00
339.84	-232.67
339.84	-206.00
339.84	-214.67
339.84	-225.33
339.84	-255.33
339.85	-264.67
339.85	-259.34
339.85	-238.66
339.85	-201.34
339.85	-242.00
339.85	-203.33
339.85	-200.00
339.85	-210.00
339.86	-254.00
339.86	-246.00
339.86	-233.33
339.86	-218.66
339.86	-230.00
339.86	-217.33
339.86	-211.34
339.86	-234.00
339.86	-246.67
339.87	-250.00
339.87	-260.00
339.87	-259.34
339.87	-252.00
339.87	-245.33
339.87	-279.34
339.87	-248.00
339.87	-250.00
339.88	-254.67
339.88	-257.33
339.88	-227.33
339.88	-266.00
339.88	-260.66
339.88	-216.67
339.88	-233.33
339.88	-253.33
339.89	-238.66
339.89	-211.34
339.89	-228.00
339.89	-245.33
339.89	-241.34
339.89	-252.00
339.89	-254.00
339.89	-260.00
339.89	-262.00
339.90	-232.67
339.90	-221.34
339.90	-230.66
339.90	-242.00
339.90	-240.66
339.90	-234.00
339.90	-252.67
339.90	-255.33
339.91	-260.66
339.91	-236.00
339.91	-262.67
339.91	-253.33
339.91	-226.00
339.91	-231.34
339.91	-253.33
339.91	-242.67
339.91	-244.00
339.92	-202.67
339.92	-200.00
339.92	-238.66
339.92	-257.33
339.92	-244.67
339.92	-259.34
339.92	-237.33
339.92	-262.00
339.93	-266.00
339.93	-264.00
339.93	-248.66
339.93	-236.67
339.93	-250.00
339.93	-236.00
339.93	-256.00
339.93	-242.00
339.94	-228.00
339.94	-204.67
339.94	-240.00
339.94	-263.33
339.94	-254.67
339.94	-242.67
339.94	-258.00
339.94	-248.00
339.94	-211.34
339.95	-252.00
339.95	-264.67
339.95	-273.33
339.95	-266.00
339.95	-262.67
339.95	-251.34
339.95	-252.00
339.95	-276.00
339.96	-252.00
339.96	-272.67
339.96	-265.33
339.96	-219.34
339.96	-212.67
339.96	-222.00
339.96	-224.67
339.96	-229.34
339.96	-258.00
339.97	-244.00
339.97	-209.34
339.97	-260.00
339.97	-266.00
339.97	-261.34
339.97	-214.00
339.97	-225.33
339.97	-250.66
339.98	-258.66
339.98	-263.33
339.98	-259.34
339.98	-238.66
339.98	-214.67
339.98	-204.67
339.98	-228.00
339.98	-256.00
339.99	-239.34
339.99	-242.00
339.99	-250.00
339.99	-225.33
339.99	-224.00
339.99	-258.66
339.99	-267.33
339.99	-249.34
339.99	-259.34
340.00	-257.33
340.00	-262.67
340.00	-262.67
340.00	-254.67
340.00	-236.67
340.00	-238.66
340.00	-259.34
340.00	-264.67
340.01	-263.33
340.01	-256.67
340.01	-223.33
340.01	-272.67
340.01	-270.00
340.01	-280.00
340.01	-288.00
340.01	-268.00
340.02	-271.34
340.02	-265.33
340.02	-224.00
340.02	-223.33
340.02	-233.33
340.02	-258.66
340.02	-260.66
340.02	-251.34
340.02	-250.66
340.03	-218.00
340.03	-231.34
340.03	-254.00
340.03	-251.34
340.03	-215.33
340.03	-216.00
340.03	-214.67
340.03	-212.67
340.04	-234.67
340.04	-236.00
340.04	-200.00
340.04	-206.00
340.04	-218.00
340.04	-261.34
340.04	-249.34
340.04	-215.33
340.04	-213.33
340.05	-214.00
340.05	-226.67
340.05	-258.66
340.05	-240.00
340.05	-225.33
340.05	-207.33
340.05	-230.00
340.05	-214.00
340.06	-214.67
340.06	-202.67
340.06	-220.00
340.06	-234.67
340.06	-257.33
340.06	-260.00
340.06	-254.00
340.06	-231.34
340.07	-218.00
340.07	-214.00
340.07	-200.00
340.07	-211.34
340.07	-245.33
340.07	-207.33
340.07	-201.34
340.07	-207.33
340.07	-230.66
340.08	-224.67
340.08	-233.33
340.08	-242.00
340.08	-224.00
340.08	-260.66
340.08	-260.00
340.08	-248.66
340.08	-257.33
340.09	-215.33
340.09	-252.67
340.09	-218.00
340.09	-245.33
340.09	-252.67
340.09	-260.66
340.09	-254.00
340.09	-248.66
340.09	-223.33
340.10	-259.34
340.10	-245.33
340.10	-224.67
340.10	-224.67
340.10	-254.00
340.10	-259.34
340.10	-250.00
340.10	-268.00
340.11	-272.00
340.11	-236.00
340.11	-217.33
340.11	-220.00
340.11	-252.00
340.11	-248.66
340.11	-203.33
340.11	-206.67
340.12	-235.33
340.12	-233.33
340.12	-212.67
340.12	-230.66
340.12	-254.00
340.12	-242.67
340.12	-256.00
340.12	-246.67
340.12	-222.67
340.13	-212.00
340.13	-225.33
340.13	-252.67
340.13	-252.67
340.13	-214.00
340.13	-225.33
340.13	-270.66
340.13	-260.66
340.14	-261.34
340.14	-254.00
340.14	-244.00
340.14	-258.66
340.14	-253.33
340.14	-247.33
340.14	-230.66
340.14	-232.67
340.14	-232.00
340.15	-230.66
340.15	-248.00
340.15	-252.67
340.15	-209.34
340.15	-202.00
340.15	-201.34
340.15	-226.00
340.15	-228.00
340.16	-232.00
340.16	-244.00
340.16	-265.33
340.16	-264.00
340.16	-258.66
340.16	-218.66
340.16	-200.00
340.16	-206.67
340.17	-226.00
340.17	-239.34
340.17	-263.33
340.17	-226.00
340.17	-248.66
340.17	-228.66
340.17	-210.66
340.17	-206.00
340.17	-254.67
340.18	-255.33
340.18	-265.33
340.18	-234.67
340.18	-200.66
340.18	-208.66
340.18	-210.00
340.18	-216.67
340.18	-201.34
340.19	-200.00
340.19	-236.67
340.19	-242.67
340.19	-253.33
340.19	-250.66
340.19	-228.66
340.19	-238.66
340.19	-219.34
340.20	-234.00
340.20	-264.00
340.20	-242.00
340.20	-249.34
340.20	-262.67
340.20	-268.66
340.20	-267.33
340.20	-246.67
340.20	-206.00
340.21	-256.00
340.21	-251.34
340.21	-250.00
340.21	-249.34
340.21	-230.66
340.21	-242.67
340.21	-264.67
340.21	-268.00
340.22	-255.33
340.22	-256.67
340.22	-252.67
340.22	-274.00
340.22	-265.33
340.22	-251.34
340.22	-242.00
340.22	-221.34
340.22	-202.67
340.23	-207.33
340.23	-247.33
340.23	-241.34
340.23	-232.67
340.23	-252.67
340.23	-257.33
340.23	-217.33
340.23	-264.67
340.24	-262.67
340.24	-230.66
340.24	-243.33
340.24	-239.34
340.24	-214.67
340.24	-249.34
340.24	-216.00
340.24	-207.33
340.25	-200.66
340.25	-204.00
340.25	-230.66
340.25	-221.34
340.25	-245.33
340.25	-255.33
340.25	-228.66
340.25	-255.33
340.25	-280.00
340.26	-279.34
340.26	-275.33
340.26	-263.33
340.26	-253.33
340.26	-242.00
340.26	-265.33
340.26	-272.00
340.26	-244.00
340.27	-242.67
340.27	-248.00
340.27	-229.34
340.27	-246.00
340.27	-231.34
340.27	-200.00
340.27	-245.33
340.27	-258.66
340.27	-258.66
340.28	-245.33
340.28	-212.67
340.28	-210.00
340.28	-250.00
340.28	-276.00
340.28	-270.66
340.28	-250.66
340.28	-249.34
340.29	-256.67
340.29	-225.33
340.29	-212.00
340.29	-215.33
340.29	-222.67
340.29	-213.33
340.29	-213.33
340.29	-247.33
340.30	-256.00
340.30	-256.00
340.30	-256.00
340.30	-241.34
340.30	-246.00
340.30	-231.34
340.30	-234.00
340.30	-200.00
340.30	-202.00
340.31	-221.34
340.31	-200.00
340.31	-224.67
340.31	-235.33
340.31	-220.66
340.31	-263.33
340.31	-277.33
340.31	-262.67
340.32	-227.33
340.32	-203.33
340.32	-244.00
340.32	-235.33
340.32	-232.67
340.32	-243.33
340.32	-255.33
340.32	-262.67
340.33	-259.34
340.33	-252.67
340.33	-233.33
340.33	-203.33
340.33	-225.33
340.33	-228.00
340.33	-246.00
340.33	-236.00
340.33	-222.00
340.34	-222.67
340.34	-200.66
340.34	-207.33
340.34	-228.00
340.34	-212.00
340.34	-207.33
340.34	-228.66
340.34	-206.67
340.35	-211.34
340.35	-234.67
340.35	-252.00
340.35	-259.34
340.35	-261.34
340.35	-222.67
340.35	-263.33
340.35	-266.00
340.35	-238.66
340.36	-212.67
340.36	-216.00
340.36	-240.00
340.36	-253.33
340.36	-240.00
