3.000000000000000000e+00 2.749999999999999840e-03
8.000000000000000000e+00 2.724610000000000139e-03
1.200000000000000000e+01 2.601318999999999940e-03
1.700000000000000000e+01 2.638427999999999954e-03
2.300000000000000000e+01 2.752685999999999848e-03
2.900000000000000000e+01 2.539307000000000196e-03
3.400000000000000000e+01 2.655274000000000002e-03
4.000000000000000000e+01 2.716309000000000085e-03
4.600000000000000000e+01 2.688965000000000192e-03
5.200000000000000000e+01 2.664062999999999935e-03
5.800000000000000000e+01 2.626953000000000014e-03
6.300000000000000000e+01 2.595215000000000109e-03
6.900000000000000000e+01 2.677491000000000159e-03
7.500000000000000000e+01 2.803223000000000086e-03
8.100000000000000000e+01 2.783203000000000153e-03
8.700000000000000000e+01 2.812745000000000176e-03
9.200000000000000000e+01 2.745850000000000200e-03
9.800000000000000000e+01 2.751709000000000186e-03
1.040000000000000000e+02 2.782470999999999903e-03
1.100000000000000000e+02 2.789550999999999923e-03
1.160000000000000000e+02 2.948731000000000008e-03
1.220000000000000000e+02 2.819092000000000039e-03
1.270000000000000000e+02 2.815674000000000215e-03
1.330000000000000000e+02 2.968262000000000157e-03
1.390000000000000000e+02 2.997558999999999901e-03
1.450000000000000000e+02 3.109376000000000067e-03
1.510000000000000000e+02 3.170165999999999869e-03
1.560000000000000000e+02 3.091308999999999984e-03
1.620000000000000000e+02 3.249268000000000035e-03
1.680000000000000000e+02 3.312500999999999814e-03
1.740000000000000000e+02 3.275146999999999954e-03
1.800000000000000000e+02 3.384765999999999990e-03
1.850000000000000000e+02 3.431885999999999878e-03
1.910000000000000000e+02 3.318849000000000018e-03
1.970000000000000000e+02 3.502930000000000019e-03
2.030000000000000000e+02 3.488038000000000163e-03
2.090000000000000000e+02 3.522706000000000014e-03
2.150000000000000000e+02 3.685059999999999985e-03
2.200000000000000000e+02 3.550293999999999846e-03
2.260000000000000000e+02 3.439942000000000086e-03
2.320000000000000000e+02 3.474122000000000061e-03
2.380000000000000000e+02 3.375733000000000119e-03
2.440000000000000000e+02 3.484619999999999905e-03
2.490000000000000000e+02 3.473634000000000183e-03
2.550000000000000000e+02 3.395509000000000114e-03
2.610000000000000000e+02 3.560302999999999905e-03
2.670000000000000000e+02 3.424317000000000073e-03
2.730000000000000000e+02 3.414551999999999952e-03
2.790000000000000000e+02 3.421875999999999911e-03
2.840000000000000000e+02 3.356933999999999786e-03
2.900000000000000000e+02 3.348388999999999793e-03
2.960000000000000000e+02 3.382813000000000139e-03
3.020000000000000000e+02 3.265136999999999987e-03
3.080000000000000000e+02 3.322021999999999996e-03
3.130000000000000000e+02 3.159424999999999994e-03
3.190000000000000000e+02 3.135742999999999864e-03
3.250000000000000000e+02 3.163575000000000068e-03
3.310000000000000000e+02 3.103271999999999801e-03
3.370000000000000000e+02 2.963868000000000145e-03
3.420000000000000000e+02 3.116943999999999965e-03
3.480000000000000000e+02 3.021972999999999847e-03
3.540000000000000000e+02 3.012452000000000098e-03
3.600000000000000000e+02 3.001708999999999974e-03
3.660000000000000000e+02 2.858397999999999842e-03
3.720000000000000000e+02 2.841553000000000134e-03
3.770000000000000000e+02 2.759765999999999869e-03
3.830000000000000000e+02 2.798095999999999917e-03
3.890000000000000000e+02 2.862548999999999823e-03
3.950000000000000000e+02 2.794190000000000215e-03
4.010000000000000000e+02 2.734374999999999827e-03
4.060000000000000000e+02 2.909667999999999803e-03
4.120000000000000000e+02 2.735107999999999984e-03
4.180000000000000000e+02 2.767089999999999828e-03
4.240000000000000000e+02 2.895752000000000135e-03
4.300000000000000000e+02 2.889649000000000210e-03
4.350000000000000000e+02 2.920166000000000081e-03
4.410000000000000000e+02 2.906494999999999825e-03
4.470000000000000000e+02 2.847168000000000181e-03
4.530000000000000000e+02 2.946533999999999785e-03
4.590000000000000000e+02 2.915284000000000191e-03
4.650000000000000000e+02 2.836426999999999872e-03
4.700000000000000000e+02 2.971924999999999827e-03
4.760000000000000000e+02 2.914794999999999973e-03
4.820000000000000000e+02 2.930909000000000205e-03
4.880000000000000000e+02 2.975830999999999962e-03
4.940000000000000000e+02 2.945313000000000184e-03
4.990000000000000000e+02 2.990722999999999819e-03
5.050000000000000000e+02 2.903077000000000001e-03
5.110000000000000000e+02 2.892823000000000096e-03
5.170000000000000000e+02 2.902343999999999844e-03
5.230000000000000000e+02 2.911133000000000210e-03
5.280000000000000000e+02 2.847168000000000181e-03
5.340000000000000000e+02 2.947753999999999912e-03
5.400000000000000000e+02 2.729980999999999814e-03
5.460000000000000000e+02 2.747070999999999801e-03
5.520000000000000000e+02 2.741456000000000188e-03
5.580000000000000000e+02 2.701171999999999948e-03
5.630000000000000000e+02 2.699463000000000036e-03
5.690000000000000000e+02 2.682129000000000110e-03
5.750000000000000000e+02 2.712159000000000011e-03
5.810000000000000000e+02 2.772950000000000154e-03
5.870000000000000000e+02 2.853272000000000013e-03
5.920000000000000000e+02 2.906006000000000040e-03
5.980000000000000000e+02 2.978272000000000124e-03
6.040000000000000000e+02 2.919678000000000204e-03
6.100000000000000000e+02 3.037843000000000140e-03
6.160000000000000000e+02 3.311280000000000213e-03
6.220000000000000000e+02 3.379884000000000100e-03
6.270000000000000000e+02 3.610351999999999832e-03
6.330000000000000000e+02 3.736085000000000100e-03
6.390000000000000000e+02 3.859131999999999927e-03
6.450000000000000000e+02 4.112305000000000127e-03
6.510000000000000000e+02 4.457520000000000406e-03
6.560000000000000000e+02 4.592773999999999988e-03
6.620000000000000000e+02 4.864501999999999715e-03
6.680000000000000000e+02 4.934570999999999576e-03
6.740000000000000000e+02 5.338380000000000208e-03
6.800000000000000000e+02 5.554688000000000334e-03
6.850000000000000000e+02 5.815185999999999966e-03
6.910000000000000000e+02 6.148927000000000212e-03
6.970000000000000000e+02 6.353517000000000366e-03
7.030000000000000000e+02 6.484132000000000090e-03
7.090000000000000000e+02 6.793702000000000421e-03
7.150000000000000000e+02 7.100099000000000340e-03
7.200000000000000000e+02 7.335694000000000242e-03
7.260000000000000000e+02 7.573975999999999625e-03
7.320000000000000000e+02 7.681641999999999811e-03
7.380000000000000000e+02 7.950685000000000738e-03
7.440000000000000000e+02 8.234131999999999910e-03
7.490000000000000000e+02 8.298585000000000683e-03
7.550000000000000000e+02 8.395753000000000590e-03
7.610000000000000000e+02 8.530519000000000296e-03
7.670000000000000000e+02 8.689211000000000504e-03
7.730000000000000000e+02 8.898926999999999185e-03
7.780000000000000000e+02 9.000977999999999757e-03
7.840000000000000000e+02 9.130373000000000655e-03
7.900000000000000000e+02 9.397706000000000462e-03
7.960000000000000000e+02 9.385743000000000211e-03
8.020000000000000000e+02 9.548341000000000120e-03
8.080000000000000000e+02 9.636476999999999196e-03
8.130000000000000000e+02 9.611573999999999465e-03
8.190000000000000000e+02 9.900391999999999179e-03
8.250000000000000000e+02 9.948000000000000245e-03
8.310000000000000000e+02 9.885987000000000594e-03
8.370000000000000000e+02 9.911622999999999614e-03
8.420000000000000000e+02 9.962403999999999357e-03
8.480000000000000000e+02 9.926759999999999751e-03
8.540000000000000000e+02 1.008861999999999953e-02
8.600000000000000000e+02 9.808595999999999288e-03
8.660000000000000000e+02 9.721682000000000587e-03
8.710000000000000000e+02 9.637697000000000624e-03
8.770000000000000000e+02 9.348389999999999825e-03
8.830000000000000000e+02 9.134035000000000418e-03
8.890000000000000000e+02 9.031251000000000556e-03
8.950000000000000000e+02 8.643067000000000805e-03
9.010000000000000000e+02 8.553467999999999835e-03
9.060000000000000000e+02 8.141357000000000108e-03
9.120000000000000000e+02 7.821290999999999313e-03
9.180000000000000000e+02 7.520998000000000093e-03
9.240000000000000000e+02 7.152345000000000057e-03
9.300000000000000000e+02 6.929933999999999573e-03
9.350000000000000000e+02 6.556885999999999617e-03
9.410000000000000000e+02 6.217287000000000161e-03
9.470000000000000000e+02 5.955079999999999749e-03
9.530000000000000000e+02 5.892579999999999693e-03
9.590000000000000000e+02 5.831056000000000260e-03
9.650000000000000000e+02 5.821289999999999798e-03
9.700000000000000000e+02 6.029297999999999776e-03
9.760000000000000000e+02 6.123291999999999798e-03
9.820000000000000000e+02 6.393799999999999831e-03
9.880000000000000000e+02 6.458985999999999894e-03
9.940000000000000000e+02 6.831788999999999570e-03
9.990000000000000000e+02 7.270997999999999871e-03
1.005000000000000000e+03 7.647217999999999898e-03
1.011000000000000000e+03 8.015137999999999777e-03
1.017000000000000000e+03 8.507568000000000075e-03
1.023000000000000000e+03 8.821535000000000140e-03
1.028000000000000000e+03 9.278565000000000770e-03
1.034000000000000000e+03 9.555421999999999180e-03
1.040000000000000000e+03 9.909668999999999423e-03
1.046000000000000000e+03 1.032764000000000078e-02
1.052000000000000000e+03 1.060059000000000001e-02
1.058000000000000000e+03 1.087231999999999955e-02
1.063000000000000000e+03 1.102709999999999975e-02
1.069000000000000000e+03 1.110717999999999948e-02
1.075000000000000000e+03 1.138306000000000040e-02
1.081000000000000000e+03 1.159765999999999922e-02
1.087000000000000000e+03 1.154711999999999926e-02
1.092000000000000000e+03 1.178272000000000000e-02
1.098000000000000000e+03 1.188403000000000029e-02
1.104000000000000000e+03 1.198730999999999929e-02
1.110000000000000000e+03 1.228222999999999988e-02
1.116000000000000000e+03 1.216968000000000043e-02
1.121000000000000000e+03 1.225951999999999945e-02
1.127000000000000000e+03 1.254052999999999939e-02
1.133000000000000000e+03 1.278027999999999977e-02
1.139000000000000000e+03 1.312012000000000074e-02
1.145000000000000000e+03 1.339649000000000048e-02
1.151000000000000000e+03 1.367992999999999987e-02
1.156000000000000000e+03 1.420727999999999921e-02
1.162000000000000000e+03 1.497535000000000012e-02
1.168000000000000000e+03 1.549024000000000061e-02
1.174000000000000000e+03 1.599242999999999845e-02
1.180000000000000000e+03 1.660912999999999973e-02
1.185000000000000000e+03 1.724219000000000099e-02
1.191000000000000000e+03 1.811768000000000059e-02
1.197000000000000000e+03 1.871362000000000025e-02
1.203000000000000000e+03 1.922095000000000053e-02
1.209000000000000000e+03 1.996997000000000008e-02
1.214000000000000000e+03 2.039283000000000068e-02
1.220000000000000000e+03 2.108080999999999844e-02
1.226000000000000000e+03 2.158252000000000087e-02
1.232000000000000000e+03 2.210523000000000002e-02
1.238000000000000000e+03 2.259790000000000063e-02
1.244000000000000000e+03 2.286132999999999915e-02
1.249000000000000000e+03 2.308398999999999868e-02
1.255000000000000000e+03 2.330493000000000148e-02
1.261000000000000000e+03 2.346948999999999910e-02
1.267000000000000000e+03 2.368970000000000103e-02
1.273000000000000000e+03 2.372706000000000121e-02
1.278000000000000000e+03 2.365307999999999994e-02
1.284000000000000000e+03 2.360326999999999911e-02
1.290000000000000000e+03 2.339404999999999957e-02
1.296000000000000000e+03 2.334692999999999838e-02
1.302000000000000000e+03 2.340990999999999905e-02
1.308000000000000000e+03 2.304004000000000121e-02
1.313000000000000000e+03 2.296045000000000030e-02
1.319000000000000000e+03 2.295728000000000005e-02
1.325000000000000000e+03 2.315526999999999863e-02
1.331000000000000000e+03 2.347143999999999966e-02
1.337000000000000000e+03 2.363793999999999965e-02
1.342000000000000000e+03 2.382226999999999956e-02
1.348000000000000000e+03 2.465625000000000108e-02
1.354000000000000000e+03 2.578321000000000085e-02
1.360000000000000000e+03 2.675196000000000171e-02
1.366000000000000000e+03 2.771240999999999982e-02
1.371000000000000000e+03 2.851783000000000096e-02
1.377000000000000000e+03 2.975196000000000091e-02
1.383000000000000000e+03 3.138819000000000331e-02
1.389000000000000000e+03 3.291528999999999983e-02
1.395000000000000000e+03 3.403760000000000119e-02
1.401000000000000000e+03 3.520825999999999817e-02
1.406000000000000000e+03 3.629663000000000334e-02
1.412000000000000000e+03 3.767481000000000302e-02
1.418000000000000000e+03 3.904615000000000169e-02
1.424000000000000000e+03 3.976172000000000040e-02
1.430000000000000000e+03 4.052661999999999931e-02
1.435000000000000000e+03 4.163258000000000236e-02
1.441000000000000000e+03 4.244068000000000146e-02
1.447000000000000000e+03 4.331689999999999846e-02
1.453000000000000000e+03 4.377050999999999858e-02
1.459000000000000000e+03 4.425512999999999669e-02
1.464000000000000000e+03 4.521436000000000205e-02
1.470000000000000000e+03 4.572828000000000309e-02
1.476000000000000000e+03 4.639160999999999979e-02
1.482000000000000000e+03 4.660401000000000127e-02
1.488000000000000000e+03 4.711426999999999976e-02
1.494000000000000000e+03 4.790089000000000152e-02
1.499000000000000000e+03 4.850978000000000234e-02
1.505000000000000000e+03 4.853589999999999988e-02
1.511000000000000000e+03 4.885181999999999719e-02
1.517000000000000000e+03 4.937819000000000236e-02
1.523000000000000000e+03 5.028615000000000168e-02
1.528000000000000000e+03 5.071217000000000086e-02
1.534000000000000000e+03 5.086939000000000044e-02
1.540000000000000000e+03 5.112744999999999790e-02
1.546000000000000000e+03 5.177539999999999920e-02
1.552000000000000000e+03 5.245361999999999941e-02
1.557000000000000000e+03 5.291822000000000192e-02
1.563000000000000000e+03 5.277003000000000249e-02
1.569000000000000000e+03 5.302343999999999807e-02
1.575000000000000000e+03 5.376539000000000318e-02
1.581000000000000000e+03 5.443019000000000329e-02
1.587000000000000000e+03 5.474853999999999832e-02
1.592000000000000000e+03 5.489478999999999886e-02
1.598000000000000000e+03 5.502881999999999912e-02
1.604000000000000000e+03 5.567505999999999844e-02
1.610000000000000000e+03 5.648804999999999799e-02
1.616000000000000000e+03 5.684619999999999951e-02
1.621000000000000000e+03 5.706031000000000297e-02
1.627000000000000000e+03 5.741895999999999806e-02
1.633000000000000000e+03 5.803930999999999674e-02
1.639000000000000000e+03 5.875318999999999681e-02
1.645000000000000000e+03 5.914136999999999866e-02
1.651000000000000000e+03 5.940259999999999985e-02
1.656000000000000000e+03 5.992651999999999701e-02
1.662000000000000000e+03 6.052832999999999825e-02
1.668000000000000000e+03 6.124219999999999664e-02
1.674000000000000000e+03 6.170876000000000139e-02
1.680000000000000000e+03 6.190675000000000344e-02
1.685000000000000000e+03 6.244972000000000023e-02
1.691000000000000000e+03 6.314722000000000390e-02
1.697000000000000000e+03 6.368140999999999385e-02
1.703000000000000000e+03 6.423463000000000089e-02
1.709000000000000000e+03 6.418725999999999599e-02
1.714000000000000000e+03 6.494239000000000261e-02
1.720000000000000000e+03 6.563111000000000639e-02
1.726000000000000000e+03 6.606544000000000305e-02
1.732000000000000000e+03 6.639282999999999990e-02
1.738000000000000000e+03 6.678931999999999924e-02
1.744000000000000000e+03 6.735670000000000546e-02
1.749000000000000000e+03 6.832837999999999412e-02
1.755000000000000000e+03 6.867555000000000187e-02
1.761000000000000000e+03 6.866041000000000505e-02
1.767000000000000000e+03 6.897730000000000528e-02
1.773000000000000000e+03 6.976172999999999402e-02
1.778000000000000000e+03 7.034376000000000517e-02
1.784000000000000000e+03 7.066334000000000504e-02
1.790000000000000000e+03 7.067358999999999447e-02
1.796000000000000000e+03 7.128321999999999437e-02
1.802000000000000000e+03 7.223390999999999840e-02
1.807000000000000000e+03 7.265138000000000151e-02
1.813000000000000000e+03 7.310426000000000424e-02
1.819000000000000000e+03 7.319604999999999861e-02
1.825000000000000000e+03 7.365016000000000618e-02
1.831000000000000000e+03 7.477174000000000320e-02
1.837000000000000000e+03 7.544702999999999826e-02
1.842000000000000000e+03 7.580151999999999723e-02
1.848000000000000000e+03 7.603859000000000312e-02
1.854000000000000000e+03 7.659375999999999685e-02
1.860000000000000000e+03 7.781129000000000517e-02
1.866000000000000000e+03 7.876221999999999390e-02
1.871000000000000000e+03 7.893018999999999730e-02
1.877000000000000000e+03 7.924609999999999987e-02
1.883000000000000000e+03 7.989161000000000179e-02
1.889000000000000000e+03 8.066919999999999646e-02
1.895000000000000000e+03 8.158155000000000268e-02
1.900000000000000000e+03 8.182422999999999780e-02
1.906000000000000000e+03 8.213990000000000180e-02
1.912000000000000000e+03 8.273829000000000600e-02
1.918000000000000000e+03 8.361256000000000244e-02
1.924000000000000000e+03 8.452492000000000338e-02
1.930000000000000000e+03 8.491943999999999881e-02
1.935000000000000000e+03 8.552319999999999367e-02
1.941000000000000000e+03 8.633765000000000189e-02
1.947000000000000000e+03 8.734058000000000099e-02
1.953000000000000000e+03 8.786792999999999687e-02
1.959000000000000000e+03 8.834253999999999718e-02
1.964000000000000000e+03 8.891970000000000429e-02
1.970000000000000000e+03 8.996387000000000134e-02
1.976000000000000000e+03 9.116211999999999926e-02
1.982000000000000000e+03 9.162671999999999484e-02
1.988000000000000000e+03 9.165918000000000676e-02
1.994000000000000000e+03 9.252539999999999376e-02
1.999000000000000000e+03 9.364698999999999940e-02
2.005000000000000000e+03 9.470802000000000387e-02
2.011000000000000000e+03 9.513552000000000120e-02
2.017000000000000000e+03 9.518068000000000362e-02
2.023000000000000000e+03 9.621217999999999437e-02
2.028000000000000000e+03 9.752785999999999400e-02
2.034000000000000000e+03 9.872537000000000673e-02
2.040000000000000000e+03 9.921803999999999346e-02
2.046000000000000000e+03 9.927980000000000138e-02
2.052000000000000000e+03 1.001023000000000052e-01
2.057000000000000000e+03 1.017576000000000036e-01
2.063000000000000000e+03 1.026698999999999945e-01
2.069000000000000000e+03 1.030661999999999967e-01
2.075000000000000000e+03 1.033842999999999984e-01
2.081000000000000000e+03 1.039795000000000025e-01
2.087000000000000000e+03 1.054284999999999944e-01
2.092000000000000000e+03 1.062184999999999935e-01
2.098000000000000000e+03 1.065964999999999968e-01
2.104000000000000000e+03 1.068650000000000017e-01
2.110000000000000000e+03 1.079733999999999972e-01
2.116000000000000000e+03 1.093147000000000008e-01
2.121000000000000000e+03 1.104663000000000034e-01
2.127000000000000000e+03 1.104699999999999988e-01
2.133000000000000000e+03 1.110282999999999964e-01
2.139000000000000000e+03 1.119068000000000007e-01
2.145000000000000000e+03 1.129690000000000000e-01
2.150000000000000000e+03 1.140290999999999944e-01
2.156000000000000000e+03 1.142437000000000036e-01
2.162000000000000000e+03 1.149374999999999980e-01
2.168000000000000000e+03 1.162424999999999986e-01
2.174000000000000000e+03 1.175473999999999963e-01
2.180000000000000000e+03 1.183244999999999991e-01
2.185000000000000000e+03 1.188224999999999976e-01
2.191000000000000000e+03 1.195943000000000006e-01
2.197000000000000000e+03 1.212117000000000056e-01
2.203000000000000000e+03 1.220312999999999953e-01
2.209000000000000000e+03 1.221382000000000023e-01
2.214000000000000000e+03 1.224612000000000062e-01
2.220000000000000000e+03 1.235803000000000040e-01
2.226000000000000000e+03 1.250950000000000117e-01
2.232000000000000000e+03 1.261084000000000094e-01
2.238000000000000000e+03 1.260696000000000039e-01
2.243000000000000000e+03 1.264406999999999892e-01
2.249000000000000000e+03 1.280815999999999899e-01
2.255000000000000000e+03 1.294484999999999941e-01
2.261000000000000000e+03 1.303689000000000098e-01
2.267000000000000000e+03 1.305016999999999983e-01
2.273000000000000000e+03 1.305000000000000049e-01
2.278000000000000000e+03 1.319458000000000020e-01
2.284000000000000000e+03 1.335641999999999940e-01
2.290000000000000000e+03 1.345320000000000127e-01
2.296000000000000000e+03 1.342420000000000002e-01
2.302000000000000000e+03 1.344345999999999874e-01
2.307000000000000000e+03 1.359636999999999929e-01
2.313000000000000000e+03 1.373687000000000102e-01
2.319000000000000000e+03 1.378897000000000039e-01
2.325000000000000000e+03 1.376419000000000115e-01
2.331000000000000000e+03 1.380754999999999899e-01
2.337000000000000000e+03 1.391658000000000062e-01
2.342000000000000000e+03 1.402190000000000103e-01
2.348000000000000000e+03 1.407924999999999871e-01
2.354000000000000000e+03 1.404749000000000136e-01
2.360000000000000000e+03 1.408936000000000077e-01
2.366000000000000000e+03 1.422866000000000131e-01
2.371000000000000000e+03 1.432595000000000118e-01
2.377000000000000000e+03 1.434894999999999921e-01
2.383000000000000000e+03 1.430740000000000067e-01
2.389000000000000000e+03 1.437273000000000023e-01
2.395000000000000000e+03 1.444906999999999997e-01
2.400000000000000000e+03 1.449172999999999989e-01
2.406000000000000000e+03 1.447681000000000107e-01
2.412000000000000000e+03 1.440649999999999986e-01
2.418000000000000000e+03 1.444181999999999966e-01
2.424000000000000000e+03 1.454387000000000041e-01
2.430000000000000000e+03 1.454139000000000126e-01
2.435000000000000000e+03 1.445786000000000016e-01
2.441000000000000000e+03 1.435483999999999927e-01
2.447000000000000000e+03 1.436348000000000069e-01
2.453000000000000000e+03 1.438865000000000005e-01
2.459000000000000000e+03 1.433342999999999978e-01
2.464000000000000000e+03 1.420763999999999916e-01
2.470000000000000000e+03 1.410116999999999898e-01
2.476000000000000000e+03 1.403747999999999940e-01
2.482000000000000000e+03 1.399550999999999989e-01
2.488000000000000000e+03 1.394423999999999941e-01
2.493000000000000000e+03 1.375680999999999987e-01
2.499000000000000000e+03 1.360378999999999894e-01
2.505000000000000000e+03 1.350928000000000129e-01
2.511000000000000000e+03 1.341925999999999952e-01
2.517000000000000000e+03 1.328455000000000052e-01
2.523000000000000000e+03 1.301968000000000014e-01
2.528000000000000000e+03 1.291497000000000062e-01
2.534000000000000000e+03 1.280573999999999879e-01
2.540000000000000000e+03 1.258559999999999957e-01
2.546000000000000000e+03 1.240059000000000022e-01
2.552000000000000000e+03 1.222778999999999949e-01
2.557000000000000000e+03 1.211100999999999983e-01
2.563000000000000000e+03 1.215664000000000050e-01
2.569000000000000000e+03 1.223237999999999964e-01
2.575000000000000000e+03 1.226291999999999938e-01
2.581000000000000000e+03 1.229882999999999948e-01
2.586000000000000000e+03 1.238947999999999994e-01
2.592000000000000000e+03 1.254307000000000061e-01
2.598000000000000000e+03 1.266635999999999873e-01
2.604000000000000000e+03 1.273523000000000016e-01
2.610000000000000000e+03 1.277050999999999881e-01
2.616000000000000000e+03 1.285951999999999928e-01
2.621000000000000000e+03 1.296370000000000022e-01
2.627000000000000000e+03 1.306421000000000110e-01
2.633000000000000000e+03 1.309229000000000087e-01
2.639000000000000000e+03 1.311093999999999871e-01
2.645000000000000000e+03 1.320386000000000060e-01
2.650000000000000000e+03 1.330890999999999880e-01
2.656000000000000000e+03 1.336393999999999915e-01
2.662000000000000000e+03 1.334121000000000057e-01
2.668000000000000000e+03 1.336697000000000024e-01
2.674000000000000000e+03 1.345513000000000126e-01
2.680000000000000000e+03 1.357472999999999874e-01
2.685000000000000000e+03 1.359667999999999988e-01
2.691000000000000000e+03 1.356613999999999876e-01
2.697000000000000000e+03 1.362942000000000042e-01
2.703000000000000000e+03 1.372344000000000064e-01
2.709000000000000000e+03 1.381344999999999934e-01
2.714000000000000000e+03 1.381541000000000019e-01
2.720000000000000000e+03 1.378388999999999864e-01
2.726000000000000000e+03 1.384988000000000052e-01
2.732000000000000000e+03 1.395224999999999937e-01
2.738000000000000000e+03 1.401765000000000094e-01
2.743000000000000000e+03 1.403205999999999898e-01
2.749000000000000000e+03 1.398474000000000106e-01
2.755000000000000000e+03 1.405442000000000080e-01
2.761000000000000000e+03 1.413871999999999907e-01
2.767000000000000000e+03 1.419819999999999971e-01
2.773000000000000000e+03 1.420859999999999901e-01
2.778000000000000000e+03 1.415956999999999910e-01
2.784000000000000000e+03 1.420740000000000058e-01
2.790000000000000000e+03 1.432769000000000126e-01
2.796000000000000000e+03 1.437763999999999986e-01
2.802000000000000000e+03 1.434483000000000008e-01
2.807000000000000000e+03 1.433100999999999958e-01
2.813000000000000000e+03 1.438172000000000061e-01
2.819000000000000000e+03 1.444382999999999917e-01
2.825000000000000000e+03 1.449604999999999921e-01
2.831000000000000000e+03 1.445578999999999892e-01
2.836000000000000000e+03 1.446841000000000099e-01
2.842000000000000000e+03 1.452293000000000056e-01
2.848000000000000000e+03 1.460142000000000106e-01
2.854000000000000000e+03 1.465636999999999912e-01
2.860000000000000000e+03 1.461079000000000128e-01
2.866000000000000000e+03 1.458662000000000014e-01
2.871000000000000000e+03 1.466542999999999874e-01
2.877000000000000000e+03 1.472199999999999898e-01
2.883000000000000000e+03 1.475432000000000132e-01
2.889000000000000000e+03 1.470508000000000093e-01
2.895000000000000000e+03 1.474179999999999935e-01
2.900000000000000000e+03 1.484156000000000086e-01
2.906000000000000000e+03 1.488996999999999959e-01
2.912000000000000000e+03 1.487080000000000068e-01
2.918000000000000000e+03 1.481169999999999987e-01
2.924000000000000000e+03 1.482709999999999861e-01
2.929000000000000000e+03 1.488000999999999907e-01
2.935000000000000000e+03 1.490820999999999952e-01
2.941000000000000000e+03 1.490594000000000086e-01
2.947000000000000000e+03 1.482195000000000040e-01
2.953000000000000000e+03 1.483150000000000024e-01
2.959000000000000000e+03 1.494453000000000031e-01
2.964000000000000000e+03 1.500016999999999878e-01
2.970000000000000000e+03 1.491911999999999960e-01
2.976000000000000000e+03 1.490212999999999954e-01
2.982000000000000000e+03 1.493394000000000110e-01
2.988000000000000000e+03 1.497178000000000120e-01
2.993000000000000000e+03 1.502473000000000003e-01
2.999000000000000000e+03 1.498571999999999960e-01
3.005000000000000000e+03 1.493809000000000109e-01
3.011000000000000000e+03 1.499492000000000047e-01
3.017000000000000000e+03 1.507000000000000006e-01
3.023000000000000000e+03 1.507825000000000137e-01
3.028000000000000000e+03 1.497031000000000056e-01
3.034000000000000000e+03 1.494954000000000005e-01
3.040000000000000000e+03 1.501858000000000082e-01
3.046000000000000000e+03 1.508130000000000026e-01
3.052000000000000000e+03 1.502607999999999999e-01
3.057000000000000000e+03 1.495270999999999961e-01
3.063000000000000000e+03 1.493820999999999899e-01
3.069000000000000000e+03 1.501679999999999959e-01
3.075000000000000000e+03 1.505498000000000114e-01
3.081000000000000000e+03 1.501293999999999962e-01
3.086000000000000000e+03 1.492593000000000114e-01
3.092000000000000000e+03 1.495283000000000029e-01
3.098000000000000000e+03 1.499196999999999891e-01
3.104000000000000000e+03 1.501377000000000128e-01
3.110000000000000000e+03 1.497084999999999944e-01
3.116000000000000000e+03 1.485790999999999917e-01
3.121000000000000000e+03 1.488234999999999975e-01
3.127000000000000000e+03 1.494068000000000063e-01
3.133000000000000000e+03 1.493237000000000037e-01
3.139000000000000000e+03 1.483211000000000113e-01
3.145000000000000000e+03 1.471513999999999878e-01
3.150000000000000000e+03 1.471655000000000046e-01
3.156000000000000000e+03 1.476001000000000118e-01
3.162000000000000000e+03 1.473384000000000082e-01
3.168000000000000000e+03 1.462793000000000010e-01
3.174000000000000000e+03 1.453604000000000007e-01
3.179000000000000000e+03 1.452603000000000089e-01
3.185000000000000000e+03 1.459084999999999965e-01
3.191000000000000000e+03 1.453801999999999872e-01
3.197000000000000000e+03 1.446472000000000036e-01
3.203000000000000000e+03 1.440188000000000024e-01
3.209000000000000000e+03 1.443064000000000013e-01
3.214000000000000000e+03 1.444054999999999922e-01
3.220000000000000000e+03 1.441038000000000041e-01
3.226000000000000000e+03 1.427348999999999979e-01
3.232000000000000000e+03 1.420771999999999868e-01
3.238000000000000000e+03 1.424545999999999868e-01
3.243000000000000000e+03 1.413417999999999897e-01
3.249000000000000000e+03 1.402201999999999893e-01
3.255000000000000000e+03 1.385409999999999975e-01
3.261000000000000000e+03 1.379377999999999993e-01
3.267000000000000000e+03 1.381527999999999923e-01
3.272000000000000000e+03 1.381383999999999945e-01
3.278000000000000000e+03 1.378141999999999978e-01
3.284000000000000000e+03 1.374154999999999960e-01
3.290000000000000000e+03 1.377658999999999967e-01
3.296000000000000000e+03 1.389382000000000117e-01
3.302000000000000000e+03 1.398357000000000072e-01
3.307000000000000000e+03 1.400237000000000009e-01
3.313000000000000000e+03 1.402868999999999922e-01
3.319000000000000000e+03 1.408636000000000055e-01
3.325000000000000000e+03 1.414733999999999992e-01
3.331000000000000000e+03 1.420432000000000083e-01
3.336000000000000000e+03 1.415584000000000009e-01
3.342000000000000000e+03 1.409099000000000046e-01
3.348000000000000000e+03 1.411048000000000024e-01
3.354000000000000000e+03 1.415273999999999976e-01
3.360000000000000000e+03 1.410766999999999993e-01
3.366000000000000000e+03 1.400772000000000128e-01
3.371000000000000000e+03 1.395698999999999967e-01
3.377000000000000000e+03 1.397815000000000030e-01
3.383000000000000000e+03 1.402605000000000102e-01
3.389000000000000000e+03 1.394900000000000029e-01
3.395000000000000000e+03 1.386367000000000016e-01
3.400000000000000000e+03 1.380676999999999877e-01
3.406000000000000000e+03 1.386557999999999957e-01
3.412000000000000000e+03 1.387459000000000053e-01
3.418000000000000000e+03 1.377868999999999899e-01
3.424000000000000000e+03 1.368301000000000101e-01
3.429000000000000000e+03 1.368969999999999909e-01
3.435000000000000000e+03 1.366056999999999966e-01
3.441000000000000000e+03 1.365808000000000022e-01
3.447000000000000000e+03 1.359696999999999989e-01
3.453000000000000000e+03 1.346877999999999964e-01
3.459000000000000000e+03 1.345442000000000027e-01
3.464000000000000000e+03 1.349287000000000125e-01
3.470000000000000000e+03 1.343679000000000123e-01
3.476000000000000000e+03 1.335942999999999992e-01
3.482000000000000000e+03 1.326555000000000095e-01
3.488000000000000000e+03 1.322319999999999884e-01
3.493000000000000000e+03 1.327023999999999981e-01
3.499000000000000000e+03 1.320331999999999895e-01
3.505000000000000000e+03 1.308494000000000046e-01
3.511000000000000000e+03 1.303294000000000119e-01
3.517000000000000000e+03 1.300805999999999907e-01
3.522000000000000000e+03 1.303457000000000088e-01
3.528000000000000000e+03 1.299640999999999991e-01
3.534000000000000000e+03 1.286968000000000001e-01
3.540000000000000000e+03 1.280139000000000138e-01
3.546000000000000000e+03 1.281886999999999888e-01
3.552000000000000000e+03 1.283132999999999913e-01
3.557000000000000000e+03 1.278112999999999888e-01
3.563000000000000000e+03 1.263134999999999952e-01
3.569000000000000000e+03 1.257249000000000005e-01
3.575000000000000000e+03 1.258598999999999968e-01
3.581000000000000000e+03 1.257095000000000018e-01
3.586000000000000000e+03 1.252267999999999992e-01
3.592000000000000000e+03 1.240824999999999984e-01
3.598000000000000000e+03 1.234693000000000040e-01
3.604000000000000000e+03 1.235229999999999939e-01
3.610000000000000000e+03 1.234621999999999942e-01
3.615000000000000000e+03 1.225838000000000066e-01
3.621000000000000000e+03 1.215745000000000020e-01
3.627000000000000000e+03 1.206150000000000000e-01
3.633000000000000000e+03 1.208063999999999943e-01
3.639000000000000000e+03 1.205105000000000065e-01
3.645000000000000000e+03 1.196515999999999968e-01
3.650000000000000000e+03 1.185303000000000051e-01
3.656000000000000000e+03 1.183933000000000069e-01
3.662000000000000000e+03 1.182407000000000041e-01
3.668000000000000000e+03 1.181569999999999981e-01
3.674000000000000000e+03 1.171717000000000036e-01
3.679000000000000000e+03 1.160220000000000001e-01
3.685000000000000000e+03 1.158625999999999961e-01
3.691000000000000000e+03 1.155358999999999969e-01
3.697000000000000000e+03 1.152101999999999987e-01
3.703000000000000000e+03 1.142187999999999953e-01
3.709000000000000000e+03 1.133191000000000059e-01
3.714000000000000000e+03 1.131592000000000015e-01
3.720000000000000000e+03 1.129773000000000027e-01
3.726000000000000000e+03 1.122223999999999999e-01
3.732000000000000000e+03 1.110668999999999962e-01
3.738000000000000000e+03 1.102677999999999991e-01
3.743000000000000000e+03 1.101672999999999958e-01
3.749000000000000000e+03 1.099995000000000001e-01
3.755000000000000000e+03 1.089379999999999932e-01
3.761000000000000000e+03 1.073892000000000041e-01
3.767000000000000000e+03 1.071333000000000008e-01
3.772000000000000000e+03 1.070876999999999940e-01
3.778000000000000000e+03 1.070231999999999989e-01
3.784000000000000000e+03 1.060109999999999941e-01
3.790000000000000000e+03 1.045290999999999998e-01
3.796000000000000000e+03 1.042932000000000026e-01
3.802000000000000000e+03 1.040983999999999937e-01
3.807000000000000000e+03 1.036757999999999985e-01
3.813000000000000000e+03 1.029516999999999932e-01
3.819000000000000000e+03 1.015772000000000064e-01
3.825000000000000000e+03 1.013267000000000057e-01
3.831000000000000000e+03 1.013111000000000012e-01
3.836000000000000000e+03 1.007707999999999937e-01
3.842000000000000000e+03 9.989088999999999607e-02
3.848000000000000000e+03 9.856668000000000374e-02
3.854000000000000000e+03 9.821022000000000085e-02
3.860000000000000000e+03 9.814773000000000247e-02
3.865000000000000000e+03 9.760280000000000344e-02
3.871000000000000000e+03 9.658448999999999507e-02
3.877000000000000000e+03 9.574269000000000529e-02
3.883000000000000000e+03 9.523415000000000352e-02
3.889000000000000000e+03 9.518385999999999514e-02
3.895000000000000000e+03 9.490748999999999713e-02
3.900000000000000000e+03 9.363282000000000549e-02
3.906000000000000000e+03 9.254102999999999635e-02
3.912000000000000000e+03 9.235206999999999444e-02
3.918000000000000000e+03 9.205665999999999849e-02
3.924000000000000000e+03 9.133863000000000398e-02
3.929000000000000000e+03 8.978271999999999642e-02
3.935000000000000000e+03 8.911987999999999854e-02
3.941000000000000000e+03 8.883106000000000335e-02
3.947000000000000000e+03 8.810034999999999394e-02
3.953000000000000000e+03 8.696779000000000315e-02
3.959000000000000000e+03 8.549634999999999874e-02
3.964000000000000000e+03 8.454103000000000312e-02
3.970000000000000000e+03 8.425709000000000670e-02
3.976000000000000000e+03 8.327052000000000065e-02
3.982000000000000000e+03 8.176147999999999749e-02
3.988000000000000000e+03 8.014820999999999751e-02
3.993000000000000000e+03 7.907862000000000224e-02
3.999000000000000000e+03 7.878419000000000394e-02
4.005000000000000000e+03 7.791724999999999346e-02
4.011000000000000000e+03 7.675195999999999408e-02
4.017000000000000000e+03 7.590088999999999864e-02
4.022000000000000000e+03 7.612452000000000107e-02
4.028000000000000000e+03 7.611183000000000531e-02
4.034000000000000000e+03 7.632716000000000500e-02
4.040000000000000000e+03 7.587354999999999794e-02
4.046000000000000000e+03 7.540405999999999498e-02
4.052000000000000000e+03 7.557105999999999546e-02
4.057000000000000000e+03 7.597046999999999828e-02
4.063000000000000000e+03 7.594800000000000162e-02
4.069000000000000000e+03 7.533447999999999534e-02
4.075000000000000000e+03 7.437159000000000131e-02
4.081000000000000000e+03 7.428638999999999382e-02
4.086000000000000000e+03 7.451320000000000165e-02
4.092000000000000000e+03 7.388208999999999749e-02
4.098000000000000000e+03 7.257154000000000382e-02
4.104000000000000000e+03 7.169142000000000570e-02
4.110000000000000000e+03 7.158594999999999542e-02
4.115000000000000000e+03 7.133765000000000245e-02
4.121000000000000000e+03 7.069630000000000358e-02
4.127000000000000000e+03 6.960402000000000255e-02
4.133000000000000000e+03 6.904860000000000164e-02
4.139000000000000000e+03 6.864771000000000067e-02
4.145000000000000000e+03 6.832422999999999969e-02
4.150000000000000000e+03 6.769775999999999572e-02
4.156000000000000000e+03 6.666505000000000347e-02
4.162000000000000000e+03 6.617578999999999823e-02
4.168000000000000000e+03 6.569044999999999745e-02
4.174000000000000000e+03 6.518042999999999754e-02
4.179000000000000000e+03 6.444703000000000237e-02
4.185000000000000000e+03 6.345410999999999413e-02
4.191000000000000000e+03 6.314161000000000079e-02
4.197000000000000000e+03 6.290186999999999862e-02
4.203000000000000000e+03 6.230055000000000315e-02
4.208000000000000000e+03 6.136768000000000084e-02
4.214000000000000000e+03 6.064185999999999882e-02
4.220000000000000000e+03 6.026611999999999941e-02
4.226000000000000000e+03 6.007178999999999991e-02
4.232000000000000000e+03 5.954616000000000076e-02
4.238000000000000000e+03 5.855641000000000318e-02
4.243000000000000000e+03 5.793141000000000262e-02
4.249000000000000000e+03 5.758960999999999941e-02
4.255000000000000000e+03 5.752759000000000345e-02
4.261000000000000000e+03 5.687866999999999923e-02
4.267000000000000000e+03 5.572950000000000126e-02
4.272000000000000000e+03 5.518677999999999778e-02
4.278000000000000000e+03 5.491138000000000269e-02
4.284000000000000000e+03 5.448193999999999954e-02
4.290000000000000000e+03 5.387988999999999973e-02
4.296000000000000000e+03 5.287574999999999914e-02
4.302000000000000000e+03 5.213477999999999862e-02
4.307000000000000000e+03 5.198828999999999950e-02
4.313000000000000000e+03 5.158643999999999730e-02
4.319000000000000000e+03 5.099805999999999784e-02
4.325000000000000000e+03 5.030031000000000085e-02
4.331000000000000000e+03 4.939479000000000092e-02
4.336000000000000000e+03 4.897168999999999828e-02
4.342000000000000000e+03 4.864430000000000143e-02
4.348000000000000000e+03 4.758472999999999870e-02
4.354000000000000000e+03 4.687941000000000330e-02
4.360000000000000000e+03 4.600952999999999987e-02
4.365000000000000000e+03 4.562085999999999919e-02
4.371000000000000000e+03 4.514722000000000179e-02
4.377000000000000000e+03 4.440967999999999999e-02
4.383000000000000000e+03 4.374854000000000243e-02
4.389000000000000000e+03 4.337403000000000092e-02
4.395000000000000000e+03 4.295997000000000010e-02
4.400000000000000000e+03 4.246435999999999961e-02
4.406000000000000000e+03 4.192164000000000307e-02
4.412000000000000000e+03 4.132862000000000341e-02
4.418000000000000000e+03 4.107837000000000294e-02
4.424000000000000000e+03 4.086573000000000289e-02
4.429000000000000000e+03 4.019165999999999711e-02
4.435000000000000000e+03 3.956202000000000329e-02
4.441000000000000000e+03 3.905419999999999725e-02
4.447000000000000000e+03 3.871924000000000199e-02
4.453000000000000000e+03 3.843335999999999975e-02
4.458000000000000000e+03 3.772021999999999875e-02
4.464000000000000000e+03 3.718994999999999940e-02
4.470000000000000000e+03 3.683497000000000160e-02
4.476000000000000000e+03 3.630981999999999960e-02
4.482000000000000000e+03 3.617481000000000169e-02
4.488000000000000000e+03 3.568848000000000159e-02
4.493000000000000000e+03 3.481396999999999964e-02
4.499000000000000000e+03 3.468701999999999896e-02
4.505000000000000000e+03 3.439819999999999683e-02
4.511000000000000000e+03 3.421045999999999809e-02
4.517000000000000000e+03 3.354077999999999921e-02
4.522000000000000000e+03 3.283642999999999978e-02
4.528000000000000000e+03 3.258814000000000155e-02
4.534000000000000000e+03 3.254346000000000322e-02
4.540000000000000000e+03 3.199122000000000077e-02
4.546000000000000000e+03 3.147437000000000151e-02
4.551000000000000000e+03 3.088598999999999858e-02
4.557000000000000000e+03 3.031568000000000110e-02
4.563000000000000000e+03 3.008838000000000137e-02
4.569000000000000000e+03 2.960522999999999974e-02
4.575000000000000000e+03 2.897339000000000164e-02
4.581000000000000000e+03 2.841064999999999910e-02
4.586000000000000000e+03 2.753759999999999888e-02
4.592000000000000000e+03 2.697193000000000160e-02
4.598000000000000000e+03 2.665040000000000117e-02
4.604000000000000000e+03 2.590307999999999847e-02
4.610000000000000000e+03 2.550244999999999942e-02
4.615000000000000000e+03 2.511572999999999931e-02
4.621000000000000000e+03 2.467748999999999984e-02
4.627000000000000000e+03 2.436645999999999951e-02
4.633000000000000000e+03 2.404175000000000062e-02
4.639000000000000000e+03 2.364306999999999867e-02
4.645000000000000000e+03 2.351220999999999867e-02
4.650000000000000000e+03 2.320190999999999920e-02
4.656000000000000000e+03 2.298827999999999983e-02
4.662000000000000000e+03 2.269799999999999943e-02
4.668000000000000000e+03 2.243310999999999916e-02
4.674000000000000000e+03 2.229565999999999840e-02
4.679000000000000000e+03 2.204638999999999904e-02
4.685000000000000000e+03 2.149463000000000068e-02
4.691000000000000000e+03 2.119263000000000050e-02
4.697000000000000000e+03 2.076880000000000046e-02
4.703000000000000000e+03 2.049439000000000122e-02
4.708000000000000000e+03 2.018481999999999915e-02
4.714000000000000000e+03 1.962037000000000156e-02
4.720000000000000000e+03 1.923901999999999904e-02
4.726000000000000000e+03 1.917138999999999996e-02
4.732000000000000000e+03 1.869190000000000088e-02
4.738000000000000000e+03 1.835302999999999934e-02
4.743000000000000000e+03 1.790357000000000059e-02
4.749000000000000000e+03 1.748803999999999984e-02
4.755000000000000000e+03 1.731446000000000027e-02
4.761000000000000000e+03 1.715308000000000110e-02
4.767000000000000000e+03 1.673828000000000121e-02
4.772000000000000000e+03 1.643286000000000052e-02
4.778000000000000000e+03 1.596948999999999938e-02
4.784000000000000000e+03 1.579322000000000017e-02
4.790000000000000000e+03 1.555200999999999979e-02
4.796000000000000000e+03 1.494482999999999923e-02
4.801000000000000000e+03 1.480077999999999949e-02
4.807000000000000000e+03 1.462572999999999998e-02
4.813000000000000000e+03 1.425097999999999990e-02
4.819000000000000000e+03 1.398218000000000030e-02
4.825000000000000000e+03 1.363989999999999994e-02
4.831000000000000000e+03 1.314380000000000062e-02
4.836000000000000000e+03 1.307373000000000042e-02
4.842000000000000000e+03 1.281567999999999943e-02
4.848000000000000000e+03 1.252099999999999914e-02
4.854000000000000000e+03 1.231322999999999966e-02
4.860000000000000000e+03 1.212719999999999944e-02
4.865000000000000000e+03 1.193554999999999963e-02
4.871000000000000000e+03 1.167456000000000049e-02
4.877000000000000000e+03 1.144556000000000046e-02
4.883000000000000000e+03 1.126171999999999937e-02
4.889000000000000000e+03 1.103687000000000071e-02
4.894000000000000000e+03 1.083765000000000076e-02
4.900000000000000000e+03 1.062793000000000071e-02
4.906000000000000000e+03 1.039307000000000078e-02
4.912000000000000000e+03 1.017333999999999947e-02
4.918000000000000000e+03 1.006983000000000010e-02
4.924000000000000000e+03 9.866944000000000756e-03
4.929000000000000000e+03 9.811280999999999822e-03
4.935000000000000000e+03 9.724609999999999851e-03
4.941000000000000000e+03 9.251953000000000260e-03
4.947000000000000000e+03 9.126955000000000831e-03
4.953000000000000000e+03 8.972901000000000141e-03
4.958000000000000000e+03 8.816407999999999537e-03
4.964000000000000000e+03 8.648437999999999612e-03
4.970000000000000000e+03 8.317628000000000521e-03
4.976000000000000000e+03 8.221924999999999720e-03
4.982000000000000000e+03 8.107179000000000815e-03
4.988000000000000000e+03 7.872072000000000791e-03
4.993000000000000000e+03 7.741211999999999920e-03
4.999000000000000000e+03 7.620118999999999851e-03
5.005000000000000000e+03 7.245607000000000263e-03
5.011000000000000000e+03 7.131837999999999719e-03
5.017000000000000000e+03 7.048340999999999634e-03
5.022000000000000000e+03 6.815675000000000205e-03
5.028000000000000000e+03 6.759033999999999702e-03
5.034000000000000000e+03 6.437500999999999987e-03
5.040000000000000000e+03 6.376709999999999844e-03
5.046000000000000000e+03 6.324464000000000127e-03
5.051000000000000000e+03 5.979738000000000067e-03
5.057000000000000000e+03 5.974367000000000393e-03
5.063000000000000000e+03 5.930910000000000175e-03
5.069000000000000000e+03 5.723632999999999672e-03
5.075000000000000000e+03 5.636964000000000384e-03
5.081000000000000000e+03 5.458252000000000242e-03
5.086000000000000000e+03 5.437744999999999905e-03
5.092000000000000000e+03 5.519531999999999737e-03
5.098000000000000000e+03 5.203613999999999636e-03
5.104000000000000000e+03 5.041259999999999665e-03
5.110000000000000000e+03 5.037841999999999841e-03
5.115000000000000000e+03 4.883545999999999894e-03
5.121000000000000000e+03 4.782470999999999944e-03
5.127000000000000000e+03 4.726318999999999659e-03
5.133000000000000000e+03 4.644043999999999950e-03
5.139000000000000000e+03 4.636231000000000206e-03
5.144000000000000000e+03 4.562255999999999777e-03
5.150000000000000000e+03 4.371337999999999786e-03
5.156000000000000000e+03 4.521729000000000373e-03
5.162000000000000000e+03 4.113038000000000284e-03
5.168000000000000000e+03 4.013672000000000246e-03
5.174000000000000000e+03 4.149658999999999986e-03
5.179000000000000000e+03 3.883301999999999934e-03
5.185000000000000000e+03 3.748047999999999918e-03
5.191000000000000000e+03 3.565918999999999860e-03
5.197000000000000000e+03 3.368164999999999788e-03
5.203000000000000000e+03 3.197265999999999823e-03
5.208000000000000000e+03 2.992677000000000011e-03
5.214000000000000000e+03 2.895996000000000074e-03
5.220000000000000000e+03 2.790040000000000141e-03
5.226000000000000000e+03 2.486328999999999796e-03
5.232000000000000000e+03 2.484618999999999977e-03
5.237000000000000000e+03 2.531250000000000080e-03
5.243000000000000000e+03 2.361816999999999996e-03
5.249000000000000000e+03 2.342041000000000001e-03
5.255000000000000000e+03 2.346679999999999860e-03
5.261000000000000000e+03 2.271973000000000048e-03
5.267000000000000000e+03 2.234374999999999816e-03
5.272000000000000000e+03 2.198486999999999837e-03
5.278000000000000000e+03 2.068116000000000052e-03
5.284000000000000000e+03 2.001952999999999892e-03
5.290000000000000000e+03 1.809326999999999897e-03
5.296000000000000000e+03 1.752929999999999983e-03
5.301000000000000000e+03 1.741455999999999950e-03
5.307000000000000000e+03 1.709472999999999982e-03
5.313000000000000000e+03 1.643555000000000103e-03
5.319000000000000000e+03 1.672607999999999907e-03
5.325000000000000000e+03 1.685791000000000069e-03
5.331000000000000000e+03 1.711669999999999988e-03
5.336000000000000000e+03 1.771973000000000038e-03
5.342000000000000000e+03 1.697022000000000070e-03
5.348000000000000000e+03 1.743896999999999895e-03
5.354000000000000000e+03 1.738526000000000004e-03
5.360000000000000000e+03 1.667969000000000049e-03
5.365000000000000000e+03 1.741700000000000106e-03
5.371000000000000000e+03 1.687988999999999983e-03
5.377000000000000000e+03 1.689942000000000050e-03
5.383000000000000000e+03 1.688721000000000015e-03
5.389000000000000000e+03 1.727538999999999941e-03
5.394000000000000000e+03 1.679443999999999989e-03
5.400000000000000000e+03 1.712891000000000023e-03
5.406000000000000000e+03 1.662842000000000096e-03
5.412000000000000000e+03 1.672363999999999969e-03
5.418000000000000000e+03 1.694091999999999907e-03
5.424000000000000000e+03 1.679687999999999928e-03
5.429000000000000000e+03 1.675049000000000069e-03
5.435000000000000000e+03 1.669921999999999900e-03
5.441000000000000000e+03 1.657227000000000049e-03
5.447000000000000000e+03 1.675293000000000008e-03
5.453000000000000000e+03 1.654297000000000102e-03
5.458000000000000000e+03 1.689942000000000050e-03
5.464000000000000000e+03 1.669677999999999961e-03
5.470000000000000000e+03 1.650879000000000062e-03
5.476000000000000000e+03 1.637451999999999961e-03
5.482000000000000000e+03 1.666504000000000076e-03
5.487000000000000000e+03 1.674073000000000097e-03
5.493000000000000000e+03 1.634278000000000076e-03
5.499000000000000000e+03 1.656493999999999892e-03
5.505000000000000000e+03 1.655517999999999920e-03
5.511000000000000000e+03 1.666993000000000077e-03
5.517000000000000000e+03 1.674560999999999975e-03
5.522000000000000000e+03 1.619872999999999973e-03
5.528000000000000000e+03 1.672363999999999969e-03
5.534000000000000000e+03 1.661376999999999906e-03
5.540000000000000000e+03 1.675293000000000008e-03
5.546000000000000000e+03 1.647217000000000082e-03
5.551000000000000000e+03 1.630371999999999941e-03
5.557000000000000000e+03 1.666504000000000076e-03
5.563000000000000000e+03 1.665283000000000041e-03
5.569000000000000000e+03 1.688721000000000015e-03
5.575000000000000000e+03 1.658935999999999961e-03
5.580000000000000000e+03 1.641845999999999974e-03
5.586000000000000000e+03 1.644286999999999919e-03
5.592000000000000000e+03 1.677735000000000077e-03
5.598000000000000000e+03 1.655517999999999920e-03
5.604000000000000000e+03 1.673096000000000002e-03
5.610000000000000000e+03 1.659911999999999933e-03
5.615000000000000000e+03 1.675293000000000008e-03
5.621000000000000000e+03 1.640870000000000002e-03
5.627000000000000000e+03 1.658203999999999928e-03
5.633000000000000000e+03 1.642578999999999914e-03
5.639000000000000000e+03 1.688232999999999921e-03
5.644000000000000000e+03 1.662842000000000096e-03
5.650000000000000000e+03 1.664551000000000008e-03
5.656000000000000000e+03 1.668212999999999988e-03
5.662000000000000000e+03 1.671387000000000090e-03
5.668000000000000000e+03 1.666015999999999981e-03
5.674000000000000000e+03 1.693115000000000028e-03
5.679000000000000000e+03 1.679687999999999928e-03
5.685000000000000000e+03 1.653320999999999914e-03
5.691000000000000000e+03 1.687743999999999920e-03
5.697000000000000000e+03 1.658446999999999959e-03
5.703000000000000000e+03 1.673339999999999940e-03
5.708000000000000000e+03 1.688477000000000077e-03
5.714000000000000000e+03 1.670410999999999901e-03
5.720000000000000000e+03 1.662597999999999940e-03
5.726000000000000000e+03 1.665039000000000102e-03
5.732000000000000000e+03 1.645996000000000048e-03
5.737000000000000000e+03 1.692626999999999934e-03
5.743000000000000000e+03 1.659424000000000055e-03
5.749000000000000000e+03 1.653076999999999975e-03
5.755000000000000000e+03 1.674560999999999975e-03
5.761000000000000000e+03 1.661376999999999906e-03
5.767000000000000000e+03 1.692139000000000056e-03
5.772000000000000000e+03 1.669921999999999900e-03
5.778000000000000000e+03 1.680908000000000055e-03
5.784000000000000000e+03 1.660645000000000090e-03
5.790000000000000000e+03 1.659424000000000055e-03
5.796000000000000000e+03 1.670410999999999901e-03
5.801000000000000000e+03 1.649414000000000088e-03
5.807000000000000000e+03 1.649903000000000090e-03
5.813000000000000000e+03 1.674804999999999914e-03
5.819000000000000000e+03 1.667237000000000016e-03
5.825000000000000000e+03 1.658446999999999959e-03
5.830000000000000000e+03 1.675293000000000008e-03
5.836000000000000000e+03 1.676270000000000104e-03
5.842000000000000000e+03 1.677490999999999921e-03
5.848000000000000000e+03 1.682129000000000089e-03
5.854000000000000000e+03 1.657470999999999988e-03
5.860000000000000000e+03 1.653320999999999914e-03
5.865000000000000000e+03 1.662110000000000063e-03
5.871000000000000000e+03 1.654052999999999947e-03
5.877000000000000000e+03 1.692382999999999995e-03
5.883000000000000000e+03 1.660889000000000029e-03
5.889000000000000000e+03 1.666993000000000077e-03
5.894000000000000000e+03 1.677001999999999920e-03
5.900000000000000000e+03 1.652344000000000035e-03
5.906000000000000000e+03 1.652100000000000096e-03
5.912000000000000000e+03 1.670898999999999995e-03
5.918000000000000000e+03 1.662354000000000002e-03
5.923000000000000000e+03 1.652587999999999974e-03
5.929000000000000000e+03 1.659424000000000055e-03
5.935000000000000000e+03 1.650879000000000062e-03
5.941000000000000000e+03 1.676270000000000104e-03
5.947000000000000000e+03 1.648682000000000055e-03
5.953000000000000000e+03 1.664794999999999947e-03
5.958000000000000000e+03 1.668701000000000082e-03
5.964000000000000000e+03 1.667480999999999955e-03
5.970000000000000000e+03 1.639405000000000029e-03
5.976000000000000000e+03 1.635497999999999987e-03
5.982000000000000000e+03 1.646240999999999894e-03
5.987000000000000000e+03 1.643310999999999947e-03
5.993000000000000000e+03 1.652587999999999974e-03
5.999000000000000000e+03 1.656738999999999955e-03
6.000000000000000000e+03 1.660645000000000090e-03
