3.000000000000000000e+00 1.683105999999999968e-03
8.000000000000000000e+00 1.678466999999999893e-03
1.200000000000000000e+01 1.669434000000000022e-03
1.700000000000000000e+01 1.640624999999999939e-03
2.300000000000000000e+01 1.657959000000000082e-03
2.900000000000000000e+01 1.678466999999999893e-03
3.400000000000000000e+01 1.670898999999999995e-03
4.000000000000000000e+01 1.673339999999999940e-03
4.600000000000000000e+01 1.697022000000000070e-03
5.200000000000000000e+01 1.664307000000000069e-03
5.800000000000000000e+01 1.687499999999999981e-03
6.300000000000000000e+01 1.675293000000000008e-03
6.900000000000000000e+01 1.687743999999999920e-03
7.500000000000000000e+01 1.718261999999999914e-03
8.100000000000000000e+01 1.671387000000000090e-03
8.700000000000000000e+01 1.648682000000000055e-03
9.200000000000000000e+01 1.671142999999999934e-03
9.800000000000000000e+01 1.673096000000000002e-03
1.040000000000000000e+02 1.681152999999999901e-03
1.100000000000000000e+02 1.693604000000000030e-03
1.160000000000000000e+02 1.668212999999999988e-03
1.220000000000000000e+02 1.656738999999999955e-03
1.270000000000000000e+02 1.675782000000000009e-03
1.330000000000000000e+02 1.657959000000000082e-03
1.390000000000000000e+02 1.685302999999999975e-03
1.450000000000000000e+02 1.649903000000000090e-03
1.510000000000000000e+02 1.714844000000000090e-03
1.560000000000000000e+02 1.666015999999999981e-03
1.620000000000000000e+02 1.701171999999999927e-03
1.680000000000000000e+02 1.730224999999999949e-03
1.740000000000000000e+02 1.686280000000000071e-03
1.800000000000000000e+02 1.705078999999999970e-03
1.850000000000000000e+02 1.721192000000000078e-03
1.910000000000000000e+02 1.697266000000000009e-03
1.970000000000000000e+02 1.732910000000000049e-03
2.030000000000000000e+02 1.749511999999999942e-03
2.090000000000000000e+02 1.757812999999999997e-03
2.150000000000000000e+02 1.865722999999999904e-03
2.200000000000000000e+02 1.742920000000000016e-03
2.260000000000000000e+02 1.694580000000000001e-03
2.320000000000000000e+02 1.699706999999999954e-03
2.380000000000000000e+02 1.695557000000000097e-03
2.440000000000000000e+02 1.712402999999999929e-03
2.490000000000000000e+02 1.721436000000000016e-03
2.550000000000000000e+02 1.706299000000000097e-03
2.610000000000000000e+02 1.759766000000000065e-03
2.670000000000000000e+02 1.754151000000000018e-03
2.730000000000000000e+02 1.741700000000000106e-03
2.790000000000000000e+02 1.782226999999999943e-03
2.840000000000000000e+02 1.724120999999999900e-03
2.900000000000000000e+02 1.690185999999999989e-03
2.960000000000000000e+02 1.706786999999999974e-03
3.020000000000000000e+02 1.693115000000000028e-03
3.080000000000000000e+02 1.702392999999999962e-03
3.130000000000000000e+02 1.669921999999999900e-03
3.190000000000000000e+02 1.678222999999999954e-03
3.250000000000000000e+02 1.719239000000000010e-03
3.310000000000000000e+02 1.706786999999999974e-03
3.370000000000000000e+02 1.681640999999999995e-03
3.420000000000000000e+02 1.683105999999999968e-03
3.480000000000000000e+02 1.698487000000000044e-03
3.540000000000000000e+02 1.650879000000000062e-03
3.600000000000000000e+02 1.693847999999999968e-03
3.660000000000000000e+02 1.659424000000000055e-03
3.720000000000000000e+02 1.676270000000000104e-03
3.770000000000000000e+02 1.685791000000000069e-03
3.830000000000000000e+02 1.671874999999999967e-03
3.890000000000000000e+02 1.664794999999999947e-03
3.950000000000000000e+02 1.680663999999999899e-03
4.010000000000000000e+02 1.662110000000000063e-03
4.060000000000000000e+02 1.679687999999999928e-03
4.120000000000000000e+02 1.673828000000000035e-03
4.180000000000000000e+02 1.666748000000000014e-03
4.240000000000000000e+02 1.676757999999999981e-03
4.300000000000000000e+02 1.663329999999999973e-03
4.350000000000000000e+02 1.669677999999999961e-03
4.410000000000000000e+02 1.658935999999999961e-03
4.470000000000000000e+02 1.651123000000000000e-03
4.530000000000000000e+02 1.685059000000000036e-03
4.590000000000000000e+02 1.679932000000000083e-03
4.650000000000000000e+02 1.647704999999999960e-03
4.700000000000000000e+02 1.700684000000000050e-03
4.760000000000000000e+02 1.713623000000000056e-03
4.820000000000000000e+02 1.676757999999999981e-03
4.880000000000000000e+02 1.724120999999999900e-03
4.940000000000000000e+02 1.670655000000000057e-03
4.990000000000000000e+02 1.696533999999999976e-03
5.050000000000000000e+02 1.675293000000000008e-03
5.110000000000000000e+02 1.682373000000000028e-03
5.170000000000000000e+02 1.700195999999999956e-03
5.230000000000000000e+02 1.696044999999999974e-03
5.280000000000000000e+02 1.665283000000000041e-03
5.340000000000000000e+02 1.715820999999999969e-03
5.400000000000000000e+02 1.693115000000000028e-03
5.460000000000000000e+02 1.700927999999999989e-03
5.520000000000000000e+02 1.665283000000000041e-03
5.580000000000000000e+02 1.673828000000000035e-03
5.630000000000000000e+02 1.663086000000000035e-03
5.690000000000000000e+02 1.694336000000000063e-03
5.750000000000000000e+02 1.679443999999999989e-03
5.810000000000000000e+02 1.664307000000000069e-03
5.870000000000000000e+02 1.671631000000000028e-03
5.920000000000000000e+02 1.681397000000000056e-03
5.980000000000000000e+02 1.693360000000000091e-03
6.040000000000000000e+02 1.659179999999999900e-03
6.100000000000000000e+02 1.655273999999999981e-03
6.160000000000000000e+02 1.680908000000000055e-03
6.220000000000000000e+02 1.680908000000000055e-03
6.270000000000000000e+02 1.803223000000000065e-03
6.330000000000000000e+02 1.754394999999999956e-03
6.390000000000000000e+02 1.744384999999999989e-03
6.450000000000000000e+02 2.005372000000000057e-03
6.510000000000000000e+02 2.097412999999999795e-03
6.560000000000000000e+02 2.135010000000000119e-03
6.620000000000000000e+02 2.379150999999999922e-03
6.680000000000000000e+02 2.345214999999999887e-03
6.740000000000000000e+02 2.321534000000000098e-03
6.800000000000000000e+02 2.545166000000000182e-03
6.850000000000000000e+02 2.578369000000000060e-03
6.910000000000000000e+02 2.759521999999999930e-03
6.970000000000000000e+02 2.696533000000000090e-03
7.030000000000000000e+02 2.737549000000000145e-03
7.090000000000000000e+02 2.955323000000000151e-03
7.150000000000000000e+02 3.063477000000000214e-03
7.200000000000000000e+02 3.120606000000000161e-03
7.260000000000000000e+02 3.321534000000000118e-03
7.320000000000000000e+02 3.303223000000000097e-03
7.380000000000000000e+02 3.439942000000000086e-03
7.440000000000000000e+02 3.554443999999999920e-03
7.490000000000000000e+02 3.503417999999999897e-03
7.550000000000000000e+02 3.532227000000000196e-03
7.610000000000000000e+02 3.568847999999999899e-03
7.670000000000000000e+02 3.621094000000000049e-03
7.730000000000000000e+02 3.670899000000000037e-03
7.780000000000000000e+02 3.687745000000000085e-03
7.840000000000000000e+02 3.723877999999999910e-03
7.900000000000000000e+02 3.923829000000000206e-03
7.960000000000000000e+02 3.786621999999999905e-03
8.020000000000000000e+02 3.908937000000000349e-03
8.080000000000000000e+02 3.962890999999999636e-03
8.130000000000000000e+02 3.929931999999999696e-03
8.190000000000000000e+02 4.046143000000000309e-03
8.250000000000000000e+02 4.018067000000000166e-03
8.310000000000000000e+02 3.950195999999999569e-03
8.370000000000000000e+02 4.045166000000000213e-03
8.420000000000000000e+02 4.086427000000000115e-03
8.480000000000000000e+02 4.016846999999999605e-03
8.540000000000000000e+02 4.084474000000000264e-03
8.600000000000000000e+02 3.982178999999999754e-03
8.660000000000000000e+02 4.027832999999999761e-03
8.710000000000000000e+02 3.995117999999999760e-03
8.770000000000000000e+02 3.778809000000000161e-03
8.830000000000000000e+02 3.883544999999999966e-03
8.890000000000000000e+02 3.765381999999999844e-03
8.950000000000000000e+02 3.572021999999999784e-03
9.010000000000000000e+02 3.579101999999999804e-03
9.060000000000000000e+02 3.398926000000000031e-03
9.120000000000000000e+02 3.263915999999999953e-03
9.180000000000000000e+02 3.243652999999999988e-03
9.240000000000000000e+02 2.982177999999999825e-03
9.300000000000000000e+02 2.956542999999999845e-03
9.350000000000000000e+02 2.895996000000000074e-03
9.410000000000000000e+02 2.671142999999999955e-03
9.470000000000000000e+02 2.706055000000000179e-03
9.530000000000000000e+02 2.638671999999999893e-03
9.590000000000000000e+02 2.472413000000000128e-03
9.650000000000000000e+02 2.622315000000000063e-03
9.700000000000000000e+02 2.647216999999999886e-03
9.760000000000000000e+02 2.798339999999999855e-03
9.820000000000000000e+02 2.953613999999999806e-03
9.880000000000000000e+02 2.956054999999999967e-03
9.940000000000000000e+02 2.969238999999999819e-03
9.990000000000000000e+02 3.165771999999999857e-03
1.005000000000000000e+03 3.180665000000000055e-03
1.011000000000000000e+03 3.349854000000000200e-03
1.017000000000000000e+03 3.566407000000000171e-03
1.023000000000000000e+03 3.657715000000000185e-03
1.028000000000000000e+03 3.836182000000000047e-03
1.034000000000000000e+03 4.034667999999999935e-03
1.040000000000000000e+03 4.169677999999999579e-03
1.046000000000000000e+03 4.497314999999999993e-03
1.052000000000000000e+03 4.382325000000000283e-03
1.058000000000000000e+03 4.438476999999999700e-03
1.063000000000000000e+03 4.559815000000000049e-03
1.069000000000000000e+03 4.583984999999999622e-03
1.075000000000000000e+03 4.674806000000000100e-03
1.081000000000000000e+03 4.671876000000000154e-03
1.087000000000000000e+03 4.710693999999999645e-03
1.092000000000000000e+03 4.843018999999999623e-03
1.098000000000000000e+03 4.815187000000000286e-03
1.104000000000000000e+03 4.743164999999999708e-03
1.110000000000000000e+03 4.958741000000000017e-03
1.116000000000000000e+03 4.728516999999999790e-03
1.121000000000000000e+03 4.908692000000000090e-03
1.127000000000000000e+03 5.023927000000000080e-03
1.133000000000000000e+03 4.924073000000000165e-03
1.139000000000000000e+03 5.216064999999999764e-03
1.145000000000000000e+03 5.223389000000000157e-03
1.151000000000000000e+03 5.200439999999999750e-03
1.156000000000000000e+03 5.486816999999999736e-03
1.162000000000000000e+03 5.739502999999999966e-03
1.168000000000000000e+03 5.893067000000000097e-03
1.174000000000000000e+03 6.198242999999999982e-03
1.180000000000000000e+03 6.315186999999999884e-03
1.185000000000000000e+03 6.580812000000000120e-03
1.191000000000000000e+03 6.926759999999999688e-03
1.197000000000000000e+03 7.017823000000000290e-03
1.203000000000000000e+03 7.149415000000000110e-03
1.209000000000000000e+03 7.448731999999999576e-03
1.214000000000000000e+03 7.641603000000000284e-03
1.220000000000000000e+03 7.933839999999999296e-03
1.226000000000000000e+03 8.095460000000000503e-03
1.232000000000000000e+03 8.213379999999999292e-03
1.238000000000000000e+03 8.434815000000000021e-03
1.244000000000000000e+03 8.488281999999999772e-03
1.249000000000000000e+03 8.641358000000000025e-03
1.255000000000000000e+03 8.683595000000000549e-03
1.261000000000000000e+03 8.564942000000000735e-03
1.267000000000000000e+03 8.719727999999999507e-03
1.273000000000000000e+03 8.931153000000000702e-03
1.278000000000000000e+03 8.798828999999999331e-03
1.284000000000000000e+03 8.722413000000000041e-03
1.290000000000000000e+03 8.630617000000000150e-03
1.296000000000000000e+03 8.654297999999999505e-03
1.302000000000000000e+03 8.621583999999999845e-03
1.308000000000000000e+03 8.401125000000000606e-03
1.313000000000000000e+03 8.361086000000000212e-03
1.319000000000000000e+03 8.419924000000000505e-03
1.325000000000000000e+03 8.247070999999999916e-03
1.331000000000000000e+03 8.405274000000000773e-03
1.337000000000000000e+03 8.507814000000000695e-03
1.342000000000000000e+03 8.467041999999999277e-03
1.348000000000000000e+03 8.693117000000000205e-03
1.354000000000000000e+03 9.192383999999999625e-03
1.360000000000000000e+03 9.496584000000000622e-03
1.366000000000000000e+03 9.840578000000000866e-03
1.371000000000000000e+03 1.014624000000000081e-02
1.377000000000000000e+03 1.046289000000000073e-02
1.383000000000000000e+03 1.118530000000000045e-02
1.389000000000000000e+03 1.169214000000000017e-02
1.395000000000000000e+03 1.223975000000000063e-02
1.401000000000000000e+03 1.272802999999999955e-02
1.406000000000000000e+03 1.300806000000000011e-02
1.412000000000000000e+03 1.357983999999999927e-02
1.418000000000000000e+03 1.404858999999999969e-02
1.424000000000000000e+03 1.429858999999999991e-02
1.430000000000000000e+03 1.466016000000000020e-02
1.435000000000000000e+03 1.483277000000000033e-02
1.441000000000000000e+03 1.514721999999999943e-02
1.447000000000000000e+03 1.538770000000000068e-02
1.453000000000000000e+03 1.548022999999999934e-02
1.459000000000000000e+03 1.575879000000000169e-02
1.464000000000000000e+03 1.606812000000000171e-02
1.470000000000000000e+03 1.621826000000000170e-02
1.476000000000000000e+03 1.651953000000000102e-02
1.482000000000000000e+03 1.659766000000000019e-02
1.488000000000000000e+03 1.661206000000000141e-02
1.494000000000000000e+03 1.704467999999999955e-02
1.499000000000000000e+03 1.715991000000000044e-02
1.505000000000000000e+03 1.724389999999999951e-02
1.511000000000000000e+03 1.729102000000000069e-02
1.517000000000000000e+03 1.742969000000000115e-02
1.523000000000000000e+03 1.775024999999999867e-02
1.528000000000000000e+03 1.793310999999999863e-02
1.534000000000000000e+03 1.797289999999999999e-02
1.540000000000000000e+03 1.806908999999999946e-02
1.546000000000000000e+03 1.837402999999999953e-02
1.552000000000000000e+03 1.854321000000000094e-02
1.557000000000000000e+03 1.887426999999999855e-02
1.563000000000000000e+03 1.871215999999999852e-02
1.569000000000000000e+03 1.869360000000000119e-02
1.575000000000000000e+03 1.894824999999999982e-02
1.581000000000000000e+03 1.915820999999999844e-02
1.587000000000000000e+03 1.928662000000000085e-02
1.592000000000000000e+03 1.937084999999999849e-02
1.598000000000000000e+03 1.946729000000000168e-02
1.604000000000000000e+03 1.977417000000000064e-02
1.610000000000000000e+03 1.992700000000000027e-02
1.616000000000000000e+03 1.997803000000000079e-02
1.621000000000000000e+03 2.016553000000000095e-02
1.627000000000000000e+03 2.016406999999999922e-02
1.633000000000000000e+03 2.037134000000000167e-02
1.639000000000000000e+03 2.061694999999999847e-02
1.645000000000000000e+03 2.076025000000000093e-02
1.651000000000000000e+03 2.090869000000000061e-02
1.656000000000000000e+03 2.108325000000000130e-02
1.662000000000000000e+03 2.126781999999999978e-02
1.668000000000000000e+03 2.161646000000000054e-02
1.674000000000000000e+03 2.176880000000000134e-02
1.680000000000000000e+03 2.186157000000000031e-02
1.685000000000000000e+03 2.222266000000000172e-02
1.691000000000000000e+03 2.224927000000000155e-02
1.697000000000000000e+03 2.241651000000000060e-02
1.703000000000000000e+03 2.264599999999999946e-02
1.709000000000000000e+03 2.246973000000000026e-02
1.714000000000000000e+03 2.266065000000000093e-02
1.720000000000000000e+03 2.300098000000000073e-02
1.726000000000000000e+03 2.313062000000000104e-02
1.732000000000000000e+03 2.321900000000000006e-02
1.738000000000000000e+03 2.333129999999999926e-02
1.744000000000000000e+03 2.353662000000000115e-02
1.749000000000000000e+03 2.387231999999999896e-02
1.755000000000000000e+03 2.390795999999999893e-02
1.761000000000000000e+03 2.373975000000000043e-02
1.767000000000000000e+03 2.395165999999999962e-02
1.773000000000000000e+03 2.412208000000000060e-02
1.778000000000000000e+03 2.434083000000000080e-02
1.784000000000000000e+03 2.450756999999999936e-02
1.790000000000000000e+03 2.448217999999999922e-02
1.796000000000000000e+03 2.476880000000000054e-02
1.802000000000000000e+03 2.510621000000000033e-02
1.807000000000000000e+03 2.530713000000000060e-02
1.813000000000000000e+03 2.555860000000000076e-02
1.819000000000000000e+03 2.554029000000000021e-02
1.825000000000000000e+03 2.566749000000000114e-02
1.831000000000000000e+03 2.606469999999999967e-02
1.837000000000000000e+03 2.625537000000000010e-02
1.842000000000000000e+03 2.642724999999999935e-02
1.848000000000000000e+03 2.656812000000000062e-02
1.854000000000000000e+03 2.665551999999999852e-02
1.860000000000000000e+03 2.713404000000000163e-02
1.866000000000000000e+03 2.751440999999999956e-02
1.871000000000000000e+03 2.747095000000000092e-02
1.877000000000000000e+03 2.757934999999999900e-02
1.883000000000000000e+03 2.785547000000000023e-02
1.889000000000000000e+03 2.813550000000000079e-02
1.895000000000000000e+03 2.849267999999999940e-02
1.900000000000000000e+03 2.854908000000000098e-02
1.906000000000000000e+03 2.857519999999999852e-02
1.912000000000000000e+03 2.885255000000000111e-02
1.918000000000000000e+03 2.922291000000000125e-02
1.924000000000000000e+03 2.957374000000000114e-02
1.930000000000000000e+03 2.978760000000000088e-02
1.935000000000000000e+03 2.988624000000000142e-02
1.941000000000000000e+03 3.023462000000000025e-02
1.947000000000000000e+03 3.047754999999999909e-02
1.953000000000000000e+03 3.059668999999999930e-02
1.959000000000000000e+03 3.074096999999999941e-02
1.964000000000000000e+03 3.078614000000000003e-02
1.970000000000000000e+03 3.132203000000000070e-02
1.976000000000000000e+03 3.157886000000000026e-02
1.982000000000000000e+03 3.181275000000000075e-02
1.988000000000000000e+03 3.200097999999999832e-02
1.994000000000000000e+03 3.229516999999999805e-02
1.999000000000000000e+03 3.260596000000000327e-02
2.005000000000000000e+03 3.299073000000000283e-02
2.011000000000000000e+03 3.313086999999999976e-02
2.017000000000000000e+03 3.317041999999999907e-02
2.023000000000000000e+03 3.356372999999999995e-02
2.028000000000000000e+03 3.397900999999999699e-02
2.034000000000000000e+03 3.429273000000000043e-02
2.040000000000000000e+03 3.436817000000000344e-02
2.046000000000000000e+03 3.429981000000000002e-02
2.052000000000000000e+03 3.472387999999999864e-02
2.057000000000000000e+03 3.541383000000000031e-02
2.063000000000000000e+03 3.571948999999999957e-02
2.069000000000000000e+03 3.587085000000000273e-02
2.075000000000000000e+03 3.596900000000000097e-02
2.081000000000000000e+03 3.636011000000000104e-02
2.087000000000000000e+03 3.694995999999999697e-02
2.092000000000000000e+03 3.716602000000000100e-02
2.098000000000000000e+03 3.725904000000000021e-02
2.104000000000000000e+03 3.754638999999999893e-02
2.110000000000000000e+03 3.782641999999999949e-02
2.116000000000000000e+03 3.814991000000000215e-02
2.121000000000000000e+03 3.844946999999999948e-02
2.127000000000000000e+03 3.854077999999999671e-02
2.133000000000000000e+03 3.885108000000000311e-02
2.139000000000000000e+03 3.917579000000000200e-02
2.145000000000000000e+03 3.940235000000000265e-02
2.150000000000000000e+03 3.972558999999999813e-02
2.156000000000000000e+03 3.976049999999999723e-02
2.162000000000000000e+03 4.003393999999999703e-02
2.168000000000000000e+03 4.041236000000000134e-02
2.174000000000000000e+03 4.068116000000000093e-02
2.180000000000000000e+03 4.095435000000000048e-02
2.185000000000000000e+03 4.127685999999999855e-02
2.191000000000000000e+03 4.158912000000000025e-02
2.197000000000000000e+03 4.212964000000000292e-02
2.203000000000000000e+03 4.237769000000000258e-02
2.209000000000000000e+03 4.240626000000000118e-02
2.214000000000000000e+03 4.259595000000000048e-02
2.220000000000000000e+03 4.304078000000000070e-02
2.226000000000000000e+03 4.340332999999999691e-02
2.232000000000000000e+03 4.374999999999999722e-02
2.238000000000000000e+03 4.373902000000000345e-02
2.243000000000000000e+03 4.400195999999999968e-02
2.249000000000000000e+03 4.454273000000000260e-02
2.255000000000000000e+03 4.505151999999999768e-02
2.261000000000000000e+03 4.545118000000000075e-02
2.267000000000000000e+03 4.545385999999999871e-02
2.273000000000000000e+03 4.550219999999999959e-02
2.278000000000000000e+03 4.614332000000000156e-02
2.284000000000000000e+03 4.658398999999999873e-02
2.290000000000000000e+03 4.680982000000000198e-02
2.296000000000000000e+03 4.688258000000000009e-02
2.302000000000000000e+03 4.698316999999999771e-02
2.307000000000000000e+03 4.733839000000000102e-02
2.313000000000000000e+03 4.788893000000000316e-02
2.319000000000000000e+03 4.790284000000000209e-02
2.325000000000000000e+03 4.796973000000000209e-02
2.331000000000000000e+03 4.812989000000000156e-02
2.337000000000000000e+03 4.870826000000000322e-02
2.342000000000000000e+03 4.918190000000000062e-02
2.348000000000000000e+03 4.932472000000000245e-02
2.354000000000000000e+03 4.908106000000000274e-02
2.360000000000000000e+03 4.933399000000000117e-02
2.366000000000000000e+03 4.975099000000000188e-02
2.371000000000000000e+03 5.009865000000000151e-02
2.377000000000000000e+03 5.020093999999999945e-02
2.383000000000000000e+03 4.998438000000000186e-02
2.389000000000000000e+03 5.028200000000000031e-02
2.395000000000000000e+03 5.053297000000000344e-02
2.400000000000000000e+03 5.074048999999999920e-02
2.406000000000000000e+03 5.078735999999999667e-02
2.412000000000000000e+03 5.041944999999999760e-02
2.418000000000000000e+03 5.066626999999999936e-02
2.424000000000000000e+03 5.099440000000000223e-02
2.430000000000000000e+03 5.082642999999999883e-02
2.435000000000000000e+03 5.060571999999999987e-02
2.441000000000000000e+03 5.042921000000000209e-02
2.447000000000000000e+03 5.047168999999999961e-02
2.453000000000000000e+03 5.057106000000000101e-02
2.459000000000000000e+03 5.043653000000000025e-02
2.464000000000000000e+03 4.997022999999999743e-02
2.470000000000000000e+03 4.976222000000000284e-02
2.476000000000000000e+03 4.933716999999999964e-02
2.482000000000000000e+03 4.922876999999999809e-02
2.488000000000000000e+03 4.906934999999999769e-02
2.493000000000000000e+03 4.841797999999999935e-02
2.499000000000000000e+03 4.794508000000000103e-02
2.505000000000000000e+03 4.769654000000000255e-02
2.511000000000000000e+03 4.729371000000000269e-02
2.517000000000000000e+03 4.667675999999999770e-02
2.523000000000000000e+03 4.585157000000000121e-02
2.528000000000000000e+03 4.537255999999999928e-02
2.534000000000000000e+03 4.522169000000000189e-02
2.540000000000000000e+03 4.436791999999999819e-02
2.546000000000000000e+03 4.371607000000000270e-02
2.552000000000000000e+03 4.289014000000000021e-02
2.557000000000000000e+03 4.238941000000000237e-02
2.563000000000000000e+03 4.240283000000000246e-02
2.569000000000000000e+03 4.271410999999999958e-02
2.575000000000000000e+03 4.298095999999999861e-02
2.581000000000000000e+03 4.319337000000000176e-02
2.586000000000000000e+03 4.345386999999999861e-02
2.592000000000000000e+03 4.390039999999999915e-02
2.598000000000000000e+03 4.449415000000000314e-02
2.604000000000000000e+03 4.462548999999999683e-02
2.610000000000000000e+03 4.467969000000000107e-02
2.616000000000000000e+03 4.519287999999999778e-02
2.621000000000000000e+03 4.538183999999999968e-02
2.627000000000000000e+03 4.581397000000000247e-02
2.633000000000000000e+03 4.600317999999999768e-02
2.639000000000000000e+03 4.592236999999999708e-02
2.645000000000000000e+03 4.639038999999999663e-02
2.650000000000000000e+03 4.666039999999999771e-02
2.656000000000000000e+03 4.693188999999999694e-02
2.662000000000000000e+03 4.692604000000000219e-02
2.668000000000000000e+03 4.698219000000000006e-02
2.674000000000000000e+03 4.722094999999999765e-02
2.680000000000000000e+03 4.761573000000000194e-02
2.685000000000000000e+03 4.775709000000000204e-02
2.691000000000000000e+03 4.766333999999999849e-02
2.697000000000000000e+03 4.794311999999999879e-02
2.703000000000000000e+03 4.820728999999999986e-02
2.709000000000000000e+03 4.846484999999999682e-02
2.714000000000000000e+03 4.846655999999999881e-02
2.720000000000000000e+03 4.852026999999999729e-02
2.726000000000000000e+03 4.869703000000000226e-02
2.732000000000000000e+03 4.902710999999999875e-02
2.738000000000000000e+03 4.913818999999999826e-02
2.743000000000000000e+03 4.931788000000000144e-02
2.749000000000000000e+03 4.908839000000000258e-02
2.755000000000000000e+03 4.929102999999999957e-02
2.761000000000000000e+03 4.976367999999999764e-02
2.767000000000000000e+03 5.003637999999999836e-02
2.773000000000000000e+03 5.003637999999999836e-02
2.778000000000000000e+03 4.983717000000000008e-02
2.784000000000000000e+03 4.997755000000000253e-02
2.790000000000000000e+03 5.045776999999999901e-02
2.796000000000000000e+03 5.055446000000000245e-02
2.802000000000000000e+03 5.039918000000000176e-02
2.807000000000000000e+03 5.032960000000000211e-02
2.813000000000000000e+03 5.048244000000000342e-02
2.819000000000000000e+03 5.085304000000000213e-02
2.825000000000000000e+03 5.096681000000000128e-02
2.831000000000000000e+03 5.081690999999999986e-02
2.836000000000000000e+03 5.084840000000000193e-02
2.842000000000000000e+03 5.103467999999999893e-02
2.848000000000000000e+03 5.117578999999999878e-02
2.854000000000000000e+03 5.157789000000000124e-02
2.860000000000000000e+03 5.132325000000000081e-02
2.866000000000000000e+03 5.134033999999999820e-02
2.871000000000000000e+03 5.167871999999999744e-02
2.877000000000000000e+03 5.188672999999999896e-02
2.883000000000000000e+03 5.201979000000000325e-02
2.889000000000000000e+03 5.184596000000000343e-02
2.895000000000000000e+03 5.200293999999999750e-02
2.900000000000000000e+03 5.228614000000000178e-02
2.906000000000000000e+03 5.246997999999999940e-02
2.912000000000000000e+03 5.225244999999999890e-02
2.918000000000000000e+03 5.212769999999999904e-02
2.924000000000000000e+03 5.220605999999999858e-02
2.929000000000000000e+03 5.250977999999999896e-02
2.935000000000000000e+03 5.263403999999999999e-02
2.941000000000000000e+03 5.252588999999999869e-02
2.947000000000000000e+03 5.233766000000000113e-02
2.953000000000000000e+03 5.241894999999999888e-02
2.959000000000000000e+03 5.281299999999999883e-02
2.964000000000000000e+03 5.308667999999999720e-02
2.970000000000000000e+03 5.279468999999999829e-02
2.976000000000000000e+03 5.250831000000000248e-02
2.982000000000000000e+03 5.268043000000000031e-02
2.988000000000000000e+03 5.281227000000000144e-02
2.993000000000000000e+03 5.281518999999999797e-02
2.999000000000000000e+03 5.289357000000000086e-02
3.005000000000000000e+03 5.246510000000000062e-02
3.011000000000000000e+03 5.278979999999999784e-02
3.017000000000000000e+03 5.317236999999999658e-02
3.023000000000000000e+03 5.323195000000000010e-02
3.028000000000000000e+03 5.297998999999999764e-02
3.034000000000000000e+03 5.272877000000000119e-02
3.040000000000000000e+03 5.298706999999999723e-02
3.046000000000000000e+03 5.322413000000000144e-02
3.052000000000000000e+03 5.320508000000000182e-02
3.057000000000000000e+03 5.287768999999999803e-02
3.063000000000000000e+03 5.288526999999999811e-02
3.069000000000000000e+03 5.301416999999999935e-02
3.075000000000000000e+03 5.308985000000000093e-02
3.081000000000000000e+03 5.321387999999999813e-02
3.086000000000000000e+03 5.281202000000000119e-02
3.092000000000000000e+03 5.278394000000000141e-02
3.098000000000000000e+03 5.291773000000000310e-02
3.104000000000000000e+03 5.313160000000000105e-02
3.110000000000000000e+03 5.298657999999999840e-02
3.116000000000000000e+03 5.267286000000000190e-02
3.121000000000000000e+03 5.263697999999999988e-02
3.127000000000000000e+03 5.282154000000000016e-02
3.133000000000000000e+03 5.292311000000000237e-02
3.139000000000000000e+03 5.279907999999999824e-02
3.145000000000000000e+03 5.266504999999999798e-02
3.150000000000000000e+03 5.258887000000000284e-02
3.156000000000000000e+03 5.286720000000000308e-02
3.162000000000000000e+03 5.282984000000000291e-02
3.168000000000000000e+03 5.260694999999999955e-02
3.174000000000000000e+03 5.241211999999999954e-02
3.179000000000000000e+03 5.239942000000000211e-02
3.185000000000000000e+03 5.280395999999999701e-02
3.191000000000000000e+03 5.283107000000000081e-02
3.197000000000000000e+03 5.243068000000000034e-02
3.203000000000000000e+03 5.221607999999999805e-02
3.209000000000000000e+03 5.247192999999999996e-02
3.214000000000000000e+03 5.261939000000000199e-02
3.220000000000000000e+03 5.264575999999999978e-02
3.226000000000000000e+03 5.214111999999999914e-02
3.232000000000000000e+03 5.185425999999999924e-02
3.238000000000000000e+03 5.209669000000000105e-02
3.243000000000000000e+03 5.206348999999999699e-02
3.249000000000000000e+03 5.197852000000000028e-02
3.255000000000000000e+03 5.169678999999999941e-02
3.261000000000000000e+03 5.153442999999999913e-02
3.267000000000000000e+03 5.179468999999999740e-02
3.272000000000000000e+03 5.186744000000000077e-02
3.278000000000000000e+03 5.166163000000000005e-02
3.284000000000000000e+03 5.140357000000000259e-02
3.290000000000000000e+03 5.133448000000000178e-02
3.296000000000000000e+03 5.135743999999999726e-02
3.302000000000000000e+03 5.149805999999999828e-02
3.307000000000000000e+03 5.119409999999999933e-02
3.313000000000000000e+03 5.077906000000000086e-02
3.319000000000000000e+03 5.079590999999999967e-02
3.325000000000000000e+03 5.086792999999999870e-02
3.331000000000000000e+03 5.093653000000000070e-02
3.336000000000000000e+03 5.060815999999999926e-02
3.342000000000000000e+03 5.017993999999999927e-02
3.348000000000000000e+03 5.032032000000000171e-02
3.354000000000000000e+03 5.040698999999999874e-02
3.360000000000000000e+03 5.044093000000000188e-02
3.366000000000000000e+03 5.016724999999999657e-02
3.371000000000000000e+03 4.961523999999999796e-02
3.377000000000000000e+03 4.970655000000000212e-02
3.383000000000000000e+03 4.994606000000000046e-02
3.389000000000000000e+03 4.976197000000000259e-02
3.395000000000000000e+03 4.956080000000000207e-02
3.400000000000000000e+03 4.921144000000000213e-02
3.406000000000000000e+03 4.928198999999999774e-02
3.412000000000000000e+03 4.925415999999999822e-02
3.418000000000000000e+03 4.917236999999999997e-02
3.424000000000000000e+03 4.877539999999999654e-02
3.429000000000000000e+03 4.858472999999999958e-02
3.435000000000000000e+03 4.832544999999999896e-02
3.441000000000000000e+03 4.844532000000000005e-02
3.447000000000000000e+03 4.847926000000000318e-02
3.453000000000000000e+03 4.786963999999999803e-02
3.459000000000000000e+03 4.775245000000000184e-02
3.464000000000000000e+03 4.788281999999999955e-02
3.470000000000000000e+03 4.764063999999999799e-02
3.476000000000000000e+03 4.755762999999999657e-02
3.482000000000000000e+03 4.703369999999999773e-02
3.488000000000000000e+03 4.692481999999999903e-02
3.493000000000000000e+03 4.696608000000000033e-02
3.499000000000000000e+03 4.682275999999999799e-02
3.505000000000000000e+03 4.648072000000000314e-02
3.511000000000000000e+03 4.623681999999999792e-02
3.517000000000000000e+03 4.599318000000000156e-02
3.522000000000000000e+03 4.605274000000000173e-02
3.528000000000000000e+03 4.606885000000000147e-02
3.534000000000000000e+03 4.573047999999999697e-02
3.540000000000000000e+03 4.548121000000000108e-02
3.546000000000000000e+03 4.534301999999999777e-02
3.552000000000000000e+03 4.551099000000000117e-02
3.557000000000000000e+03 4.549609999999999765e-02
3.563000000000000000e+03 4.503246999999999806e-02
3.569000000000000000e+03 4.467310000000000031e-02
3.575000000000000000e+03 4.469605000000000106e-02
3.581000000000000000e+03 4.457984000000000252e-02
3.586000000000000000e+03 4.463770000000000238e-02
3.592000000000000000e+03 4.427807999999999744e-02
3.598000000000000000e+03 4.389527000000000012e-02
3.604000000000000000e+03 4.403686999999999879e-02
3.610000000000000000e+03 4.385792000000000163e-02
3.616000000000000000e+03 4.364868999999999694e-02
3.621000000000000000e+03 4.330322999999999811e-02
3.627000000000000000e+03 4.293212999999999890e-02
3.633000000000000000e+03 4.280273999999999884e-02
3.639000000000000000e+03 4.277734999999999871e-02
3.645000000000000000e+03 4.265234999999999860e-02
3.650000000000000000e+03 4.227442000000000005e-02
3.656000000000000000e+03 4.191357999999999889e-02
3.662000000000000000e+03 4.181739000000000289e-02
3.668000000000000000e+03 4.188501000000000030e-02
3.674000000000000000e+03 4.162525000000000253e-02
3.679000000000000000e+03 4.115138000000000129e-02
3.685000000000000000e+03 4.119824999999999876e-02
3.691000000000000000e+03 4.100977000000000094e-02
3.697000000000000000e+03 4.089990999999999766e-02
3.703000000000000000e+03 4.070118000000000347e-02
3.709000000000000000e+03 4.013843999999999745e-02
3.714000000000000000e+03 4.013061999999999879e-02
3.720000000000000000e+03 4.012257000000000323e-02
3.726000000000000000e+03 3.998266999999999793e-02
3.732000000000000000e+03 3.957275999999999849e-02
3.738000000000000000e+03 3.931715000000000210e-02
3.743000000000000000e+03 3.913794999999999774e-02
3.749000000000000000e+03 3.916895000000000099e-02
3.755000000000000000e+03 3.891456000000000082e-02
3.761000000000000000e+03 3.852905999999999692e-02
3.767000000000000000e+03 3.818383999999999667e-02
3.772000000000000000e+03 3.818458000000000269e-02
3.778000000000000000e+03 3.809254000000000112e-02
3.784000000000000000e+03 3.784937000000000024e-02
3.790000000000000000e+03 3.727807999999999816e-02
3.796000000000000000e+03 3.711303999999999992e-02
3.802000000000000000e+03 3.698852999999999863e-02
3.807000000000000000e+03 3.689307000000000003e-02
3.813000000000000000e+03 3.674952000000000080e-02
3.819000000000000000e+03 3.618897000000000086e-02
3.825000000000000000e+03 3.594457999999999681e-02
3.831000000000000000e+03 3.598852999999999774e-02
3.836000000000000000e+03 3.574560999999999711e-02
3.842000000000000000e+03 3.566210999999999687e-02
3.848000000000000000e+03 3.511597000000000329e-02
3.854000000000000000e+03 3.497291000000000288e-02
3.860000000000000000e+03 3.497095000000000065e-02
3.865000000000000000e+03 3.474561000000000316e-02
3.871000000000000000e+03 3.456348000000000059e-02
3.877000000000000000e+03 3.409912999999999833e-02
3.883000000000000000e+03 3.374731999999999732e-02
3.889000000000000000e+03 3.373510999999999871e-02
3.895000000000000000e+03 3.370948000000000000e-02
3.900000000000000000e+03 3.326490000000000002e-02
3.906000000000000000e+03 3.293799000000000032e-02
3.912000000000000000e+03 3.275928000000000173e-02
3.918000000000000000e+03 3.272071000000000007e-02
3.924000000000000000e+03 3.269239000000000173e-02
3.929000000000000000e+03 3.231860999999999762e-02
3.935000000000000000e+03 3.202466000000000340e-02
3.941000000000000000e+03 3.185352000000000322e-02
3.947000000000000000e+03 3.165259000000000128e-02
3.953000000000000000e+03 3.154882999999999993e-02
3.959000000000000000e+03 3.127833000000000002e-02
3.964000000000000000e+03 3.083887000000000086e-02
3.970000000000000000e+03 3.078345000000000040e-02
3.976000000000000000e+03 3.079004000000000116e-02
3.982000000000000000e+03 3.060181000000000012e-02
3.988000000000000000e+03 3.008985000000000132e-02
3.993000000000000000e+03 2.984693000000000068e-02
3.999000000000000000e+03 2.976563000000000125e-02
4.005000000000000000e+03 2.977271000000000084e-02
4.011000000000000000e+03 2.940308000000000158e-02
4.017000000000000000e+03 2.901269999999999891e-02
4.022000000000000000e+03 2.892969000000000096e-02
4.028000000000000000e+03 2.878711000000000117e-02
4.034000000000000000e+03 2.875928000000000165e-02
4.040000000000000000e+03 2.853222999999999870e-02
4.046000000000000000e+03 2.794848999999999944e-02
4.052000000000000000e+03 2.771142999999999870e-02
4.057000000000000000e+03 2.758056999999999870e-02
4.063000000000000000e+03 2.751734000000000124e-02
4.069000000000000000e+03 2.735009999999999872e-02
4.075000000000000000e+03 2.690551999999999874e-02
4.081000000000000000e+03 2.664526999999999868e-02
4.086000000000000000e+03 2.655323000000000058e-02
4.092000000000000000e+03 2.622485999999999914e-02
4.098000000000000000e+03 2.608887000000000012e-02
4.104000000000000000e+03 2.592944999999999972e-02
4.110000000000000000e+03 2.563990000000000019e-02
4.115000000000000000e+03 2.560400999999999996e-02
4.121000000000000000e+03 2.541797000000000153e-02
4.127000000000000000e+03 2.489330999999999836e-02
4.133000000000000000e+03 2.464527000000000037e-02
4.139000000000000000e+03 2.439501999999999990e-02
4.145000000000000000e+03 2.445655000000000051e-02
4.150000000000000000e+03 2.429883000000000043e-02
4.156000000000000000e+03 2.390356999999999899e-02
4.162000000000000000e+03 2.358178999999999831e-02
4.168000000000000000e+03 2.357812999999999923e-02
4.174000000000000000e+03 2.339942000000000064e-02
4.179000000000000000e+03 2.317993000000000137e-02
4.185000000000000000e+03 2.287963999999999970e-02
4.191000000000000000e+03 2.258227999999999971e-02
4.197000000000000000e+03 2.248121000000000147e-02
4.203000000000000000e+03 2.223340000000000038e-02
4.208000000000000000e+03 2.200683999999999974e-02
4.214000000000000000e+03 2.176538000000000084e-02
4.220000000000000000e+03 2.150097999999999940e-02
4.226000000000000000e+03 2.138599000000000055e-02
4.232000000000000000e+03 2.123535000000000006e-02
4.238000000000000000e+03 2.103564999999999949e-02
4.243000000000000000e+03 2.070775999999999867e-02
4.249000000000000000e+03 2.054003999999999899e-02
4.255000000000000000e+03 2.046045000000000155e-02
4.261000000000000000e+03 2.036645999999999943e-02
4.267000000000000000e+03 1.999267999999999879e-02
4.272000000000000000e+03 1.957421999999999981e-02
4.278000000000000000e+03 1.951075000000000031e-02
4.284000000000000000e+03 1.929931999999999828e-02
4.290000000000000000e+03 1.928223000000000090e-02
4.296000000000000000e+03 1.897924999999999959e-02
4.302000000000000000e+03 1.864307000000000117e-02
4.307000000000000000e+03 1.863135000000000138e-02
4.313000000000000000e+03 1.854077000000000155e-02
4.319000000000000000e+03 1.834618999999999833e-02
4.325000000000000000e+03 1.818188999999999916e-02
4.331000000000000000e+03 1.767455999999999888e-02
4.336000000000000000e+03 1.767577999999999858e-02
4.342000000000000000e+03 1.771386999999999962e-02
4.348000000000000000e+03 1.732275999999999955e-02
4.354000000000000000e+03 1.713941000000000076e-02
4.360000000000000000e+03 1.695288000000000003e-02
4.365000000000000000e+03 1.673706000000000152e-02
4.371000000000000000e+03 1.672925000000000106e-02
4.377000000000000000e+03 1.645800999999999861e-02
4.383000000000000000e+03 1.615308000000000022e-02
4.389000000000000000e+03 1.601806999999999884e-02
4.395000000000000000e+03 1.566284999999999900e-02
4.400000000000000000e+03 1.559986000000000012e-02
4.406000000000000000e+03 1.556031000000000081e-02
4.412000000000000000e+03 1.515014999999999938e-02
4.418000000000000000e+03 1.503271999999999942e-02
4.424000000000000000e+03 1.497730000000000068e-02
4.429000000000000000e+03 1.471484999999999981e-02
4.435000000000000000e+03 1.451734000000000011e-02
4.441000000000000000e+03 1.418750000000000046e-02
4.447000000000000000e+03 1.415479000000000043e-02
4.453000000000000000e+03 1.408691999999999930e-02
4.458000000000000000e+03 1.385889000000000044e-02
4.464000000000000000e+03 1.360058999999999921e-02
4.470000000000000000e+03 1.353832999999999946e-02
4.476000000000000000e+03 1.335082999999999930e-02
4.482000000000000000e+03 1.339550999999999936e-02
4.488000000000000000e+03 1.321802000000000046e-02
4.493000000000000000e+03 1.299951000000000058e-02
4.499000000000000000e+03 1.275879000000000076e-02
4.505000000000000000e+03 1.265479000000000083e-02
4.511000000000000000e+03 1.255298000000000004e-02
4.517000000000000000e+03 1.255566999999999968e-02
4.522000000000000000e+03 1.220386000000000040e-02
4.528000000000000000e+03 1.197240999999999930e-02
4.534000000000000000e+03 1.200000000000000025e-02
4.540000000000000000e+03 1.176269999999999920e-02
4.546000000000000000e+03 1.174364999999999958e-02
4.551000000000000000e+03 1.155591000000000083e-02
4.557000000000000000e+03 1.127856999999999991e-02
4.563000000000000000e+03 1.124999999999999958e-02
4.569000000000000000e+03 1.121410999999999936e-02
4.575000000000000000e+03 1.102319000000000042e-02
4.581000000000000000e+03 1.100316999999999962e-02
4.586000000000000000e+03 1.070655000000000044e-02
4.592000000000000000e+03 1.063818000000000055e-02
4.598000000000000000e+03 1.059008999999999992e-02
4.604000000000000000e+03 1.023583999999999952e-02
4.610000000000000000e+03 1.011206000000000084e-02
4.615000000000000000e+03 9.995363000000000164e-03
4.621000000000000000e+03 9.728028999999999149e-03
4.627000000000000000e+03 9.684328000000000727e-03
4.633000000000000000e+03 9.542727000000000848e-03
4.639000000000000000e+03 9.387697000000000402e-03
4.645000000000000000e+03 9.341798000000000116e-03
4.650000000000000000e+03 8.968507000000000562e-03
4.656000000000000000e+03 8.804200999999999347e-03
4.662000000000000000e+03 8.704592000000000579e-03
4.668000000000000000e+03 8.460939000000000654e-03
4.674000000000000000e+03 8.458985999999999936e-03
4.679000000000000000e+03 8.333985999999999825e-03
4.685000000000000000e+03 8.163820000000000451e-03
4.691000000000000000e+03 8.025147999999999310e-03
4.697000000000000000e+03 7.834717999999999197e-03
4.703000000000000000e+03 7.671144000000000400e-03
4.708000000000000000e+03 7.556153000000000348e-03
4.714000000000000000e+03 7.461182999999999704e-03
4.720000000000000000e+03 7.231691000000000161e-03
4.726000000000000000e+03 7.273438000000000125e-03
4.732000000000000000e+03 7.098145000000000149e-03
4.738000000000000000e+03 6.910401000000000044e-03
4.743000000000000000e+03 6.834718000000000043e-03
4.749000000000000000e+03 6.722658000000000279e-03
4.755000000000000000e+03 6.698975999999999716e-03
4.761000000000000000e+03 6.560548999999999721e-03
4.767000000000000000e+03 6.416505999999999772e-03
4.772000000000000000e+03 6.338868000000000107e-03
4.778000000000000000e+03 6.140625999999999723e-03
4.784000000000000000e+03 5.982178999999999795e-03
4.790000000000000000e+03 6.024904000000000197e-03
4.796000000000000000e+03 5.755615999999999857e-03
4.801000000000000000e+03 5.744385999999999763e-03
4.807000000000000000e+03 5.687501000000000188e-03
4.813000000000000000e+03 5.641114000000000024e-03
4.819000000000000000e+03 5.546874999999999722e-03
4.825000000000000000e+03 5.462891999999999575e-03
4.831000000000000000e+03 5.277833000000000004e-03
4.836000000000000000e+03 5.264892999999999657e-03
4.842000000000000000e+03 5.055177000000000108e-03
4.848000000000000000e+03 4.927734999999999928e-03
4.854000000000000000e+03 4.958741000000000017e-03
4.860000000000000000e+03 4.621095000000000411e-03
4.865000000000000000e+03 4.625488999999999989e-03
4.871000000000000000e+03 4.690431000000000114e-03
4.877000000000000000e+03 4.446290000000000311e-03
4.883000000000000000e+03 4.427002999999999668e-03
4.889000000000000000e+03 4.332520000000000295e-03
4.894000000000000000e+03 4.311279999999999800e-03
4.900000000000000000e+03 4.321046000000000262e-03
4.906000000000000000e+03 4.100099000000000278e-03
4.912000000000000000e+03 4.068360000000000032e-03
4.918000000000000000e+03 4.105224999999999673e-03
4.924000000000000000e+03 3.905762000000000123e-03
4.929000000000000000e+03 3.783204000000000081e-03
4.935000000000000000e+03 3.814454000000000108e-03
4.941000000000000000e+03 3.708252999999999897e-03
4.947000000000000000e+03 3.755615999999999816e-03
4.953000000000000000e+03 3.679444000000000031e-03
4.958000000000000000e+03 3.531006000000000162e-03
4.964000000000000000e+03 3.589844000000000021e-03
4.970000000000000000e+03 3.433349999999999944e-03
4.976000000000000000e+03 3.337159000000000132e-03
4.982000000000000000e+03 3.336670999999999821e-03
4.988000000000000000e+03 3.177735000000000108e-03
4.993000000000000000e+03 3.136962999999999991e-03
4.999000000000000000e+03 3.156738999999999986e-03
5.005000000000000000e+03 2.898194000000000204e-03
5.011000000000000000e+03 2.920654999999999866e-03
5.017000000000000000e+03 2.887451999999999987e-03
5.022000000000000000e+03 2.762207999999999938e-03
5.028000000000000000e+03 2.878173999999999837e-03
5.034000000000000000e+03 2.684326999999999807e-03
5.040000000000000000e+03 2.547607999999999817e-03
5.046000000000000000e+03 2.750244000000000213e-03
5.051000000000000000e+03 2.604248999999999887e-03
5.057000000000000000e+03 2.428467000000000126e-03
5.063000000000000000e+03 2.610351999999999811e-03
5.069000000000000000e+03 2.366455999999999855e-03
5.075000000000000000e+03 2.381104000000000206e-03
5.081000000000000000e+03 2.392089999999999928e-03
5.086000000000000000e+03 2.213623000000000066e-03
5.092000000000000000e+03 2.307617999999999996e-03
5.098000000000000000e+03 2.191161999999999971e-03
5.104000000000000000e+03 2.106690000000000038e-03
5.110000000000000000e+03 2.251220999999999865e-03
5.115000000000000000e+03 2.011962999999999859e-03
5.121000000000000000e+03 2.099365000000000172e-03
5.127000000000000000e+03 2.103027999999999842e-03
5.133000000000000000e+03 2.096192000000000194e-03
5.139000000000000000e+03 2.007324000000000001e-03
5.144000000000000000e+03 1.942626999999999939e-03
5.150000000000000000e+03 1.873778999999999896e-03
5.156000000000000000e+03 1.941894999999999906e-03
5.162000000000000000e+03 1.842529999999999992e-03
5.168000000000000000e+03 1.736083999999999935e-03
5.174000000000000000e+03 1.814452999999999943e-03
5.179000000000000000e+03 1.684081999999999940e-03
5.185000000000000000e+03 1.777343999999999929e-03
5.191000000000000000e+03 1.783447999999999978e-03
5.197000000000000000e+03 1.668456999999999926e-03
5.203000000000000000e+03 1.670166000000000055e-03
5.208000000000000000e+03 1.705322999999999908e-03
5.214000000000000000e+03 1.669677999999999961e-03
5.220000000000000000e+03 1.655517999999999920e-03
5.226000000000000000e+03 1.673339999999999940e-03
5.232000000000000000e+03 1.632813000000000103e-03
5.237000000000000000e+03 1.705322999999999908e-03
5.243000000000000000e+03 1.669190000000000083e-03
5.249000000000000000e+03 1.687988999999999983e-03
5.255000000000000000e+03 1.672852000000000063e-03
5.261000000000000000e+03 1.666993000000000077e-03
5.267000000000000000e+03 1.692139000000000056e-03
5.272000000000000000e+03 1.677979000000000016e-03
5.278000000000000000e+03 1.653076999999999975e-03
5.284000000000000000e+03 1.648682000000000055e-03
5.290000000000000000e+03 1.637940000000000056e-03
5.296000000000000000e+03 1.648682000000000055e-03
5.301000000000000000e+03 1.661865000000000000e-03
5.307000000000000000e+03 1.665528000000000104e-03
5.313000000000000000e+03 1.651368000000000063e-03
5.319000000000000000e+03 1.654541000000000041e-03
5.325000000000000000e+03 1.671387000000000090e-03
5.331000000000000000e+03 1.670410999999999901e-03
5.336000000000000000e+03 1.679200000000000050e-03
5.342000000000000000e+03 1.657227000000000049e-03
5.348000000000000000e+03 1.663818999999999975e-03
5.354000000000000000e+03 1.648193999999999961e-03
5.360000000000000000e+03 1.649169999999999933e-03
5.365000000000000000e+03 1.672363999999999969e-03
5.371000000000000000e+03 1.652587999999999974e-03
5.377000000000000000e+03 1.656249999999999953e-03
5.383000000000000000e+03 1.657959000000000082e-03
5.389000000000000000e+03 1.645507999999999953e-03
5.394000000000000000e+03 1.659179999999999900e-03
5.400000000000000000e+03 1.641602000000000035e-03
5.406000000000000000e+03 1.628661999999999905e-03
5.412000000000000000e+03 1.668212999999999988e-03
5.418000000000000000e+03 1.687743999999999920e-03
5.424000000000000000e+03 1.651123000000000000e-03
5.429000000000000000e+03 1.649903000000000090e-03
5.435000000000000000e+03 1.659911999999999933e-03
5.441000000000000000e+03 1.669434000000000022e-03
5.447000000000000000e+03 1.693604000000000030e-03
5.453000000000000000e+03 1.661865000000000000e-03
5.458000000000000000e+03 1.665528000000000104e-03
5.464000000000000000e+03 1.631103999999999974e-03
5.470000000000000000e+03 1.646240999999999894e-03
5.476000000000000000e+03 1.673096000000000002e-03
5.482000000000000000e+03 1.655517999999999920e-03
5.487000000000000000e+03 1.642823000000000070e-03
5.493000000000000000e+03 1.654052999999999947e-03
5.499000000000000000e+03 1.633544999999999919e-03
5.505000000000000000e+03 1.654786000000000104e-03
5.511000000000000000e+03 1.651123000000000000e-03
5.517000000000000000e+03 1.656982999999999893e-03
5.522000000000000000e+03 1.687256000000000042e-03
5.528000000000000000e+03 1.666748000000000014e-03
5.534000000000000000e+03 1.654297000000000102e-03
5.540000000000000000e+03 1.680176000000000022e-03
5.546000000000000000e+03 1.641113999999999941e-03
5.551000000000000000e+03 1.647461000000000021e-03
5.557000000000000000e+03 1.666993000000000077e-03
5.563000000000000000e+03 1.689697999999999894e-03
5.569000000000000000e+03 1.647948999999999898e-03
5.575000000000000000e+03 1.652831999999999912e-03
5.580000000000000000e+03 1.647948999999999898e-03
5.586000000000000000e+03 1.651368000000000063e-03
5.592000000000000000e+03 1.671142999999999934e-03
5.598000000000000000e+03 1.688477000000000077e-03
5.604000000000000000e+03 1.624267999999999892e-03
5.610000000000000000e+03 1.658446999999999959e-03
5.615000000000000000e+03 1.666259999999999920e-03
5.621000000000000000e+03 1.652100000000000096e-03
5.627000000000000000e+03 1.619629000000000034e-03
5.633000000000000000e+03 1.668212999999999988e-03
5.639000000000000000e+03 1.665039000000000102e-03
5.644000000000000000e+03 1.639648999999999968e-03
5.650000000000000000e+03 1.636719000000000021e-03
5.656000000000000000e+03 1.663086000000000035e-03
5.662000000000000000e+03 1.673584000000000096e-03
5.668000000000000000e+03 1.647217000000000082e-03
5.674000000000000000e+03 1.646972999999999927e-03
5.679000000000000000e+03 1.660156000000000088e-03
5.685000000000000000e+03 1.666015999999999981e-03
5.691000000000000000e+03 1.665528000000000104e-03
5.697000000000000000e+03 1.654052999999999947e-03
5.703000000000000000e+03 1.674073000000000097e-03
5.708000000000000000e+03 1.657959000000000082e-03
5.714000000000000000e+03 1.656249999999999953e-03
5.720000000000000000e+03 1.660156000000000088e-03
5.726000000000000000e+03 1.628174000000000027e-03
5.732000000000000000e+03 1.675049000000000069e-03
5.737000000000000000e+03 1.700927999999999989e-03
5.743000000000000000e+03 1.642334000000000068e-03
5.749000000000000000e+03 1.645996000000000048e-03
5.755000000000000000e+03 1.676757999999999981e-03
5.761000000000000000e+03 1.639405000000000029e-03
5.767000000000000000e+03 1.632568999999999947e-03
5.772000000000000000e+03 1.666259999999999920e-03
5.778000000000000000e+03 1.663818999999999975e-03
5.784000000000000000e+03 1.636230999999999927e-03
5.790000000000000000e+03 1.650390999999999967e-03
5.796000000000000000e+03 1.651123000000000000e-03
5.801000000000000000e+03 1.653565000000000070e-03
5.807000000000000000e+03 1.645507999999999953e-03
5.813000000000000000e+03 1.638672000000000089e-03
5.819000000000000000e+03 1.693847999999999968e-03
5.825000000000000000e+03 1.650147000000000029e-03
5.830000000000000000e+03 1.674317000000000036e-03
5.836000000000000000e+03 1.661376999999999906e-03
5.842000000000000000e+03 1.663818999999999975e-03
5.848000000000000000e+03 1.653809000000000008e-03
5.854000000000000000e+03 1.672607999999999907e-03
5.860000000000000000e+03 1.656249999999999953e-03
5.865000000000000000e+03 1.647948999999999898e-03
5.871000000000000000e+03 1.659911999999999933e-03
5.877000000000000000e+03 1.649903000000000090e-03
5.883000000000000000e+03 1.648437999999999900e-03
5.889000000000000000e+03 1.642823000000000070e-03
5.894000000000000000e+03 1.649658999999999934e-03
5.900000000000000000e+03 1.637206999999999898e-03
5.906000000000000000e+03 1.646728999999999988e-03
5.912000000000000000e+03 1.668945999999999928e-03
5.918000000000000000e+03 1.655273999999999981e-03
5.923000000000000000e+03 1.669921999999999900e-03
5.929000000000000000e+03 1.654786000000000104e-03
5.935000000000000000e+03 1.655030000000000043e-03
5.941000000000000000e+03 1.648925999999999994e-03
5.947000000000000000e+03 1.642334000000000068e-03
5.953000000000000000e+03 1.664307000000000069e-03
5.958000000000000000e+03 1.667969000000000049e-03
5.964000000000000000e+03 1.654297000000000102e-03
5.970000000000000000e+03 1.628661999999999905e-03
5.976000000000000000e+03 1.661132999999999967e-03
5.982000000000000000e+03 1.649414000000000088e-03
5.987000000000000000e+03 1.656982999999999893e-03
5.993000000000000000e+03 1.651123000000000000e-03
5.999000000000000000e+03 1.656982999999999893e-03
6.000000000000000000e+03 1.659667999999999994e-03
