3.000000000000000000e+00 2.753662999999999944e-03
8.000000000000000000e+00 2.669434000000000043e-03
1.200000000000000000e+01 2.607177999999999926e-03
1.700000000000000000e+01 2.568603999999999939e-03
2.300000000000000000e+01 2.719970999999999847e-03
2.900000000000000000e+01 2.695800999999999840e-03
3.400000000000000000e+01 2.725829999999999833e-03
4.000000000000000000e+01 2.733886999999999949e-03
4.600000000000000000e+01 2.644531999999999786e-03
5.200000000000000000e+01 2.669190000000000104e-03
5.800000000000000000e+01 2.728760000000000213e-03
6.300000000000000000e+01 2.671630999999999832e-03
6.900000000000000000e+01 2.710206000000000160e-03
7.500000000000000000e+01 2.722168000000000070e-03
8.100000000000000000e+01 2.666748000000000035e-03
8.700000000000000000e+01 2.749511999999999963e-03
9.200000000000000000e+01 2.621094000000000028e-03
9.800000000000000000e+01 2.751220999999999875e-03
1.040000000000000000e+02 2.793457999999999965e-03
1.100000000000000000e+02 2.722168000000000070e-03
1.160000000000000000e+02 2.924561000000000001e-03
1.220000000000000000e+02 2.837646000000000092e-03
1.270000000000000000e+02 2.717040999999999901e-03
1.330000000000000000e+02 2.946045000000000001e-03
1.390000000000000000e+02 3.065918999999999849e-03
1.450000000000000000e+02 3.065918999999999849e-03
1.510000000000000000e+02 3.127441999999999809e-03
1.560000000000000000e+02 3.176026000000000196e-03
1.620000000000000000e+02 3.207764000000000101e-03
1.680000000000000000e+02 3.233643000000000021e-03
1.740000000000000000e+02 3.255127000000000020e-03
1.800000000000000000e+02 3.295899000000000138e-03
1.850000000000000000e+02 3.282470999999999913e-03
1.910000000000000000e+02 3.311035999999999840e-03
1.970000000000000000e+02 3.397217000000000119e-03
2.030000000000000000e+02 3.408204000000000181e-03
2.090000000000000000e+02 3.448731000000000019e-03
2.150000000000000000e+02 3.571533999999999907e-03
2.200000000000000000e+02 3.375244999999999808e-03
2.260000000000000000e+02 3.459717000000000174e-03
2.320000000000000000e+02 3.500488999999999858e-03
2.380000000000000000e+02 3.421143000000000187e-03
2.440000000000000000e+02 3.443849000000000129e-03
2.490000000000000000e+02 3.450195999999999992e-03
2.550000000000000000e+02 3.472901000000000026e-03
2.610000000000000000e+02 3.462403000000000182e-03
2.670000000000000000e+02 3.461426000000000086e-03
2.730000000000000000e+02 3.401612000000000038e-03
2.780000000000000000e+02 3.530273999999999912e-03
2.840000000000000000e+02 3.330323000000000051e-03
2.900000000000000000e+02 3.423829000000000195e-03
2.960000000000000000e+02 3.503417999999999897e-03
3.020000000000000000e+02 3.333984999999999813e-03
3.080000000000000000e+02 3.344727000000000030e-03
3.130000000000000000e+02 3.246094000000000149e-03
3.190000000000000000e+02 3.253662999999999954e-03
3.250000000000000000e+02 3.307128999999999798e-03
3.310000000000000000e+02 3.172607999999999939e-03
3.370000000000000000e+02 3.143799000000000073e-03
3.420000000000000000e+02 3.293945999999999853e-03
3.480000000000000000e+02 3.100831000000000073e-03
3.540000000000000000e+02 2.953369999999999867e-03
3.600000000000000000e+02 3.041993000000000214e-03
3.660000000000000000e+02 2.862304999999999884e-03
3.720000000000000000e+02 2.943603999999999839e-03
3.770000000000000000e+02 2.847900999999999905e-03
3.830000000000000000e+02 2.749755999999999902e-03
3.890000000000000000e+02 2.755370999999999949e-03
3.950000000000000000e+02 2.719970999999999847e-03
4.010000000000000000e+02 2.876464999999999925e-03
4.060000000000000000e+02 2.965820999999999995e-03
4.120000000000000000e+02 2.810303000000000107e-03
4.180000000000000000e+02 2.872314999999999851e-03
4.240000000000000000e+02 2.960938000000000198e-03
4.300000000000000000e+02 2.837403000000000061e-03
4.350000000000000000e+02 2.922852000000000089e-03
4.410000000000000000e+02 2.922608000000000150e-03
4.470000000000000000e+02 2.764649000000000099e-03
4.530000000000000000e+02 2.934570999999999968e-03
4.590000000000000000e+02 2.922608000000000150e-03
4.650000000000000000e+02 2.905518000000000163e-03
4.700000000000000000e+02 3.042968999999999969e-03
4.760000000000000000e+02 2.977539999999999874e-03
4.820000000000000000e+02 3.026856000000000078e-03
4.880000000000000000e+02 3.003173999999999948e-03
4.940000000000000000e+02 2.859864000000000156e-03
4.990000000000000000e+02 2.963624000000000206e-03
5.050000000000000000e+02 2.886230999999999953e-03
5.110000000000000000e+02 2.832764000000000202e-03
5.170000000000000000e+02 2.924072000000000216e-03
5.230000000000000000e+02 2.839843999999999789e-03
5.280000000000000000e+02 2.813233000000000053e-03
5.340000000000000000e+02 2.921387000000000116e-03
5.400000000000000000e+02 2.730713000000000064e-03
5.460000000000000000e+02 2.828858000000000067e-03
5.520000000000000000e+02 2.717284999999999839e-03
5.580000000000000000e+02 2.624511999999999852e-03
5.630000000000000000e+02 2.749024000000000086e-03
5.690000000000000000e+02 2.666748000000000035e-03
5.750000000000000000e+02 2.545166000000000182e-03
5.810000000000000000e+02 2.706787999999999902e-03
5.870000000000000000e+02 2.649658999999999955e-03
5.920000000000000000e+02 2.789550999999999923e-03
5.980000000000000000e+02 2.982422000000000198e-03
6.040000000000000000e+02 3.055908999999999882e-03
6.100000000000000000e+02 3.070068999999999923e-03
6.160000000000000000e+02 3.221191999999999892e-03
6.210000000000000000e+02 3.362060999999999956e-03
6.270000000000000000e+02 3.541016000000000129e-03
6.330000000000000000e+02 3.634521999999999840e-03
6.390000000000000000e+02 3.740479000000000113e-03
6.450000000000000000e+02 4.073242999999999829e-03
6.510000000000000000e+02 4.322265999999999955e-03
6.560000000000000000e+02 4.639649000000000030e-03
6.620000000000000000e+02 4.849609999999999858e-03
6.680000000000000000e+02 4.959228999999999894e-03
6.740000000000000000e+02 5.239991000000000267e-03
6.800000000000000000e+02 5.602539999999999604e-03
6.850000000000000000e+02 5.766114000000000135e-03
6.910000000000000000e+02 5.988282999999999627e-03
6.970000000000000000e+02 6.286866000000000329e-03
7.030000000000000000e+02 6.577149000000000016e-03
7.090000000000000000e+02 6.889405999999999829e-03
7.150000000000000000e+02 7.084229000000000047e-03
7.200000000000000000e+02 7.306153000000000126e-03
7.260000000000000000e+02 7.582521000000000053e-03
7.320000000000000000e+02 7.731690000000000264e-03
7.380000000000000000e+02 7.939210000000000364e-03
7.440000000000000000e+02 8.222168999999999658e-03
7.490000000000000000e+02 8.188966000000000647e-03
7.550000000000000000e+02 8.433105999999999242e-03
7.610000000000000000e+02 8.591555000000000719e-03
7.670000000000000000e+02 8.667970000000000536e-03
7.730000000000000000e+02 8.867188999999999280e-03
7.780000000000000000e+02 9.022706000000000129e-03
7.840000000000000000e+02 9.193605000000000527e-03
7.900000000000000000e+02 9.405273999999999926e-03
7.960000000000000000e+02 9.360353000000000076e-03
8.020000000000000000e+02 9.398926999999999629e-03
8.080000000000000000e+02 9.526368000000000336e-03
8.130000000000000000e+02 9.677003999999999467e-03
8.190000000000000000e+02 9.810792000000000471e-03
8.250000000000000000e+02 9.879396000000000358e-03
8.310000000000000000e+02 9.860841999999999871e-03
8.370000000000000000e+02 9.806887000000000243e-03
8.420000000000000000e+02 9.849853999999999901e-03
8.480000000000000000e+02 9.877932000000000726e-03
8.540000000000000000e+02 1.003930999999999921e-02
8.600000000000000000e+02 9.795167999999999930e-03
8.660000000000000000e+02 9.771973999999999244e-03
8.710000000000000000e+02 9.616457000000000130e-03
8.770000000000000000e+02 9.389893999999999324e-03
8.830000000000000000e+02 9.179934000000000704e-03
8.890000000000000000e+02 8.893556000000000378e-03
8.950000000000000000e+02 8.649415000000000575e-03
9.010000000000000000e+02 8.496095000000000383e-03
9.060000000000000000e+02 8.028811000000000281e-03
9.120000000000000000e+02 7.673341000000000189e-03
9.180000000000000000e+02 7.593507000000000208e-03
9.240000000000000000e+02 7.120607000000000152e-03
9.300000000000000000e+02 6.828858999999999624e-03
9.350000000000000000e+02 6.617188999999999884e-03
9.410000000000000000e+02 6.217287000000000161e-03
9.470000000000000000e+02 6.026857000000000048e-03
9.530000000000000000e+02 5.889161999999999869e-03
9.590000000000000000e+02 5.780518999999999588e-03
9.640000000000000000e+02 5.947756000000000223e-03
9.700000000000000000e+02 5.992677000000000073e-03
9.760000000000000000e+02 6.092774999999999927e-03
9.820000000000000000e+02 6.387695999999999999e-03
9.880000000000000000e+02 6.586914999999999611e-03
9.940000000000000000e+02 6.840332999999999657e-03
9.990000000000000000e+02 7.261230999999999935e-03
1.005000000000000000e+03 7.663818999999999666e-03
1.011000000000000000e+03 8.179933000000000343e-03
1.017000000000000000e+03 8.451660999999999202e-03
1.023000000000000000e+03 8.790772000000000516e-03
1.028000000000000000e+03 9.277344999999999342e-03
1.034000000000000000e+03 9.705079999999999610e-03
1.040000000000000000e+03 1.008472000000000014e-02
1.046000000000000000e+03 1.047387999999999965e-02
1.052000000000000000e+03 1.061059999999999955e-02
1.058000000000000000e+03 1.078198000000000004e-02
1.063000000000000000e+03 1.104736000000000086e-02
1.069000000000000000e+03 1.123656999999999954e-02
1.075000000000000000e+03 1.139624000000000019e-02
1.081000000000000000e+03 1.155517999999999997e-02
1.087000000000000000e+03 1.151025999999999959e-02
1.092000000000000000e+03 1.171825999999999944e-02
1.098000000000000000e+03 1.190235000000000078e-02
1.104000000000000000e+03 1.196239999999999977e-02
1.110000000000000000e+03 1.217016999999999925e-02
1.116000000000000000e+03 1.216308999999999967e-02
1.121000000000000000e+03 1.240430000000000005e-02
1.127000000000000000e+03 1.272216999999999966e-02
1.133000000000000000e+03 1.287280000000000021e-02
1.139000000000000000e+03 1.309741000000000030e-02
1.145000000000000000e+03 1.344360999999999993e-02
1.151000000000000000e+03 1.380249000000000059e-02
1.156000000000000000e+03 1.446436000000000076e-02
1.162000000000000000e+03 1.496459999999999978e-02
1.168000000000000000e+03 1.549804999999999933e-02
1.174000000000000000e+03 1.611962999999999938e-02
1.180000000000000000e+03 1.671142999999999934e-02
1.185000000000000000e+03 1.723852999999999844e-02
1.191000000000000000e+03 1.808080999999999924e-02
1.197000000000000000e+03 1.861205999999999972e-02
1.203000000000000000e+03 1.915381000000000028e-02
1.209000000000000000e+03 1.989820000000000130e-02
1.214000000000000000e+03 2.031176999999999983e-02
1.220000000000000000e+03 2.093042000000000166e-02
1.226000000000000000e+03 2.148144999999999916e-02
1.232000000000000000e+03 2.202563999999999911e-02
1.238000000000000000e+03 2.246729000000000087e-02
1.244000000000000000e+03 2.275829999999999867e-02
1.249000000000000000e+03 2.280590999999999868e-02
1.255000000000000000e+03 2.309887999999999872e-02
1.261000000000000000e+03 2.330346999999999974e-02
1.267000000000000000e+03 2.342481000000000077e-02
1.273000000000000000e+03 2.347364000000000048e-02
1.278000000000000000e+03 2.328150000000000011e-02
1.284000000000000000e+03 2.328271999999999980e-02
1.290000000000000000e+03 2.335595999999999853e-02
1.296000000000000000e+03 2.322509999999999852e-02
1.302000000000000000e+03 2.327759000000000078e-02
1.307000000000000000e+03 2.290429999999999897e-02
1.313000000000000000e+03 2.287232000000000154e-02
1.319000000000000000e+03 2.293115999999999904e-02
1.325000000000000000e+03 2.291137999999999855e-02
1.331000000000000000e+03 2.312646999999999967e-02
1.337000000000000000e+03 2.345629999999999937e-02
1.342000000000000000e+03 2.373754999999999962e-02
1.348000000000000000e+03 2.443897000000000083e-02
1.354000000000000000e+03 2.554444000000000159e-02
1.360000000000000000e+03 2.636671000000000153e-02
1.366000000000000000e+03 2.729395000000000085e-02
1.371000000000000000e+03 2.832544000000000034e-02
1.377000000000000000e+03 2.951002000000000139e-02
1.383000000000000000e+03 3.121826999999999935e-02
1.389000000000000000e+03 3.237182999999999727e-02
1.395000000000000000e+03 3.371094000000000174e-02
1.401000000000000000e+03 3.508423000000000097e-02
1.406000000000000000e+03 3.628173999999999982e-02
1.412000000000000000e+03 3.741871000000000086e-02
1.418000000000000000e+03 3.862720000000000042e-02
1.424000000000000000e+03 3.956567999999999891e-02
1.430000000000000000e+03 4.051197000000000131e-02
1.435000000000000000e+03 4.125878999999999658e-02
1.441000000000000000e+03 4.199657999999999863e-02
1.447000000000000000e+03 4.264429000000000136e-02
1.453000000000000000e+03 4.334936999999999818e-02
1.459000000000000000e+03 4.408325999999999911e-02
1.464000000000000000e+03 4.481202000000000102e-02
1.470000000000000000e+03 4.515087999999999741e-02
1.476000000000000000e+03 4.545654999999999835e-02
1.482000000000000000e+03 4.638892000000000015e-02
1.488000000000000000e+03 4.693457999999999658e-02
1.494000000000000000e+03 4.757936000000000110e-02
1.499000000000000000e+03 4.780054999999999721e-02
1.505000000000000000e+03 4.792993999999999727e-02
1.511000000000000000e+03 4.875733000000000150e-02
1.517000000000000000e+03 4.941529000000000060e-02
1.523000000000000000e+03 4.983984999999999804e-02
1.528000000000000000e+03 4.998219000000000273e-02
1.534000000000000000e+03 5.014186000000000337e-02
1.540000000000000000e+03 5.086621999999999671e-02
1.546000000000000000e+03 5.164673999999999654e-02
1.552000000000000000e+03 5.191773999999999695e-02
1.557000000000000000e+03 5.212354999999999766e-02
1.563000000000000000e+03 5.230566999999999855e-02
1.569000000000000000e+03 5.286572999999999967e-02
1.575000000000000000e+03 5.347388000000000141e-02
1.581000000000000000e+03 5.382325000000000303e-02
1.587000000000000000e+03 5.380835999999999952e-02
1.592000000000000000e+03 5.431543999999999955e-02
1.598000000000000000e+03 5.492359000000000130e-02
1.604000000000000000e+03 5.560352999999999823e-02
1.610000000000000000e+03 5.583521000000000317e-02
1.616000000000000000e+03 5.593432999999999738e-02
1.621000000000000000e+03 5.666138999999999898e-02
1.627000000000000000e+03 5.713796000000000153e-02
1.633000000000000000e+03 5.750440999999999886e-02
1.639000000000000000e+03 5.781055000000000221e-02
1.645000000000000000e+03 5.822804000000000174e-02
1.650000000000000000e+03 5.897169000000000022e-02
1.656000000000000000e+03 5.973095999999999961e-02
1.662000000000000000e+03 6.020070000000000282e-02
1.668000000000000000e+03 6.018823999999999702e-02
1.674000000000000000e+03 6.075392000000000292e-02
1.680000000000000000e+03 6.144898000000000027e-02
1.685000000000000000e+03 6.223390000000000172e-02
1.691000000000000000e+03 6.249561000000000005e-02
1.697000000000000000e+03 6.249073000000000128e-02
1.703000000000000000e+03 6.306593000000000615e-02
1.709000000000000000e+03 6.389649000000000023e-02
1.714000000000000000e+03 6.458448999999999440e-02
1.720000000000000000e+03 6.488647999999999638e-02
1.726000000000000000e+03 6.482032000000000072e-02
1.732000000000000000e+03 6.542773999999999812e-02
1.738000000000000000e+03 6.638307000000000235e-02
1.744000000000000000e+03 6.682277000000000355e-02
1.749000000000000000e+03 6.716089999999999560e-02
1.755000000000000000e+03 6.719653999999999905e-02
1.761000000000000000e+03 6.767262000000000277e-02
1.767000000000000000e+03 6.865308000000000521e-02
1.773000000000000000e+03 6.921022000000000285e-02
1.778000000000000000e+03 6.926369000000000276e-02
1.784000000000000000e+03 6.948461999999999694e-02
1.790000000000000000e+03 7.020239999999999814e-02
1.796000000000000000e+03 7.103932000000000302e-02
1.802000000000000000e+03 7.162672000000000483e-02
1.807000000000000000e+03 7.159522999999999582e-02
1.813000000000000000e+03 7.193750999999999618e-02
1.819000000000000000e+03 7.248707000000000067e-02
1.825000000000000000e+03 7.320777000000000534e-02
1.831000000000000000e+03 7.390333000000000319e-02
1.837000000000000000e+03 7.408082000000000555e-02
1.842000000000000000e+03 7.458913000000000348e-02
1.848000000000000000e+03 7.554347000000000145e-02
1.854000000000000000e+03 7.617872000000000532e-02
1.860000000000000000e+03 7.654420000000000668e-02
1.866000000000000000e+03 7.698976000000000430e-02
1.871000000000000000e+03 7.772022000000000652e-02
1.877000000000000000e+03 7.871168000000000609e-02
1.883000000000000000e+03 7.949683999999999917e-02
1.889000000000000000e+03 7.961719999999999908e-02
1.895000000000000000e+03 8.005639999999999978e-02
1.900000000000000000e+03 8.095264000000000626e-02
1.906000000000000000e+03 8.182179000000000535e-02
1.912000000000000000e+03 8.261256000000000155e-02
1.918000000000000000e+03 8.271631999999999596e-02
1.924000000000000000e+03 8.317188999999999832e-02
1.930000000000000000e+03 8.428248000000000684e-02
1.935000000000000000e+03 8.520508999999999722e-02
1.941000000000000000e+03 8.613503000000000132e-02
1.947000000000000000e+03 8.608375999999999528e-02
1.953000000000000000e+03 8.649390999999999330e-02
1.959000000000000000e+03 8.743726999999999749e-02
1.964000000000000000e+03 8.851343999999999879e-02
1.970000000000000000e+03 8.908863000000000198e-02
1.976000000000000000e+03 8.927417999999999465e-02
1.982000000000000000e+03 8.955177000000000276e-02
1.988000000000000000e+03 9.062940999999999359e-02
1.993000000000000000e+03 9.192554000000000003e-02
1.999000000000000000e+03 9.239650000000000640e-02
2.005000000000000000e+03 9.253150999999999737e-02
2.011000000000000000e+03 9.312330000000000607e-02
2.017000000000000000e+03 9.431179000000000645e-02
2.023000000000000000e+03 9.537624000000000102e-02
2.028000000000000000e+03 9.584085000000000520e-02
2.034000000000000000e+03 9.618873999999999480e-02
2.040000000000000000e+03 9.698927000000000243e-02
2.046000000000000000e+03 9.817726000000000230e-02
2.052000000000000000e+03 9.937867999999999702e-02
2.057000000000000000e+03 1.000989000000000045e-01
2.063000000000000000e+03 1.003920999999999980e-01
2.069000000000000000e+03 1.016796999999999979e-01
2.075000000000000000e+03 1.027441999999999939e-01
2.081000000000000000e+03 1.034898000000000068e-01
2.087000000000000000e+03 1.037306999999999951e-01
2.092000000000000000e+03 1.042621999999999993e-01
2.098000000000000000e+03 1.053097999999999951e-01
2.104000000000000000e+03 1.065315000000000012e-01
2.110000000000000000e+03 1.071640999999999982e-01
2.116000000000000000e+03 1.072411999999999949e-01
2.121000000000000000e+03 1.082029000000000046e-01
2.127000000000000000e+03 1.095114999999999977e-01
2.133000000000000000e+03 1.104990000000000000e-01
2.139000000000000000e+03 1.113047000000000064e-01
2.145000000000000000e+03 1.110420000000000018e-01
2.150000000000000000e+03 1.120830000000000021e-01
2.156000000000000000e+03 1.135401000000000049e-01
2.162000000000000000e+03 1.146869999999999973e-01
2.168000000000000000e+03 1.151819000000000037e-01
2.174000000000000000e+03 1.151433000000000040e-01
2.180000000000000000e+03 1.161420999999999981e-01
2.185000000000000000e+03 1.176830999999999988e-01
2.191000000000000000e+03 1.186504000000000031e-01
2.197000000000000000e+03 1.191485000000000044e-01
2.203000000000000000e+03 1.192402999999999935e-01
2.209000000000000000e+03 1.202013999999999999e-01
2.214000000000000000e+03 1.216753000000000001e-01
2.220000000000000000e+03 1.226952999999999933e-01
2.226000000000000000e+03 1.229980999999999991e-01
2.232000000000000000e+03 1.232071000000000000e-01
2.238000000000000000e+03 1.243987000000000009e-01
2.243000000000000000e+03 1.257898000000000072e-01
2.249000000000000000e+03 1.270585999999999938e-01
2.255000000000000000e+03 1.271374999999999866e-01
2.261000000000000000e+03 1.277707999999999899e-01
2.267000000000000000e+03 1.291563000000000017e-01
2.273000000000000000e+03 1.303141999999999912e-01
2.278000000000000000e+03 1.311035000000000117e-01
2.284000000000000000e+03 1.310620000000000118e-01
2.290000000000000000e+03 1.319572999999999996e-01
2.296000000000000000e+03 1.334548999999999874e-01
2.302000000000000000e+03 1.345524999999999916e-01
2.307000000000000000e+03 1.351350000000000051e-01
2.313000000000000000e+03 1.352253999999999956e-01
2.319000000000000000e+03 1.360417999999999905e-01
2.325000000000000000e+03 1.372691000000000050e-01
2.331000000000000000e+03 1.381995000000000029e-01
2.336000000000000000e+03 1.381056999999999979e-01
2.342000000000000000e+03 1.381120999999999877e-01
2.348000000000000000e+03 1.388774999999999871e-01
2.354000000000000000e+03 1.401247999999999938e-01
2.360000000000000000e+03 1.412959000000000021e-01
2.366000000000000000e+03 1.411005999999999927e-01
2.371000000000000000e+03 1.407375999999999905e-01
2.377000000000000000e+03 1.418571999999999889e-01
2.383000000000000000e+03 1.428696999999999884e-01
2.389000000000000000e+03 1.432445999999999997e-01
2.395000000000000000e+03 1.424322000000000088e-01
2.400000000000000000e+03 1.423737999999999948e-01
2.406000000000000000e+03 1.432527000000000106e-01
2.412000000000000000e+03 1.438583999999999974e-01
2.418000000000000000e+03 1.439756000000000091e-01
2.424000000000000000e+03 1.432780999999999916e-01
2.430000000000000000e+03 1.429680000000000117e-01
2.435000000000000000e+03 1.432577999999999907e-01
2.441000000000000000e+03 1.438425999999999871e-01
2.447000000000000000e+03 1.432384999999999908e-01
2.453000000000000000e+03 1.422644000000000131e-01
2.459000000000000000e+03 1.414776000000000089e-01
2.464000000000000000e+03 1.416061999999999876e-01
2.470000000000000000e+03 1.412312000000000012e-01
2.476000000000000000e+03 1.397731999999999863e-01
2.482000000000000000e+03 1.383476999999999901e-01
2.488000000000000000e+03 1.376436000000000048e-01
2.493000000000000000e+03 1.372364000000000084e-01
2.499000000000000000e+03 1.364521999999999957e-01
2.505000000000000000e+03 1.341703999999999952e-01
2.511000000000000000e+03 1.322954000000000074e-01
2.517000000000000000e+03 1.314065000000000094e-01
2.523000000000000000e+03 1.304628999999999928e-01
2.528000000000000000e+03 1.291739000000000082e-01
2.534000000000000000e+03 1.269120999999999999e-01
2.540000000000000000e+03 1.242140999999999940e-01
2.546000000000000000e+03 1.230263999999999941e-01
2.552000000000000000e+03 1.225900999999999935e-01
2.557000000000000000e+03 1.219145999999999980e-01
2.563000000000000000e+03 1.207577999999999985e-01
2.569000000000000000e+03 1.206760999999999945e-01
2.575000000000000000e+03 1.216773000000000021e-01
2.581000000000000000e+03 1.230301000000000033e-01
2.586000000000000000e+03 1.237643999999999966e-01
2.592000000000000000e+03 1.239245999999999959e-01
2.598000000000000000e+03 1.248193999999999970e-01
2.604000000000000000e+03 1.261980000000000046e-01
2.610000000000000000e+03 1.273291000000000006e-01
2.616000000000000000e+03 1.279357999999999884e-01
2.621000000000000000e+03 1.279736999999999958e-01
2.627000000000000000e+03 1.289092000000000016e-01
2.633000000000000000e+03 1.303007999999999944e-01
2.639000000000000000e+03 1.311350000000000016e-01
2.645000000000000000e+03 1.313139999999999863e-01
2.650000000000000000e+03 1.311631000000000047e-01
2.656000000000000000e+03 1.317775999999999947e-01
2.662000000000000000e+03 1.329616999999999882e-01
2.668000000000000000e+03 1.338418000000000108e-01
2.674000000000000000e+03 1.337148999999999976e-01
2.679000000000000000e+03 1.336092000000000113e-01
2.685000000000000000e+03 1.342467999999999995e-01
2.691000000000000000e+03 1.353959999999999886e-01
2.697000000000000000e+03 1.359553000000000011e-01
2.703000000000000000e+03 1.359047999999999923e-01
2.709000000000000000e+03 1.358410999999999924e-01
2.714000000000000000e+03 1.366323000000000121e-01
2.720000000000000000e+03 1.375093000000000010e-01
2.726000000000000000e+03 1.379749000000000114e-01
2.732000000000000000e+03 1.375857000000000052e-01
2.738000000000000000e+03 1.379985999999999990e-01
2.743000000000000000e+03 1.390547000000000033e-01
2.749000000000000000e+03 1.397219000000000100e-01
2.755000000000000000e+03 1.396410999999999902e-01
2.761000000000000000e+03 1.395664000000000071e-01
2.767000000000000000e+03 1.400368999999999919e-01
2.773000000000000000e+03 1.408802000000000110e-01
2.778000000000000000e+03 1.410115000000000118e-01
2.784000000000000000e+03 1.411765000000000103e-01
2.790000000000000000e+03 1.410976999999999926e-01
2.796000000000000000e+03 1.415368999999999933e-01
2.802000000000000000e+03 1.425466999999999984e-01
2.807000000000000000e+03 1.431184000000000067e-01
2.813000000000000000e+03 1.426662999999999959e-01
2.819000000000000000e+03 1.426332999999999906e-01
2.825000000000000000e+03 1.434331000000000078e-01
2.831000000000000000e+03 1.442878999999999967e-01
2.836000000000000000e+03 1.446225999999999901e-01
2.842000000000000000e+03 1.440269000000000132e-01
2.848000000000000000e+03 1.438801000000000108e-01
2.854000000000000000e+03 1.449670999999999876e-01
2.860000000000000000e+03 1.457646999999999970e-01
2.866000000000000000e+03 1.458191000000000070e-01
2.871000000000000000e+03 1.451958000000000137e-01
2.877000000000000000e+03 1.457172999999999941e-01
2.883000000000000000e+03 1.466786999999999952e-01
2.889000000000000000e+03 1.474382999999999944e-01
2.895000000000000000e+03 1.474339000000000066e-01
2.900000000000000000e+03 1.471145000000000092e-01
2.906000000000000000e+03 1.472224000000000033e-01
2.912000000000000000e+03 1.476365000000000038e-01
2.918000000000000000e+03 1.482844000000000106e-01
2.924000000000000000e+03 1.479012000000000104e-01
2.929000000000000000e+03 1.474173000000000011e-01
2.935000000000000000e+03 1.478230000000000099e-01
2.941000000000000000e+03 1.481457999999999942e-01
2.947000000000000000e+03 1.484748999999999930e-01
2.953000000000000000e+03 1.481040000000000134e-01
2.959000000000000000e+03 1.477111999999999870e-01
2.964000000000000000e+03 1.483596000000000081e-01
2.970000000000000000e+03 1.490368999999999999e-01
2.976000000000000000e+03 1.490715999999999986e-01
2.982000000000000000e+03 1.484077000000000035e-01
2.988000000000000000e+03 1.479231000000000018e-01
2.993000000000000000e+03 1.487905999999999951e-01
2.999000000000000000e+03 1.496096000000000092e-01
3.005000000000000000e+03 1.494775999999999883e-01
3.011000000000000000e+03 1.489522000000000068e-01
3.017000000000000000e+03 1.490025000000000099e-01
3.022000000000000000e+03 1.496650999999999954e-01
3.028000000000000000e+03 1.502162999999999971e-01
3.034000000000000000e+03 1.499518999999999991e-01
3.040000000000000000e+03 1.488813999999999971e-01
3.046000000000000000e+03 1.489629000000000092e-01
3.052000000000000000e+03 1.494132999999999989e-01
3.057000000000000000e+03 1.498549999999999882e-01
3.063000000000000000e+03 1.494746000000000130e-01
3.069000000000000000e+03 1.485895999999999884e-01
3.075000000000000000e+03 1.489224000000000103e-01
3.081000000000000000e+03 1.495032000000000028e-01
3.086000000000000000e+03 1.498565000000000036e-01
3.092000000000000000e+03 1.491996999999999907e-01
3.098000000000000000e+03 1.482519999999999949e-01
3.104000000000000000e+03 1.490315000000000112e-01
3.110000000000000000e+03 1.496979999999999977e-01
3.116000000000000000e+03 1.496486999999999956e-01
3.121000000000000000e+03 1.489557999999999993e-01
3.127000000000000000e+03 1.486657999999999868e-01
3.133000000000000000e+03 1.485790999999999917e-01
3.139000000000000000e+03 1.494689999999999908e-01
3.145000000000000000e+03 1.493074000000000068e-01
3.150000000000000000e+03 1.482653999999999916e-01
3.156000000000000000e+03 1.482499999999999929e-01
3.162000000000000000e+03 1.485293000000000030e-01
3.168000000000000000e+03 1.487375999999999976e-01
3.174000000000000000e+03 1.484697000000000100e-01
3.179000000000000000e+03 1.475522999999999973e-01
3.185000000000000000e+03 1.476774999999999893e-01
3.191000000000000000e+03 1.483230000000000104e-01
3.197000000000000000e+03 1.486860999999999877e-01
3.203000000000000000e+03 1.479692999999999981e-01
3.209000000000000000e+03 1.469580000000000053e-01
3.214000000000000000e+03 1.470590999999999982e-01
3.220000000000000000e+03 1.476310999999999873e-01
3.226000000000000000e+03 1.474578000000000000e-01
3.232000000000000000e+03 1.466681999999999986e-01
3.238000000000000000e+03 1.461928999999999867e-01
3.243000000000000000e+03 1.460479000000000083e-01
3.249000000000000000e+03 1.466851000000000127e-01
3.255000000000000000e+03 1.469179999999999930e-01
3.261000000000000000e+03 1.455740000000000089e-01
3.267000000000000000e+03 1.452158000000000060e-01
3.272000000000000000e+03 1.457665999999999962e-01
3.278000000000000000e+03 1.458797000000000010e-01
3.284000000000000000e+03 1.454900000000000082e-01
3.290000000000000000e+03 1.445095000000000129e-01
3.296000000000000000e+03 1.441340999999999872e-01
3.302000000000000000e+03 1.442383000000000137e-01
3.307000000000000000e+03 1.441697000000000117e-01
3.313000000000000000e+03 1.436870000000000092e-01
3.319000000000000000e+03 1.428316000000000030e-01
3.325000000000000000e+03 1.424548999999999954e-01
3.331000000000000000e+03 1.431613999999999942e-01
3.336000000000000000e+03 1.431515999999999900e-01
3.342000000000000000e+03 1.421822000000000086e-01
3.348000000000000000e+03 1.412708000000000019e-01
3.354000000000000000e+03 1.412851999999999997e-01
3.360000000000000000e+03 1.416001000000000065e-01
3.365000000000000000e+03 1.415393000000000068e-01
3.371000000000000000e+03 1.405668999999999946e-01
3.377000000000000000e+03 1.397007000000000110e-01
3.383000000000000000e+03 1.397983999999999893e-01
3.389000000000000000e+03 1.399285000000000112e-01
3.395000000000000000e+03 1.398079000000000127e-01
3.400000000000000000e+03 1.387605000000000088e-01
3.406000000000000000e+03 1.377860999999999947e-01
3.412000000000000000e+03 1.379883000000000082e-01
3.418000000000000000e+03 1.381564999999999876e-01
3.424000000000000000e+03 1.379511999999999960e-01
3.429000000000000000e+03 1.368373999999999979e-01
3.435000000000000000e+03 1.359138000000000013e-01
3.441000000000000000e+03 1.362327000000000121e-01
3.447000000000000000e+03 1.363700999999999941e-01
3.453000000000000000e+03 1.354949000000000014e-01
3.459000000000000000e+03 1.345139999999999947e-01
3.464000000000000000e+03 1.340883999999999965e-01
3.470000000000000000e+03 1.344079999999999997e-01
3.476000000000000000e+03 1.345557000000000003e-01
3.482000000000000000e+03 1.337576000000000043e-01
3.488000000000000000e+03 1.322939999999999949e-01
3.493000000000000000e+03 1.322771000000000086e-01
3.499000000000000000e+03 1.322851999999999917e-01
3.505000000000000000e+03 1.318922999999999901e-01
3.511000000000000000e+03 1.310634999999999994e-01
3.517000000000000000e+03 1.300752000000000019e-01
3.522000000000000000e+03 1.299003999999999992e-01
3.528000000000000000e+03 1.301095999999999919e-01
3.534000000000000000e+03 1.298091000000000106e-01
3.540000000000000000e+03 1.286594000000000071e-01
3.546000000000000000e+03 1.279343000000000008e-01
3.552000000000000000e+03 1.282128999999999908e-01
3.557000000000000000e+03 1.283909000000000022e-01
3.563000000000000000e+03 1.278000999999999998e-01
3.569000000000000000e+03 1.264784999999999937e-01
3.575000000000000000e+03 1.260209999999999941e-01
3.581000000000000000e+03 1.259509000000000045e-01
3.586000000000000000e+03 1.260264000000000106e-01
3.592000000000000000e+03 1.252500000000000002e-01
3.598000000000000000e+03 1.241205999999999976e-01
3.604000000000000000e+03 1.235036999999999940e-01
3.610000000000000000e+03 1.234973000000000043e-01
3.615000000000000000e+03 1.233503999999999989e-01
3.621000000000000000e+03 1.225756999999999958e-01
3.627000000000000000e+03 1.211311000000000054e-01
3.633000000000000000e+03 1.208642999999999940e-01
3.639000000000000000e+03 1.210134999999999961e-01
3.645000000000000000e+03 1.204106999999999955e-01
3.650000000000000000e+03 1.195346999999999937e-01
3.656000000000000000e+03 1.185191000000000022e-01
3.662000000000000000e+03 1.183313000000000004e-01
3.668000000000000000e+03 1.186499000000000026e-01
3.674000000000000000e+03 1.180048999999999959e-01
3.679000000000000000e+03 1.166934000000000027e-01
3.685000000000000000e+03 1.158391000000000004e-01
3.691000000000000000e+03 1.154903000000000041e-01
3.697000000000000000e+03 1.154627000000000014e-01
3.703000000000000000e+03 1.148732999999999976e-01
3.708000000000000000e+03 1.134204000000000045e-01
3.714000000000000000e+03 1.125702999999999981e-01
3.720000000000000000e+03 1.126428000000000013e-01
3.726000000000000000e+03 1.125357000000000024e-01
3.732000000000000000e+03 1.118872000000000061e-01
3.738000000000000000e+03 1.103796999999999973e-01
3.743000000000000000e+03 1.100908000000000025e-01
3.749000000000000000e+03 1.099062999999999984e-01
3.755000000000000000e+03 1.094511999999999985e-01
3.761000000000000000e+03 1.086437999999999987e-01
3.767000000000000000e+03 1.076259999999999994e-01
3.772000000000000000e+03 1.068496000000000029e-01
3.778000000000000000e+03 1.070360999999999951e-01
3.784000000000000000e+03 1.065912999999999999e-01
3.790000000000000000e+03 1.052791000000000005e-01
3.796000000000000000e+03 1.043136999999999953e-01
3.802000000000000000e+03 1.039756000000000014e-01
3.807000000000000000e+03 1.039534000000000014e-01
3.813000000000000000e+03 1.035176000000000013e-01
3.819000000000000000e+03 1.020405000000000062e-01
3.825000000000000000e+03 1.011992000000000030e-01
3.831000000000000000e+03 1.011796999999999974e-01
3.836000000000000000e+03 1.011384000000000033e-01
3.842000000000000000e+03 1.006647999999999987e-01
3.848000000000000000e+03 9.931520000000000625e-02
3.854000000000000000e+03 9.859864999999999602e-02
3.860000000000000000e+03 9.865308999999999884e-02
3.865000000000000000e+03 9.833181000000000560e-02
3.871000000000000000e+03 9.770924999999999749e-02
3.877000000000000000e+03 9.655739000000000682e-02
3.883000000000000000e+03 9.570265999999999496e-02
3.889000000000000000e+03 9.559523999999999799e-02
3.895000000000000000e+03 9.558474000000000137e-02
3.900000000000000000e+03 9.467530999999999863e-02
3.906000000000000000e+03 9.367677000000000642e-02
3.912000000000000000e+03 9.289430999999999383e-02
3.918000000000000000e+03 9.275123999999999869e-02
3.924000000000000000e+03 9.244653999999999372e-02
3.929000000000000000e+03 9.151294999999999569e-02
3.935000000000000000e+03 9.051562999999999970e-02
3.941000000000000000e+03 9.025049999999999739e-02
3.947000000000000000e+03 8.992334999999999912e-02
3.953000000000000000e+03 8.943165000000000142e-02
3.958000000000000000e+03 8.815747999999999640e-02
3.964000000000000000e+03 8.757106000000000612e-02
3.970000000000000000e+03 8.743115999999999388e-02
3.976000000000000000e+03 8.692188000000000692e-02
3.982000000000000000e+03 8.616993000000000569e-02
3.988000000000000000e+03 8.517676000000000414e-02
3.993000000000000000e+03 8.435523999999999800e-02
3.999000000000000000e+03 8.418287000000000686e-02
4.005000000000000000e+03 8.396802999999999906e-02
4.011000000000000000e+03 8.278981000000000534e-02
4.017000000000000000e+03 8.188233000000000317e-02
4.022000000000000000e+03 8.163088000000000288e-02
4.028000000000000000e+03 8.133081999999999812e-02
4.034000000000000000e+03 8.087867999999999447e-02
4.040000000000000000e+03 7.981739000000000195e-02
4.046000000000000000e+03 7.876466999999999496e-02
4.051000000000000000e+03 7.828248000000000151e-02
4.057000000000000000e+03 7.822877000000000303e-02
4.063000000000000000e+03 7.764674000000000575e-02
4.069000000000000000e+03 7.664258000000000182e-02
4.075000000000000000e+03 7.541992999999999614e-02
4.081000000000000000e+03 7.523024000000000377e-02
4.086000000000000000e+03 7.505713999999999442e-02
4.092000000000000000e+03 7.430372000000000365e-02
4.098000000000000000e+03 7.336133999999999711e-02
4.104000000000000000e+03 7.247779000000000027e-02
4.110000000000000000e+03 7.211671000000000054e-02
4.115000000000000000e+03 7.185426000000000313e-02
4.121000000000000000e+03 7.117603999999999598e-02
4.127000000000000000e+03 7.010792999999999886e-02
4.133000000000000000e+03 6.972999000000000558e-02
4.139000000000000000e+03 6.900879999999999515e-02
4.145000000000000000e+03 6.881226999999999483e-02
4.150000000000000000e+03 6.825512999999999719e-02
4.156000000000000000e+03 6.723242999999999581e-02
4.162000000000000000e+03 6.675952999999999748e-02
4.168000000000000000e+03 6.636817000000000411e-02
4.174000000000000000e+03 6.590113000000000221e-02
4.179000000000000000e+03 6.503053000000000305e-02
4.185000000000000000e+03 6.409326999999999386e-02
4.191000000000000000e+03 6.376147999999999538e-02
4.197000000000000000e+03 6.359009999999999663e-02
4.203000000000000000e+03 6.283911999999999831e-02
4.208000000000000000e+03 6.191309999999999869e-02
4.214000000000000000e+03 6.135695000000000038e-02
4.220000000000000000e+03 6.098682999999999882e-02
4.226000000000000000e+03 6.085816000000000142e-02
4.232000000000000000e+03 6.009376000000000301e-02
4.238000000000000000e+03 5.896876000000000201e-02
4.243000000000000000e+03 5.838356000000000101e-02
4.249000000000000000e+03 5.823512000000000133e-02
4.255000000000000000e+03 5.790431000000000050e-02
4.261000000000000000e+03 5.714307999999999887e-02
4.267000000000000000e+03 5.594752000000000058e-02
4.272000000000000000e+03 5.538428000000000101e-02
4.278000000000000000e+03 5.524414999999999881e-02
4.284000000000000000e+03 5.474194999999999756e-02
4.290000000000000000e+03 5.408985999999999655e-02
4.296000000000000000e+03 5.324780999999999959e-02
4.301000000000000000e+03 5.269897999999999944e-02
4.307000000000000000e+03 5.240431000000000256e-02
4.313000000000000000e+03 5.202734999999999999e-02
4.319000000000000000e+03 5.108520999999999895e-02
4.325000000000000000e+03 5.032789000000000013e-02
4.331000000000000000e+03 4.973853000000000302e-02
4.336000000000000000e+03 4.950318000000000079e-02
4.342000000000000000e+03 4.918360000000000093e-02
4.348000000000000000e+03 4.813330999999999860e-02
4.354000000000000000e+03 4.772657000000000288e-02
4.360000000000000000e+03 4.741114999999999913e-02
4.365000000000000000e+03 4.690430999999999767e-02
4.371000000000000000e+03 4.623217999999999772e-02
4.377000000000000000e+03 4.548340000000000022e-02
4.383000000000000000e+03 4.485839999999999966e-02
4.389000000000000000e+03 4.457446999999999798e-02
4.394000000000000000e+03 4.382348999999999967e-02
4.400000000000000000e+03 4.331250999999999851e-02
4.406000000000000000e+03 4.264844000000000274e-02
4.412000000000000000e+03 4.223658000000000273e-02
4.418000000000000000e+03 4.189161000000000273e-02
4.424000000000000000e+03 4.138941000000000148e-02
4.429000000000000000e+03 4.070019999999999888e-02
4.435000000000000000e+03 4.013574999999999782e-02
4.441000000000000000e+03 3.983666999999999764e-02
4.447000000000000000e+03 3.958570000000000144e-02
4.453000000000000000e+03 3.918579999999999980e-02
4.458000000000000000e+03 3.826903999999999723e-02
4.464000000000000000e+03 3.771337999999999774e-02
4.470000000000000000e+03 3.761132999999999837e-02
4.476000000000000000e+03 3.719433999999999935e-02
4.482000000000000000e+03 3.672241999999999867e-02
4.488000000000000000e+03 3.609400000000000108e-02
4.493000000000000000e+03 3.540577000000000307e-02
4.499000000000000000e+03 3.526905000000000318e-02
4.505000000000000000e+03 3.494337000000000137e-02
4.511000000000000000e+03 3.447535000000000183e-02
4.517000000000000000e+03 3.387182999999999861e-02
4.522000000000000000e+03 3.318506000000000233e-02
4.528000000000000000e+03 3.299951999999999747e-02
4.534000000000000000e+03 3.280249999999999833e-02
4.540000000000000000e+03 3.220752000000000337e-02
4.546000000000000000e+03 3.174097000000000030e-02
4.551000000000000000e+03 3.132959999999999912e-02
4.557000000000000000e+03 3.094995000000000038e-02
4.563000000000000000e+03 3.070727999999999999e-02
4.569000000000000000e+03 3.024316999999999978e-02
4.575000000000000000e+03 2.954468999999999845e-02
4.581000000000000000e+03 2.933082000000000050e-02
4.586000000000000000e+03 2.890674999999999842e-02
4.592000000000000000e+03 2.847803000000000140e-02
4.598000000000000000e+03 2.824267999999999917e-02
4.604000000000000000e+03 2.777198000000000166e-02
4.610000000000000000e+03 2.741943999999999979e-02
4.615000000000000000e+03 2.708032999999999968e-02
4.621000000000000000e+03 2.657177999999999971e-02
4.627000000000000000e+03 2.607129000000000044e-02
4.633000000000000000e+03 2.555079000000000031e-02
4.639000000000000000e+03 2.513403999999999985e-02
4.644000000000000000e+03 2.493189000000000169e-02
4.650000000000000000e+03 2.418212999999999960e-02
4.656000000000000000e+03 2.372070999999999902e-02
4.662000000000000000e+03 2.355590999999999935e-02
4.668000000000000000e+03 2.304296999999999943e-02
4.674000000000000000e+03 2.262524999999999953e-02
4.679000000000000000e+03 2.227611999999999995e-02
4.685000000000000000e+03 2.170947999999999975e-02
4.691000000000000000e+03 2.129980999999999888e-02
4.697000000000000000e+03 2.105053999999999953e-02
4.703000000000000000e+03 2.075586000000000098e-02
4.708000000000000000e+03 2.034740999999999980e-02
4.714000000000000000e+03 1.973876999999999923e-02
4.720000000000000000e+03 1.943115999999999940e-02
4.726000000000000000e+03 1.931567999999999827e-02
4.732000000000000000e+03 1.884643999999999903e-02
4.737000000000000000e+03 1.860401000000000069e-02
4.743000000000000000e+03 1.817260999999999876e-02
4.749000000000000000e+03 1.781421000000000046e-02
4.755000000000000000e+03 1.747071000000000041e-02
4.761000000000000000e+03 1.719067999999999985e-02
4.767000000000000000e+03 1.690699000000000021e-02
4.772000000000000000e+03 1.655225000000000099e-02
4.778000000000000000e+03 1.614917000000000089e-02
4.784000000000000000e+03 1.580445000000000114e-02
4.790000000000000000e+03 1.571557999999999983e-02
4.796000000000000000e+03 1.523145000000000054e-02
4.801000000000000000e+03 1.512670999999999981e-02
4.807000000000000000e+03 1.488110999999999948e-02
4.813000000000000000e+03 1.443848000000000006e-02
4.819000000000000000e+03 1.420362000000000013e-02
4.825000000000000000e+03 1.386768000000000028e-02
4.831000000000000000e+03 1.374732000000000037e-02
4.836000000000000000e+03 1.350049000000000041e-02
4.842000000000000000e+03 1.319263000000000033e-02
4.848000000000000000e+03 1.277808000000000069e-02
4.854000000000000000e+03 1.262987999999999958e-02
4.860000000000000000e+03 1.234179999999999999e-02
4.865000000000000000e+03 1.211011000000000032e-02
4.871000000000000000e+03 1.184839000000000031e-02
4.877000000000000000e+03 1.146167000000000019e-02
4.883000000000000000e+03 1.140259000000000064e-02
4.889000000000000000e+03 1.126220999999999993e-02
4.894000000000000000e+03 1.095508000000000072e-02
4.900000000000000000e+03 1.073266999999999971e-02
4.906000000000000000e+03 1.050147000000000060e-02
4.912000000000000000e+03 1.026733999999999980e-02
4.918000000000000000e+03 1.019115999999999946e-02
4.924000000000000000e+03 9.909914000000000570e-03
4.929000000000000000e+03 9.747314999999999452e-03
4.935000000000000000e+03 9.599854999999999153e-03
4.941000000000000000e+03 9.243654000000000454e-03
4.947000000000000000e+03 9.141602999999999882e-03
4.953000000000000000e+03 9.037599000000000327e-03
4.958000000000000000e+03 8.770264999999999311e-03
4.964000000000000000e+03 8.615479000000000540e-03
4.970000000000000000e+03 8.461915000000000409e-03
4.976000000000000000e+03 8.179443999999999257e-03
4.982000000000000000e+03 8.129640000000000477e-03
4.987000000000000000e+03 7.764161000000000326e-03
4.993000000000000000e+03 7.708496999999999919e-03
4.999000000000000000e+03 7.686524999999999608e-03
5.005000000000000000e+03 7.462891999999999616e-03
5.011000000000000000e+03 7.277833000000000045e-03
5.017000000000000000e+03 7.074707999999999865e-03
5.022000000000000000e+03 6.919190999999999883e-03
5.028000000000000000e+03 6.790771999999999607e-03
5.034000000000000000e+03 6.564941999999999826e-03
5.040000000000000000e+03 6.375732999999999748e-03
5.046000000000000000e+03 6.392580000000000137e-03
5.051000000000000000e+03 6.111084999999999608e-03
5.057000000000000000e+03 6.119630000000000035e-03
5.063000000000000000e+03 6.033448999999999757e-03
5.069000000000000000e+03 5.887696999999999896e-03
5.075000000000000000e+03 5.759766000000000365e-03
5.080000000000000000e+03 5.699952000000000317e-03
5.086000000000000000e+03 5.449708000000000156e-03
5.092000000000000000e+03 5.404298000000000088e-03
5.098000000000000000e+03 5.051757999999999943e-03
5.104000000000000000e+03 4.998780000000000411e-03
5.110000000000000000e+03 4.956788000000000166e-03
5.115000000000000000e+03 4.878907000000000035e-03
5.121000000000000000e+03 4.796143000000000108e-03
5.127000000000000000e+03 4.872559000000000265e-03
5.133000000000000000e+03 4.674316999999999882e-03
5.139000000000000000e+03 4.575440000000000063e-03
5.144000000000000000e+03 4.462891000000000080e-03
5.150000000000000000e+03 4.368897000000000058e-03
5.156000000000000000e+03 4.384767000000000352e-03
5.162000000000000000e+03 4.280518999999999991e-03
5.168000000000000000e+03 4.111817000000000250e-03
5.174000000000000000e+03 4.010009999999999616e-03
5.179000000000000000e+03 3.892334999999999805e-03
5.185000000000000000e+03 3.744140999999999875e-03
5.191000000000000000e+03 3.590088999999999867e-03
5.197000000000000000e+03 3.345948000000000064e-03
5.203000000000000000e+03 3.265624999999999865e-03
5.208000000000000000e+03 3.025391000000000104e-03
5.214000000000000000e+03 2.744629000000000166e-03
5.220000000000000000e+03 2.716553000000000023e-03
5.226000000000000000e+03 2.410888999999999827e-03
5.232000000000000000e+03 2.347656000000000048e-03
5.237000000000000000e+03 2.547119999999999940e-03
5.243000000000000000e+03 2.436279999999999869e-03
5.249000000000000000e+03 2.392823000000000085e-03
5.255000000000000000e+03 2.507812999999999796e-03
5.261000000000000000e+03 2.368897000000000017e-03
5.267000000000000000e+03 2.256104000000000095e-03
5.272000000000000000e+03 2.187500000000000208e-03
5.278000000000000000e+03 2.094726999999999787e-03
5.284000000000000000e+03 1.959473000000000204e-03
5.290000000000000000e+03 1.712402999999999929e-03
5.296000000000000000e+03 1.678222999999999954e-03
5.301000000000000000e+03 1.704102000000000091e-03
5.307000000000000000e+03 1.698487000000000044e-03
5.313000000000000000e+03 1.679443999999999989e-03
5.319000000000000000e+03 1.680419999999999961e-03
5.325000000000000000e+03 1.695312999999999942e-03
5.330000000000000000e+03 1.741211000000000104e-03
5.336000000000000000e+03 1.786377000000000017e-03
5.342000000000000000e+03 1.717285999999999943e-03
5.348000000000000000e+03 1.816895000000000012e-03
5.354000000000000000e+03 1.713378999999999900e-03
5.360000000000000000e+03 1.699950999999999893e-03
5.365000000000000000e+03 1.687988999999999983e-03
5.371000000000000000e+03 1.714112000000000057e-03
5.377000000000000000e+03 1.675536999999999947e-03
5.383000000000000000e+03 1.673584000000000096e-03
5.389000000000000000e+03 1.672607999999999907e-03
5.394000000000000000e+03 1.673339999999999940e-03
5.400000000000000000e+03 1.699219000000000077e-03
5.406000000000000000e+03 1.694091999999999907e-03
5.412000000000000000e+03 1.688721000000000015e-03
5.418000000000000000e+03 1.683349999999999907e-03
5.423000000000000000e+03 1.666015999999999981e-03
5.429000000000000000e+03 1.692382999999999995e-03
5.435000000000000000e+03 1.667724999999999893e-03
5.441000000000000000e+03 1.679443999999999989e-03
5.447000000000000000e+03 1.663575000000000036e-03
5.453000000000000000e+03 1.684815000000000097e-03
5.458000000000000000e+03 1.691650999999999962e-03
5.464000000000000000e+03 1.682618000000000091e-03
5.470000000000000000e+03 1.637451999999999961e-03
5.476000000000000000e+03 1.666259999999999920e-03
5.482000000000000000e+03 1.674804999999999914e-03
5.487000000000000000e+03 1.662354000000000002e-03
5.493000000000000000e+03 1.690185999999999989e-03
5.499000000000000000e+03 1.672607999999999907e-03
5.505000000000000000e+03 1.648193999999999961e-03
5.511000000000000000e+03 1.646972999999999927e-03
5.517000000000000000e+03 1.679200000000000050e-03
5.522000000000000000e+03 1.647704999999999960e-03
5.528000000000000000e+03 1.690429999999999927e-03
5.534000000000000000e+03 1.692871000000000089e-03
5.540000000000000000e+03 1.673584000000000096e-03
5.546000000000000000e+03 1.684081999999999940e-03
5.551000000000000000e+03 1.659911999999999933e-03
5.557000000000000000e+03 1.677246000000000075e-03
5.563000000000000000e+03 1.679200000000000050e-03
5.569000000000000000e+03 1.652831999999999912e-03
5.575000000000000000e+03 1.689208999999999893e-03
5.580000000000000000e+03 1.670655000000000057e-03
5.586000000000000000e+03 1.663329999999999973e-03
5.592000000000000000e+03 1.679443999999999989e-03
5.598000000000000000e+03 1.664551000000000008e-03
5.604000000000000000e+03 1.660156000000000088e-03
5.610000000000000000e+03 1.671142999999999934e-03
5.615000000000000000e+03 1.661376999999999906e-03
5.621000000000000000e+03 1.674804999999999914e-03
5.627000000000000000e+03 1.666015999999999981e-03
5.633000000000000000e+03 1.658446999999999959e-03
5.639000000000000000e+03 1.670410999999999901e-03
5.644000000000000000e+03 1.681397000000000056e-03
5.650000000000000000e+03 1.675049000000000069e-03
5.656000000000000000e+03 1.677246000000000075e-03
5.662000000000000000e+03 1.652344000000000035e-03
5.668000000000000000e+03 1.691161999999999960e-03
5.673000000000000000e+03 1.647704999999999960e-03
5.679000000000000000e+03 1.655030000000000043e-03
5.685000000000000000e+03 1.677979000000000016e-03
5.691000000000000000e+03 1.649658999999999934e-03
5.697000000000000000e+03 1.667969000000000049e-03
5.703000000000000000e+03 1.676025999999999948e-03
5.708000000000000000e+03 1.661621000000000061e-03
5.714000000000000000e+03 1.689208999999999893e-03
5.720000000000000000e+03 1.679932000000000083e-03
5.726000000000000000e+03 1.649414000000000088e-03
5.732000000000000000e+03 1.660400999999999934e-03
5.737000000000000000e+03 1.665039000000000102e-03
5.743000000000000000e+03 1.649414000000000088e-03
5.749000000000000000e+03 1.667237000000000016e-03
5.755000000000000000e+03 1.671631000000000028e-03
5.761000000000000000e+03 1.680419999999999961e-03
5.766000000000000000e+03 1.677246000000000075e-03
5.772000000000000000e+03 1.656006000000000014e-03
5.778000000000000000e+03 1.640137000000000062e-03
5.784000000000000000e+03 1.660400999999999934e-03
5.790000000000000000e+03 1.682618000000000091e-03
5.796000000000000000e+03 1.679443999999999989e-03
5.801000000000000000e+03 1.678222999999999954e-03
5.807000000000000000e+03 1.693360000000000091e-03
5.813000000000000000e+03 1.685302999999999975e-03
5.819000000000000000e+03 1.665772000000000043e-03
5.825000000000000000e+03 1.668701000000000082e-03
5.830000000000000000e+03 1.676025999999999948e-03
5.836000000000000000e+03 1.666015999999999981e-03
5.842000000000000000e+03 1.654297000000000102e-03
5.848000000000000000e+03 1.671874999999999967e-03
5.854000000000000000e+03 1.630860000000000035e-03
5.860000000000000000e+03 1.647948999999999898e-03
5.865000000000000000e+03 1.670898999999999995e-03
5.871000000000000000e+03 1.647704999999999960e-03
5.877000000000000000e+03 1.653565000000000070e-03
5.883000000000000000e+03 1.655273999999999981e-03
5.889000000000000000e+03 1.679443999999999989e-03
5.894000000000000000e+03 1.668456999999999926e-03
5.900000000000000000e+03 1.658446999999999959e-03
5.906000000000000000e+03 1.654786000000000104e-03
5.912000000000000000e+03 1.665772000000000043e-03
5.918000000000000000e+03 1.663818999999999975e-03
5.923000000000000000e+03 1.670898999999999995e-03
5.929000000000000000e+03 1.648925999999999994e-03
5.935000000000000000e+03 1.688232999999999921e-03
5.941000000000000000e+03 1.644042999999999980e-03
5.947000000000000000e+03 1.678222999999999954e-03
5.953000000000000000e+03 1.676025999999999948e-03
5.958000000000000000e+03 1.645751999999999892e-03
5.964000000000000000e+03 1.666504000000000076e-03
5.970000000000000000e+03 1.662842000000000096e-03
5.976000000000000000e+03 1.656982999999999893e-03
5.982000000000000000e+03 1.640870000000000002e-03
5.987000000000000000e+03 1.654052999999999947e-03
5.993000000000000000e+03 1.670410999999999901e-03
5.999000000000000000e+03 1.674560999999999975e-03
6.000000000000000000e+03 1.684327000000000003e-03
