3.000000000000000000e+00 1.662354000000000002e-03
8.000000000000000000e+00 1.690429999999999927e-03
1.200000000000000000e+01 1.648193999999999961e-03
1.700000000000000000e+01 1.658446999999999959e-03
2.300000000000000000e+01 1.653076999999999975e-03
2.900000000000000000e+01 1.656738999999999955e-03
3.400000000000000000e+01 1.671874999999999967e-03
4.000000000000000000e+01 1.659179999999999900e-03
4.600000000000000000e+01 1.655517999999999920e-03
5.200000000000000000e+01 1.677735000000000077e-03
5.800000000000000000e+01 1.646728999999999988e-03
6.300000000000000000e+01 1.636475000000000082e-03
6.900000000000000000e+01 1.649658999999999934e-03
7.500000000000000000e+01 1.663086000000000035e-03
8.100000000000000000e+01 1.654297000000000102e-03
8.700000000000000000e+01 1.656982999999999893e-03
9.200000000000000000e+01 1.680176000000000022e-03
9.800000000000000000e+01 1.672607999999999907e-03
1.040000000000000000e+02 1.650147000000000029e-03
1.100000000000000000e+02 1.677979000000000016e-03
1.160000000000000000e+02 1.657959000000000082e-03
1.220000000000000000e+02 1.661865000000000000e-03
1.270000000000000000e+02 1.646728999999999988e-03
1.330000000000000000e+02 1.662842000000000096e-03
1.390000000000000000e+02 1.660889000000000029e-03
1.450000000000000000e+02 1.664551000000000008e-03
1.510000000000000000e+02 1.677979000000000016e-03
1.560000000000000000e+02 1.677490999999999921e-03
1.620000000000000000e+02 1.640137000000000062e-03
1.680000000000000000e+02 1.652100000000000096e-03
1.740000000000000000e+02 1.667724999999999893e-03
1.800000000000000000e+02 1.665039000000000102e-03
1.850000000000000000e+02 1.663329999999999973e-03
1.910000000000000000e+02 1.647704999999999960e-03
1.970000000000000000e+02 1.674317000000000036e-03
2.030000000000000000e+02 1.683349999999999907e-03
2.090000000000000000e+02 1.686524000000000009e-03
2.150000000000000000e+02 1.684815000000000097e-03
2.200000000000000000e+02 1.672120000000000030e-03
2.260000000000000000e+02 1.668945999999999928e-03
2.320000000000000000e+02 1.651855999999999941e-03
2.380000000000000000e+02 1.645507999999999953e-03
2.440000000000000000e+02 1.659911999999999933e-03
2.490000000000000000e+02 1.677001999999999920e-03
2.550000000000000000e+02 1.702149000000000023e-03
2.610000000000000000e+02 1.703857999999999935e-03
2.670000000000000000e+02 1.668456999999999926e-03
2.730000000000000000e+02 1.684327000000000003e-03
2.790000000000000000e+02 1.672852000000000063e-03
2.840000000000000000e+02 1.680663999999999899e-03
2.900000000000000000e+02 1.666015999999999981e-03
2.960000000000000000e+02 1.663575000000000036e-03
3.020000000000000000e+02 1.665039000000000102e-03
3.080000000000000000e+02 1.660889000000000029e-03
3.130000000000000000e+02 1.652587999999999974e-03
3.190000000000000000e+02 1.677001999999999920e-03
3.250000000000000000e+02 1.657714999999999926e-03
3.310000000000000000e+02 1.675782000000000009e-03
3.370000000000000000e+02 1.660889000000000029e-03
3.420000000000000000e+02 1.689942000000000050e-03
3.480000000000000000e+02 1.644775999999999920e-03
3.540000000000000000e+02 1.659179999999999900e-03
3.600000000000000000e+02 1.684570000000000034e-03
3.660000000000000000e+02 1.658935999999999961e-03
3.720000000000000000e+02 1.691161999999999960e-03
3.770000000000000000e+02 1.673339999999999940e-03
3.830000000000000000e+02 1.663086000000000035e-03
3.890000000000000000e+02 1.659667999999999994e-03
3.950000000000000000e+02 1.681397000000000056e-03
4.010000000000000000e+02 1.667237000000000016e-03
4.060000000000000000e+02 1.656006000000000014e-03
4.120000000000000000e+02 1.663329999999999973e-03
4.180000000000000000e+02 1.668456999999999926e-03
4.240000000000000000e+02 1.663086000000000035e-03
4.300000000000000000e+02 1.657714999999999926e-03
4.350000000000000000e+02 1.661865000000000000e-03
4.410000000000000000e+02 1.656738999999999955e-03
4.470000000000000000e+02 1.667969000000000049e-03
4.530000000000000000e+02 1.669677999999999961e-03
4.590000000000000000e+02 1.652831999999999912e-03
4.650000000000000000e+02 1.652100000000000096e-03
4.700000000000000000e+02 1.704102000000000091e-03
4.760000000000000000e+02 1.670166000000000055e-03
4.820000000000000000e+02 1.664307000000000069e-03
4.880000000000000000e+02 1.667237000000000016e-03
4.940000000000000000e+02 1.633789000000000075e-03
4.990000000000000000e+02 1.673339999999999940e-03
5.050000000000000000e+02 1.679443999999999989e-03
5.110000000000000000e+02 1.673584000000000096e-03
5.170000000000000000e+02 1.657470999999999988e-03
5.230000000000000000e+02 1.662354000000000002e-03
5.280000000000000000e+02 1.671142999999999934e-03
5.340000000000000000e+02 1.688721000000000015e-03
5.400000000000000000e+02 1.679200000000000050e-03
5.460000000000000000e+02 1.685791000000000069e-03
5.520000000000000000e+02 1.667237000000000016e-03
5.580000000000000000e+02 1.680419999999999961e-03
5.630000000000000000e+02 1.663575000000000036e-03
5.690000000000000000e+02 1.686524000000000009e-03
5.750000000000000000e+02 1.663818999999999975e-03
5.810000000000000000e+02 1.680176000000000022e-03
5.870000000000000000e+02 1.658692000000000022e-03
5.920000000000000000e+02 1.651612000000000002e-03
5.980000000000000000e+02 1.669190000000000083e-03
6.040000000000000000e+02 1.672607999999999907e-03
6.100000000000000000e+02 1.668701000000000082e-03
6.160000000000000000e+02 1.672607999999999907e-03
6.220000000000000000e+02 1.678711000000000049e-03
6.270000000000000000e+02 1.677246000000000075e-03
6.330000000000000000e+02 1.659424000000000055e-03
6.390000000000000000e+02 1.669190000000000083e-03
6.450000000000000000e+02 1.646972999999999927e-03
6.510000000000000000e+02 1.662354000000000002e-03
6.560000000000000000e+02 1.685302999999999975e-03
6.620000000000000000e+02 1.717530000000000098e-03
6.680000000000000000e+02 1.769530999999999969e-03
6.740000000000000000e+02 1.852783999999999898e-03
6.800000000000000000e+02 2.008545000000000035e-03
6.850000000000000000e+02 1.917724999999999898e-03
6.910000000000000000e+02 1.952149000000000028e-03
6.970000000000000000e+02 2.000488999999999826e-03
7.030000000000000000e+02 2.083007999999999908e-03
7.090000000000000000e+02 2.048583999999999995e-03
7.150000000000000000e+02 2.214111999999999851e-03
7.200000000000000000e+02 2.278809000000000130e-03
7.260000000000000000e+02 2.315674000000000204e-03
7.320000000000000000e+02 2.246582999999999913e-03
7.380000000000000000e+02 2.252441999999999899e-03
7.440000000000000000e+02 2.384032999999999812e-03
7.490000000000000000e+02 2.289794999999999851e-03
7.550000000000000000e+02 2.470214999999999998e-03
7.610000000000000000e+02 2.463624000000000196e-03
7.670000000000000000e+02 2.366455999999999855e-03
7.730000000000000000e+02 2.490234999999999931e-03
7.780000000000000000e+02 2.609131000000000210e-03
7.840000000000000000e+02 2.706055000000000179e-03
7.900000000000000000e+02 2.788329999999999888e-03
7.960000000000000000e+02 2.610351999999999811e-03
8.020000000000000000e+02 2.645751999999999913e-03
8.080000000000000000e+02 2.736816999999999896e-03
8.130000000000000000e+02 2.666260000000000158e-03
8.190000000000000000e+02 2.593261999999999824e-03
8.250000000000000000e+02 2.729004000000000152e-03
8.310000000000000000e+02 2.660645000000000111e-03
8.370000000000000000e+02 2.680908999999999983e-03
8.420000000000000000e+02 2.819823999999999855e-03
8.480000000000000000e+02 2.719970999999999847e-03
8.540000000000000000e+02 2.793213000000000119e-03
8.600000000000000000e+02 2.692871999999999801e-03
8.660000000000000000e+02 2.689941999999999854e-03
8.710000000000000000e+02 2.820313000000000073e-03
8.770000000000000000e+02 2.623780000000000036e-03
8.830000000000000000e+02 2.598632999999999933e-03
8.890000000000000000e+02 2.623780000000000036e-03
8.950000000000000000e+02 2.578613999999999906e-03
9.010000000000000000e+02 2.498535999999999986e-03
9.060000000000000000e+02 2.509032999999999923e-03
9.120000000000000000e+02 2.442627000000000166e-03
9.180000000000000000e+02 2.438477000000000092e-03
9.240000000000000000e+02 2.194335999999999856e-03
9.300000000000000000e+02 2.093994999999999971e-03
9.350000000000000000e+02 2.084472999999999882e-03
9.410000000000000000e+02 2.048096000000000118e-03
9.470000000000000000e+02 2.021972999999999826e-03
9.530000000000000000e+02 2.019776000000000037e-03
9.590000000000000000e+02 1.908935999999999966e-03
9.640000000000000000e+02 1.994384999999999995e-03
9.700000000000000000e+02 1.980468999999999893e-03
9.760000000000000000e+02 1.980712999999999831e-03
9.820000000000000000e+02 2.027831999999999812e-03
9.880000000000000000e+02 1.946777999999999920e-03
9.940000000000000000e+02 2.029052999999999846e-03
9.990000000000000000e+02 2.210937999999999966e-03
1.005000000000000000e+03 2.208251999999999958e-03
1.011000000000000000e+03 2.235595999999999851e-03
1.017000000000000000e+03 2.277099999999999784e-03
1.023000000000000000e+03 2.385743000000000065e-03
1.028000000000000000e+03 2.689209000000000131e-03
1.034000000000000000e+03 2.660156999999999800e-03
1.040000000000000000e+03 2.826660999999999844e-03
1.046000000000000000e+03 2.984375999999999956e-03
1.052000000000000000e+03 2.954102000000000117e-03
1.058000000000000000e+03 3.002686000000000070e-03
1.063000000000000000e+03 3.094238999999999930e-03
1.069000000000000000e+03 2.992432000000000165e-03
1.075000000000000000e+03 3.041748999999999842e-03
1.081000000000000000e+03 3.072998999999999870e-03
1.087000000000000000e+03 3.114747000000000175e-03
1.092000000000000000e+03 3.205566999999999878e-03
1.098000000000000000e+03 3.151367999999999878e-03
1.104000000000000000e+03 3.201661000000000177e-03
1.110000000000000000e+03 3.348878000000000011e-03
1.116000000000000000e+03 3.221191999999999892e-03
1.121000000000000000e+03 3.250733000000000008e-03
1.127000000000000000e+03 3.397949999999999842e-03
1.133000000000000000e+03 3.257813000000000028e-03
1.139000000000000000e+03 3.309814999999999806e-03
1.145000000000000000e+03 3.426269999999999923e-03
1.151000000000000000e+03 3.447266000000000045e-03
1.156000000000000000e+03 3.559815000000000028e-03
1.162000000000000000e+03 3.667725000000000152e-03
1.168000000000000000e+03 3.812500999999999824e-03
1.174000000000000000e+03 4.056396999999999781e-03
1.180000000000000000e+03 4.087892000000000088e-03
1.185000000000000000e+03 4.233643999999999949e-03
1.191000000000000000e+03 4.452148000000000390e-03
1.197000000000000000e+03 4.458008000000000283e-03
1.203000000000000000e+03 4.521240999999999628e-03
1.209000000000000000e+03 4.758057000000000432e-03
1.214000000000000000e+03 4.908692000000000090e-03
1.220000000000000000e+03 5.096680999999999608e-03
1.226000000000000000e+03 5.248046999999999608e-03
1.232000000000000000e+03 5.306397000000000024e-03
1.238000000000000000e+03 5.490723999999999778e-03
1.244000000000000000e+03 5.364746999999999572e-03
1.249000000000000000e+03 5.469482999999999810e-03
1.255000000000000000e+03 5.611572999999999908e-03
1.261000000000000000e+03 5.563232999999999893e-03
1.267000000000000000e+03 5.695068999999999652e-03
1.273000000000000000e+03 5.695312999999999591e-03
1.278000000000000000e+03 5.720948000000000006e-03
1.284000000000000000e+03 5.715577000000000331e-03
1.290000000000000000e+03 5.568359999999999629e-03
1.296000000000000000e+03 5.476319000000000325e-03
1.302000000000000000e+03 5.642335000000000059e-03
1.308000000000000000e+03 5.385499000000000189e-03
1.313000000000000000e+03 5.382081000000000365e-03
1.319000000000000000e+03 5.446778000000000210e-03
1.325000000000000000e+03 5.393555000000000398e-03
1.331000000000000000e+03 5.404298000000000088e-03
1.337000000000000000e+03 5.451904999999999946e-03
1.342000000000000000e+03 5.476807999999999677e-03
1.348000000000000000e+03 5.683106000000000269e-03
1.354000000000000000e+03 5.858397999999999904e-03
1.360000000000000000e+03 6.111329000000000414e-03
1.366000000000000000e+03 6.297852999999999958e-03
1.371000000000000000e+03 6.349610999999999797e-03
1.377000000000000000e+03 6.659912999999999944e-03
1.383000000000000000e+03 7.023439000000000244e-03
1.389000000000000000e+03 7.428711999999999642e-03
1.395000000000000000e+03 7.752687000000000293e-03
1.401000000000000000e+03 7.999024000000000412e-03
1.406000000000000000e+03 8.124024000000000523e-03
1.412000000000000000e+03 8.588379999999999626e-03
1.418000000000000000e+03 8.903321000000000499e-03
1.424000000000000000e+03 9.034913000000000319e-03
1.430000000000000000e+03 9.270265999999999229e-03
1.435000000000000000e+03 9.219240000000000074e-03
1.441000000000000000e+03 9.360108000000000664e-03
1.447000000000000000e+03 9.551515000000000005e-03
1.453000000000000000e+03 9.677003999999999467e-03
1.459000000000000000e+03 9.776856999999999909e-03
1.464000000000000000e+03 9.887207999999999761e-03
1.470000000000000000e+03 9.998537000000000050e-03
1.476000000000000000e+03 1.012061000000000037e-02
1.482000000000000000e+03 1.030761999999999998e-02
1.488000000000000000e+03 1.028026999999999934e-02
1.494000000000000000e+03 1.042261000000000055e-02
1.499000000000000000e+03 1.046118000000000048e-02
1.505000000000000000e+03 1.052832000000000073e-02
1.511000000000000000e+03 1.065795999999999931e-02
1.517000000000000000e+03 1.068798999999999964e-02
1.523000000000000000e+03 1.088355000000000052e-02
1.528000000000000000e+03 1.103052000000000026e-02
1.534000000000000000e+03 1.109912000000000051e-02
1.540000000000000000e+03 1.120728000000000002e-02
1.546000000000000000e+03 1.132860999999999937e-02
1.552000000000000000e+03 1.146142999999999988e-02
1.557000000000000000e+03 1.165039000000000005e-02
1.563000000000000000e+03 1.161182000000000013e-02
1.569000000000000000e+03 1.165478999999999994e-02
1.575000000000000000e+03 1.181689999999999997e-02
1.581000000000000000e+03 1.197803000000000062e-02
1.587000000000000000e+03 1.214160000000000066e-02
1.592000000000000000e+03 1.212842000000000087e-02
1.598000000000000000e+03 1.199903000000000081e-02
1.604000000000000000e+03 1.228222999999999988e-02
1.610000000000000000e+03 1.238915999999999976e-02
1.616000000000000000e+03 1.243676999999999977e-02
1.621000000000000000e+03 1.257616999999999936e-02
1.627000000000000000e+03 1.244458000000000023e-02
1.633000000000000000e+03 1.258277000000000007e-02
1.639000000000000000e+03 1.284009000000000018e-02
1.645000000000000000e+03 1.282544000000000045e-02
1.651000000000000000e+03 1.290576000000000050e-02
1.656000000000000000e+03 1.305077999999999967e-02
1.662000000000000000e+03 1.316357999999999938e-02
1.668000000000000000e+03 1.344042999999999974e-02
1.674000000000000000e+03 1.346655000000000074e-02
1.680000000000000000e+03 1.342798000000000082e-02
1.685000000000000000e+03 1.361132999999999961e-02
1.691000000000000000e+03 1.365307999999999973e-02
1.697000000000000000e+03 1.375732999999999991e-02
1.703000000000000000e+03 1.391065000000000010e-02
1.709000000000000000e+03 1.397193000000000046e-02
1.714000000000000000e+03 1.406397000000000029e-02
1.720000000000000000e+03 1.430786000000000037e-02
1.726000000000000000e+03 1.444361000000000082e-02
1.732000000000000000e+03 1.448072000000000074e-02
1.738000000000000000e+03 1.454687999999999988e-02
1.744000000000000000e+03 1.464234000000000022e-02
1.749000000000000000e+03 1.493360000000000000e-02
1.755000000000000000e+03 1.493994000000000051e-02
1.761000000000000000e+03 1.487281000000000020e-02
1.767000000000000000e+03 1.496459999999999978e-02
1.773000000000000000e+03 1.503246999999999917e-02
1.778000000000000000e+03 1.516602000000000054e-02
1.784000000000000000e+03 1.532495000000000038e-02
1.790000000000000000e+03 1.531006000000000034e-02
1.796000000000000000e+03 1.552929999999999935e-02
1.802000000000000000e+03 1.568676999999999919e-02
1.807000000000000000e+03 1.571045000000000080e-02
1.813000000000000000e+03 1.583910999999999999e-02
1.819000000000000000e+03 1.590673999999999907e-02
1.825000000000000000e+03 1.598364000000000035e-02
1.831000000000000000e+03 1.620776999999999982e-02
1.837000000000000000e+03 1.620850000000000068e-02
1.842000000000000000e+03 1.631031000000000147e-02
1.848000000000000000e+03 1.635108000000000048e-02
1.854000000000000000e+03 1.646923999999999957e-02
1.860000000000000000e+03 1.670264000000000124e-02
1.866000000000000000e+03 1.683984999999999996e-02
1.871000000000000000e+03 1.694775999999999921e-02
1.877000000000000000e+03 1.706542999999999949e-02
1.883000000000000000e+03 1.716260000000000008e-02
1.889000000000000000e+03 1.739624000000000031e-02
1.895000000000000000e+03 1.753808999999999924e-02
1.900000000000000000e+03 1.748096000000000025e-02
1.906000000000000000e+03 1.761182000000000025e-02
1.912000000000000000e+03 1.785913000000000084e-02
1.918000000000000000e+03 1.814233999999999986e-02
1.924000000000000000e+03 1.826122999999999982e-02
1.930000000000000000e+03 1.820948000000000011e-02
1.935000000000000000e+03 1.838013000000000147e-02
1.941000000000000000e+03 1.868384000000000017e-02
1.947000000000000000e+03 1.874268000000000114e-02
1.953000000000000000e+03 1.875171000000000129e-02
1.959000000000000000e+03 1.887841999999999992e-02
1.964000000000000000e+03 1.909887999999999864e-02
1.970000000000000000e+03 1.935303000000000023e-02
1.976000000000000000e+03 1.945287999999999878e-02
1.982000000000000000e+03 1.946265000000000148e-02
1.988000000000000000e+03 1.965039000000000022e-02
1.994000000000000000e+03 2.003467000000000095e-02
1.999000000000000000e+03 2.015453999999999857e-02
2.005000000000000000e+03 2.028858000000000050e-02
2.011000000000000000e+03 2.032714999999999869e-02
2.017000000000000000e+03 2.043091000000000004e-02
2.023000000000000000e+03 2.068725999999999898e-02
2.028000000000000000e+03 2.089283000000000112e-02
2.034000000000000000e+03 2.102880999999999848e-02
2.040000000000000000e+03 2.112402999999999850e-02
2.046000000000000000e+03 2.127222000000000141e-02
2.052000000000000000e+03 2.164771000000000056e-02
2.057000000000000000e+03 2.197875999999999996e-02
2.063000000000000000e+03 2.189819999999999961e-02
2.069000000000000000e+03 2.211791999999999925e-02
2.075000000000000000e+03 2.225024999999999920e-02
2.081000000000000000e+03 2.258227999999999971e-02
2.087000000000000000e+03 2.284618999999999886e-02
2.092000000000000000e+03 2.269799999999999943e-02
2.098000000000000000e+03 2.279638999999999971e-02
2.104000000000000000e+03 2.297070999999999835e-02
2.110000000000000000e+03 2.307226999999999889e-02
2.116000000000000000e+03 2.335401000000000143e-02
2.121000000000000000e+03 2.350781999999999872e-02
2.127000000000000000e+03 2.360546999999999992e-02
2.133000000000000000e+03 2.387622999999999829e-02
2.139000000000000000e+03 2.403614000000000098e-02
2.145000000000000000e+03 2.407886000000000054e-02
2.150000000000000000e+03 2.425976999999999995e-02
2.156000000000000000e+03 2.439428999999999903e-02
2.162000000000000000e+03 2.467969000000000065e-02
2.168000000000000000e+03 2.504908000000000134e-02
2.174000000000000000e+03 2.504322000000000145e-02
2.180000000000000000e+03 2.524389999999999967e-02
2.185000000000000000e+03 2.545533000000000171e-02
2.191000000000000000e+03 2.563183999999999949e-02
2.197000000000000000e+03 2.585816000000000156e-02
2.203000000000000000e+03 2.594849000000000114e-02
2.209000000000000000e+03 2.597021999999999872e-02
2.214000000000000000e+03 2.621044999999999972e-02
2.220000000000000000e+03 2.641626999999999864e-02
2.226000000000000000e+03 2.670776999999999873e-02
2.232000000000000000e+03 2.688818999999999931e-02
2.238000000000000000e+03 2.680445000000000050e-02
2.243000000000000000e+03 2.709473000000000090e-02
2.249000000000000000e+03 2.746265000000000164e-02
2.255000000000000000e+03 2.774389999999999842e-02
2.261000000000000000e+03 2.769140999999999964e-02
2.267000000000000000e+03 2.790600999999999846e-02
2.273000000000000000e+03 2.818261999999999851e-02
2.278000000000000000e+03 2.838256999999999933e-02
2.284000000000000000e+03 2.849828999999999904e-02
2.290000000000000000e+03 2.853442999999999952e-02
2.296000000000000000e+03 2.870777000000000051e-02
2.302000000000000000e+03 2.885400999999999938e-02
2.307000000000000000e+03 2.919483000000000147e-02
2.313000000000000000e+03 2.927613000000000090e-02
2.319000000000000000e+03 2.926807000000000020e-02
2.325000000000000000e+03 2.954297000000000173e-02
2.331000000000000000e+03 2.975366999999999942e-02
2.337000000000000000e+03 2.998999000000000109e-02
2.342000000000000000e+03 3.005444999999999992e-02
2.348000000000000000e+03 3.011085000000000150e-02
2.354000000000000000e+03 3.026954000000000103e-02
2.360000000000000000e+03 3.055615999999999888e-02
2.366000000000000000e+03 3.055470000000000061e-02
2.371000000000000000e+03 3.052782999999999886e-02
2.377000000000000000e+03 3.066846000000000155e-02
2.383000000000000000e+03 3.077320000000000055e-02
2.389000000000000000e+03 3.111059999999999867e-02
2.395000000000000000e+03 3.093090999999999896e-02
2.400000000000000000e+03 3.089698000000000097e-02
2.406000000000000000e+03 3.105957999999999983e-02
2.412000000000000000e+03 3.111840999999999913e-02
2.418000000000000000e+03 3.130543000000000214e-02
2.424000000000000000e+03 3.123072000000000001e-02
2.430000000000000000e+03 3.113281999999999855e-02
2.435000000000000000e+03 3.110401000000000138e-02
2.441000000000000000e+03 3.115624999999999992e-02
2.447000000000000000e+03 3.114379999999999926e-02
2.453000000000000000e+03 3.103223000000000092e-02
2.459000000000000000e+03 3.072973999999999845e-02
2.464000000000000000e+03 3.069165999999999908e-02
2.470000000000000000e+03 3.078320999999999835e-02
2.476000000000000000e+03 3.053051999999999849e-02
2.482000000000000000e+03 3.011474999999999916e-02
2.488000000000000000e+03 2.989160999999999901e-02
2.493000000000000000e+03 2.989404999999999840e-02
2.499000000000000000e+03 2.973510999999999863e-02
2.505000000000000000e+03 2.937622999999999970e-02
2.511000000000000000e+03 2.886060000000000014e-02
2.517000000000000000e+03 2.866480000000000070e-02
2.523000000000000000e+03 2.840430000000000038e-02
2.528000000000000000e+03 2.833837999999999982e-02
2.534000000000000000e+03 2.805761999999999839e-02
2.540000000000000000e+03 2.718310999999999991e-02
2.546000000000000000e+03 2.677906000000000036e-02
2.552000000000000000e+03 2.658131000000000035e-02
2.557000000000000000e+03 2.620704000000000089e-02
2.563000000000000000e+03 2.599415000000000059e-02
2.569000000000000000e+03 2.612818000000000085e-02
2.575000000000000000e+03 2.633252000000000162e-02
2.581000000000000000e+03 2.682593000000000130e-02
2.586000000000000000e+03 2.697265999999999900e-02
2.592000000000000000e+03 2.694629000000000121e-02
2.598000000000000000e+03 2.719262999999999889e-02
2.604000000000000000e+03 2.745850000000000027e-02
2.610000000000000000e+03 2.776148000000000157e-02
2.616000000000000000e+03 2.798975000000000074e-02
2.621000000000000000e+03 2.790234999999999937e-02
2.627000000000000000e+03 2.807056000000000134e-02
2.633000000000000000e+03 2.847266000000000033e-02
2.639000000000000000e+03 2.869922000000000098e-02
2.645000000000000000e+03 2.882813000000000042e-02
2.650000000000000000e+03 2.873438000000000034e-02
2.656000000000000000e+03 2.875219999999999859e-02
2.662000000000000000e+03 2.899536999999999948e-02
2.668000000000000000e+03 2.911377000000000062e-02
2.674000000000000000e+03 2.920533000000000157e-02
2.679000000000000000e+03 2.929346000000000033e-02
2.685000000000000000e+03 2.921288999999999830e-02
2.691000000000000000e+03 2.947779000000000024e-02
2.697000000000000000e+03 2.970288000000000095e-02
2.703000000000000000e+03 2.972535000000000108e-02
2.709000000000000000e+03 2.977783999999999986e-02
2.714000000000000000e+03 2.985157000000000088e-02
2.720000000000000000e+03 2.999999999999999889e-02
2.726000000000000000e+03 3.036279999999999882e-02
2.732000000000000000e+03 3.017188000000000161e-02
2.738000000000000000e+03 3.014112000000000041e-02
2.743000000000000000e+03 3.042042000000000010e-02
2.749000000000000000e+03 3.047559000000000032e-02
2.755000000000000000e+03 3.060401000000000094e-02
2.761000000000000000e+03 3.061768000000000128e-02
2.767000000000000000e+03 3.055688999999999975e-02
2.773000000000000000e+03 3.090137000000000092e-02
2.778000000000000000e+03 3.083007999999999929e-02
2.784000000000000000e+03 3.088720999999999828e-02
2.790000000000000000e+03 3.077148999999999857e-02
2.796000000000000000e+03 3.080785999999999941e-02
2.802000000000000000e+03 3.103028000000000036e-02
2.807000000000000000e+03 3.119092000000000045e-02
2.813000000000000000e+03 3.109204999999999955e-02
2.819000000000000000e+03 3.100610999999999992e-02
2.825000000000000000e+03 3.117529999999999954e-02
2.831000000000000000e+03 3.144067999999999863e-02
2.836000000000000000e+03 3.151807000000000220e-02
2.842000000000000000e+03 3.143287000000000164e-02
2.848000000000000000e+03 3.135450000000000043e-02
2.854000000000000000e+03 3.150684000000000123e-02
2.860000000000000000e+03 3.165356999999999893e-02
2.866000000000000000e+03 3.176269999999999788e-02
2.871000000000000000e+03 3.169166000000000344e-02
2.877000000000000000e+03 3.153564999999999841e-02
2.883000000000000000e+03 3.175269000000000008e-02
2.889000000000000000e+03 3.204175000000000079e-02
2.895000000000000000e+03 3.205079000000000261e-02
2.900000000000000000e+03 3.186329000000000244e-02
2.906000000000000000e+03 3.179590000000000194e-02
2.912000000000000000e+03 3.192236999999999852e-02
2.918000000000000000e+03 3.223804000000000253e-02
2.924000000000000000e+03 3.219849000000000322e-02
2.929000000000000000e+03 3.204711999999999839e-02
2.935000000000000000e+03 3.204931999999999920e-02
2.941000000000000000e+03 3.214405000000000040e-02
2.947000000000000000e+03 3.230005999999999849e-02
2.953000000000000000e+03 3.233422999999999853e-02
2.959000000000000000e+03 3.230126999999999998e-02
2.964000000000000000e+03 3.232788999999999802e-02
2.970000000000000000e+03 3.232299999999999757e-02
2.976000000000000000e+03 3.232250999999999874e-02
2.982000000000000000e+03 3.239501999999999660e-02
2.988000000000000000e+03 3.212109999999999965e-02
2.993000000000000000e+03 3.236084000000000183e-02
2.999000000000000000e+03 3.251098999999999656e-02
3.005000000000000000e+03 3.255372000000000127e-02
3.011000000000000000e+03 3.232960000000000000e-02
3.017000000000000000e+03 3.239625000000000143e-02
3.022000000000000000e+03 3.256739000000000162e-02
3.028000000000000000e+03 3.269727000000000050e-02
3.034000000000000000e+03 3.252417999999999976e-02
3.040000000000000000e+03 3.224635000000000001e-02
3.046000000000000000e+03 3.225610999999999756e-02
3.052000000000000000e+03 3.242041999999999841e-02
3.057000000000000000e+03 3.255787000000000264e-02
3.063000000000000000e+03 3.254101999999999689e-02
3.069000000000000000e+03 3.223853000000000135e-02
3.075000000000000000e+03 3.230029999999999707e-02
3.081000000000000000e+03 3.250709000000000237e-02
3.086000000000000000e+03 3.263574999999999809e-02
3.092000000000000000e+03 3.259058000000000094e-02
3.098000000000000000e+03 3.231762999999999997e-02
3.104000000000000000e+03 3.227685999999999750e-02
3.110000000000000000e+03 3.260157000000000332e-02
3.116000000000000000e+03 3.250489000000000156e-02
3.121000000000000000e+03 3.242529999999999718e-02
3.127000000000000000e+03 3.236548000000000203e-02
3.133000000000000000e+03 3.230908999999999864e-02
3.139000000000000000e+03 3.248535999999999785e-02
3.145000000000000000e+03 3.252636999999999889e-02
3.150000000000000000e+03 3.230957999999999747e-02
3.156000000000000000e+03 3.223169000000000034e-02
3.162000000000000000e+03 3.235011000000000136e-02
3.168000000000000000e+03 3.242895999999999973e-02
3.174000000000000000e+03 3.244263000000000008e-02
3.179000000000000000e+03 3.220606000000000163e-02
3.185000000000000000e+03 3.215064000000000116e-02
3.191000000000000000e+03 3.221874999999999739e-02
3.197000000000000000e+03 3.227661999999999892e-02
3.203000000000000000e+03 3.225953000000000154e-02
3.209000000000000000e+03 3.212427999999999811e-02
3.214000000000000000e+03 3.193970000000000142e-02
3.220000000000000000e+03 3.222168999999999728e-02
3.226000000000000000e+03 3.224586000000000119e-02
3.232000000000000000e+03 3.201612000000000208e-02
3.238000000000000000e+03 3.191846000000000266e-02
3.243000000000000000e+03 3.178808999999999801e-02
3.249000000000000000e+03 3.189551999999999665e-02
3.255000000000000000e+03 3.190992000000000134e-02
3.261000000000000000e+03 3.170118000000000241e-02
3.267000000000000000e+03 3.172901000000000193e-02
3.272000000000000000e+03 3.172462000000000198e-02
3.278000000000000000e+03 3.166577999999999754e-02
3.284000000000000000e+03 3.168798999999999921e-02
3.290000000000000000e+03 3.147657000000000233e-02
3.296000000000000000e+03 3.126807000000000197e-02
3.302000000000000000e+03 3.142993000000000176e-02
3.307000000000000000e+03 3.123414000000000051e-02
3.313000000000000000e+03 3.128907000000000216e-02
3.319000000000000000e+03 3.109351000000000129e-02
3.325000000000000000e+03 3.102442000000000047e-02
3.331000000000000000e+03 3.117748999999999868e-02
3.336000000000000000e+03 3.121436000000000002e-02
3.342000000000000000e+03 3.103393999999999944e-02
3.348000000000000000e+03 3.086718999999999921e-02
3.354000000000000000e+03 3.078248000000000095e-02
3.360000000000000000e+03 3.083912000000000111e-02
3.365000000000000000e+03 3.098365000000000147e-02
3.371000000000000000e+03 3.059082999999999941e-02
3.377000000000000000e+03 3.025829999999999839e-02
3.383000000000000000e+03 3.039379999999999860e-02
3.389000000000000000e+03 3.039502999999999996e-02
3.395000000000000000e+03 3.038379000000000080e-02
3.400000000000000000e+03 3.017602999999999952e-02
3.406000000000000000e+03 3.001855999999999969e-02
3.412000000000000000e+03 3.010571000000000080e-02
3.418000000000000000e+03 3.006495000000000001e-02
3.424000000000000000e+03 2.998121000000000119e-02
3.429000000000000000e+03 2.985229999999999828e-02
3.435000000000000000e+03 2.952221999999999832e-02
3.441000000000000000e+03 2.961352999999999902e-02
3.447000000000000000e+03 2.967480999999999938e-02
3.453000000000000000e+03 2.945141999999999899e-02
3.459000000000000000e+03 2.922730000000000120e-02
3.464000000000000000e+03 2.920704000000000009e-02
3.470000000000000000e+03 2.922608000000000150e-02
3.476000000000000000e+03 2.923852999999999869e-02
3.482000000000000000e+03 2.900488999999999845e-02
3.488000000000000000e+03 2.885474000000000025e-02
3.493000000000000000e+03 2.869483000000000103e-02
3.499000000000000000e+03 2.869630000000000097e-02
3.505000000000000000e+03 2.873047999999999921e-02
3.511000000000000000e+03 2.844653999999999933e-02
3.517000000000000000e+03 2.824634000000000172e-02
3.522000000000000000e+03 2.830248999999999959e-02
3.528000000000000000e+03 2.836694999999999842e-02
3.534000000000000000e+03 2.826636000000000079e-02
3.540000000000000000e+03 2.804370000000000127e-02
3.546000000000000000e+03 2.773876999999999940e-02
3.552000000000000000e+03 2.783350000000000060e-02
3.557000000000000000e+03 2.801025999999999863e-02
3.563000000000000000e+03 2.769922999999999830e-02
3.569000000000000000e+03 2.739014000000000032e-02
3.575000000000000000e+03 2.725903999999999827e-02
3.581000000000000000e+03 2.716504000000000141e-02
3.586000000000000000e+03 2.720875000000000030e-02
3.592000000000000000e+03 2.712525000000000006e-02
3.598000000000000000e+03 2.684229000000000129e-02
3.604000000000000000e+03 2.686596999999999943e-02
3.610000000000000000e+03 2.677759000000000042e-02
3.615000000000000000e+03 2.671070000000000041e-02
3.621000000000000000e+03 2.649854000000000098e-02
3.627000000000000000e+03 2.609668000000000057e-02
3.633000000000000000e+03 2.609498000000000026e-02
3.639000000000000000e+03 2.624146000000000117e-02
3.645000000000000000e+03 2.595166999999999960e-02
3.650000000000000000e+03 2.567602999999999899e-02
3.656000000000000000e+03 2.558741000000000140e-02
3.662000000000000000e+03 2.559130999999999906e-02
3.668000000000000000e+03 2.566455999999999946e-02
3.674000000000000000e+03 2.550513000000000086e-02
3.679000000000000000e+03 2.522802999999999851e-02
3.685000000000000000e+03 2.518456999999999987e-02
3.691000000000000000e+03 2.505274000000000043e-02
3.697000000000000000e+03 2.496142999999999973e-02
3.703000000000000000e+03 2.507202999999999862e-02
3.708000000000000000e+03 2.453077000000000035e-02
3.714000000000000000e+03 2.450170999999999946e-02
3.720000000000000000e+03 2.448536000000000115e-02
3.726000000000000000e+03 2.448022999999999866e-02
3.732000000000000000e+03 2.422583000000000028e-02
3.738000000000000000e+03 2.394140999999999977e-02
3.743000000000000000e+03 2.393506000000000106e-02
3.749000000000000000e+03 2.393311000000000049e-02
3.755000000000000000e+03 2.369042999999999843e-02
3.761000000000000000e+03 2.346973000000000115e-02
3.767000000000000000e+03 2.336254999999999929e-02
3.772000000000000000e+03 2.314599999999999991e-02
3.778000000000000000e+03 2.313184000000000073e-02
3.784000000000000000e+03 2.311718999999999927e-02
3.790000000000000000e+03 2.273437999999999848e-02
3.796000000000000000e+03 2.262793000000000096e-02
3.802000000000000000e+03 2.249877999999999947e-02
3.807000000000000000e+03 2.256665000000000060e-02
3.813000000000000000e+03 2.241601999999999831e-02
3.819000000000000000e+03 2.194750999999999994e-02
3.825000000000000000e+03 2.197119000000000155e-02
3.831000000000000000e+03 2.200562000000000004e-02
3.836000000000000000e+03 2.191186999999999996e-02
3.842000000000000000e+03 2.176319000000000170e-02
3.848000000000000000e+03 2.157422000000000159e-02
3.854000000000000000e+03 2.132788000000000045e-02
3.860000000000000000e+03 2.137402999999999872e-02
3.865000000000000000e+03 2.127978999999999982e-02
3.871000000000000000e+03 2.114014000000000171e-02
3.877000000000000000e+03 2.083105999999999847e-02
3.883000000000000000e+03 2.062231999999999954e-02
3.889000000000000000e+03 2.063525999999999902e-02
3.895000000000000000e+03 2.073730999999999838e-02
3.900000000000000000e+03 2.034472999999999837e-02
3.906000000000000000e+03 2.016454999999999984e-02
3.912000000000000000e+03 2.025586000000000053e-02
3.918000000000000000e+03 2.022217000000000112e-02
3.924000000000000000e+03 2.009106999999999907e-02
3.929000000000000000e+03 1.981884999999999897e-02
3.935000000000000000e+03 1.950781999999999863e-02
3.941000000000000000e+03 1.960181000000000076e-02
3.947000000000000000e+03 1.943090999999999915e-02
3.953000000000000000e+03 1.926831000000000030e-02
3.958000000000000000e+03 1.912671000000000163e-02
3.964000000000000000e+03 1.895020000000000038e-02
3.970000000000000000e+03 1.891504000000000102e-02
3.976000000000000000e+03 1.884082000000000118e-02
3.982000000000000000e+03 1.867382999999999890e-02
3.988000000000000000e+03 1.852588000000000151e-02
3.993000000000000000e+03 1.840991000000000155e-02
3.999000000000000000e+03 1.839673000000000003e-02
4.005000000000000000e+03 1.830127000000000143e-02
4.011000000000000000e+03 1.805346999999999855e-02
4.017000000000000000e+03 1.782593000000000025e-02
4.022000000000000000e+03 1.786280000000000159e-02
4.028000000000000000e+03 1.777197999999999972e-02
4.034000000000000000e+03 1.763452000000000075e-02
4.040000000000000000e+03 1.735180999999999876e-02
4.046000000000000000e+03 1.715942999999999982e-02
4.051000000000000000e+03 1.712792999999999954e-02
4.057000000000000000e+03 1.707422000000000106e-02
4.063000000000000000e+03 1.688525999999999916e-02
4.069000000000000000e+03 1.669727000000000017e-02
4.075000000000000000e+03 1.641503999999999880e-02
4.081000000000000000e+03 1.643067000000000139e-02
4.086000000000000000e+03 1.645459000000000158e-02
4.092000000000000000e+03 1.616284000000000123e-02
4.098000000000000000e+03 1.589062999999999934e-02
4.104000000000000000e+03 1.593456999999999860e-02
4.110000000000000000e+03 1.575317999999999857e-02
4.115000000000000000e+03 1.572973999999999900e-02
4.121000000000000000e+03 1.545214999999999957e-02
4.127000000000000000e+03 1.532178000000000012e-02
4.133000000000000000e+03 1.530224999999999988e-02
4.139000000000000000e+03 1.503394000000000084e-02
4.145000000000000000e+03 1.496997000000000085e-02
4.150000000000000000e+03 1.483056999999999952e-02
4.156000000000000000e+03 1.462719999999999992e-02
4.162000000000000000e+03 1.452294999999999975e-02
4.168000000000000000e+03 1.451830999999999955e-02
4.174000000000000000e+03 1.436083999999999972e-02
4.179000000000000000e+03 1.417455999999999924e-02
4.185000000000000000e+03 1.397071000000000077e-02
4.191000000000000000e+03 1.394164999999999988e-02
4.197000000000000000e+03 1.392896000000000065e-02
4.203000000000000000e+03 1.378393999999999973e-02
4.208000000000000000e+03 1.360253999999999977e-02
4.214000000000000000e+03 1.350878999999999969e-02
4.220000000000000000e+03 1.331664999999999932e-02
4.226000000000000000e+03 1.339917000000000018e-02
4.232000000000000000e+03 1.324903000000000018e-02
4.238000000000000000e+03 1.288770000000000020e-02
4.243000000000000000e+03 1.292113999999999936e-02
4.249000000000000000e+03 1.279126000000000048e-02
4.255000000000000000e+03 1.268579000000000061e-02
4.261000000000000000e+03 1.263305999999999978e-02
4.267000000000000000e+03 1.232226999999999975e-02
4.272000000000000000e+03 1.219800000000000051e-02
4.278000000000000000e+03 1.227123999999999923e-02
4.284000000000000000e+03 1.207593000000000034e-02
4.290000000000000000e+03 1.182788000000000068e-02
4.296000000000000000e+03 1.184301999999999924e-02
4.301000000000000000e+03 1.163770000000000082e-02
4.307000000000000000e+03 1.170165999999999915e-02
4.313000000000000000e+03 1.147681000000000048e-02
4.319000000000000000e+03 1.128832999999999920e-02
4.325000000000000000e+03 1.115160999999999930e-02
4.331000000000000000e+03 1.100562000000000068e-02
4.336000000000000000e+03 1.089209000000000011e-02
4.342000000000000000e+03 1.093945999999999981e-02
4.348000000000000000e+03 1.065308000000000054e-02
4.354000000000000000e+03 1.056713999999999917e-02
4.360000000000000000e+03 1.055541999999999939e-02
4.365000000000000000e+03 1.035326999999999949e-02
4.371000000000000000e+03 1.033690999999999950e-02
4.377000000000000000e+03 1.014208999999999944e-02
4.383000000000000000e+03 1.004639000000000053e-02
4.389000000000000000e+03 1.007276000000000005e-02
4.394000000000000000e+03 9.825441000000000730e-03
4.400000000000000000e+03 9.580566999999999903e-03
4.406000000000000000e+03 9.504640999999999437e-03
4.412000000000000000e+03 9.354493999999999657e-03
4.418000000000000000e+03 9.357423000000000129e-03
4.424000000000000000e+03 9.348634999999999237e-03
4.429000000000000000e+03 9.184572000000000222e-03
4.435000000000000000e+03 8.998292999999999223e-03
4.441000000000000000e+03 8.928224999999999703e-03
4.447000000000000000e+03 8.799806999999999768e-03
4.453000000000000000e+03 8.815675999999999721e-03
4.458000000000000000e+03 8.526857000000000533e-03
4.464000000000000000e+03 8.318116999999999872e-03
4.470000000000000000e+03 8.422120999999999427e-03
4.476000000000000000e+03 8.306885999999999437e-03
4.482000000000000000e+03 8.116457000000000532e-03
4.488000000000000000e+03 8.046387999999999804e-03
4.493000000000000000e+03 7.856445999999999569e-03
4.499000000000000000e+03 7.932374000000000716e-03
4.505000000000000000e+03 7.865723999999999286e-03
4.511000000000000000e+03 7.733155000000000237e-03
4.517000000000000000e+03 7.675781999999999917e-03
4.522000000000000000e+03 7.529054000000000302e-03
4.528000000000000000e+03 7.439209999999999920e-03
4.534000000000000000e+03 7.375734000000000110e-03
4.540000000000000000e+03 7.250732999999999658e-03
4.546000000000000000e+03 7.248291999999999929e-03
4.551000000000000000e+03 7.226808000000000363e-03
4.557000000000000000e+03 7.138672999999999894e-03
4.563000000000000000e+03 7.092773999999999607e-03
4.569000000000000000e+03 6.842286000000000375e-03
4.575000000000000000e+03 6.686524000000000113e-03
4.581000000000000000e+03 6.760742999999999614e-03
4.586000000000000000e+03 6.625001000000000154e-03
4.592000000000000000e+03 6.528810000000000342e-03
4.598000000000000000e+03 6.578370000000000051e-03
4.604000000000000000e+03 6.421632000000000035e-03
4.610000000000000000e+03 6.375978000000000027e-03
4.615000000000000000e+03 6.334229000000000248e-03
4.621000000000000000e+03 6.036622999999999642e-03
4.627000000000000000e+03 6.063965999999999627e-03
4.633000000000000000e+03 5.987061999999999592e-03
4.639000000000000000e+03 5.894776000000000009e-03
4.644000000000000000e+03 5.814208999999999870e-03
4.650000000000000000e+03 5.736327999999999740e-03
4.656000000000000000e+03 5.699463000000000099e-03
4.662000000000000000e+03 5.611572999999999908e-03
4.668000000000000000e+03 5.435548000000000116e-03
4.674000000000000000e+03 5.444581000000000420e-03
4.679000000000000000e+03 5.400878999999999923e-03
4.685000000000000000e+03 5.218750999999999772e-03
4.691000000000000000e+03 5.163087000000000232e-03
4.697000000000000000e+03 5.109131000000000263e-03
4.703000000000000000e+03 4.955812000000000411e-03
4.708000000000000000e+03 4.968506999999999611e-03
4.714000000000000000e+03 4.759033999999999660e-03
4.720000000000000000e+03 4.646240999999999739e-03
4.726000000000000000e+03 4.688476999999999922e-03
4.732000000000000000e+03 4.476563000000000243e-03
4.737000000000000000e+03 4.469970999999999667e-03
4.743000000000000000e+03 4.474854000000000331e-03
4.749000000000000000e+03 4.252686999999999787e-03
4.755000000000000000e+03 4.329101999999999603e-03
4.761000000000000000e+03 4.274659000000000098e-03
4.767000000000000000e+03 4.218262000000000400e-03
4.772000000000000000e+03 4.182130000000000049e-03
4.778000000000000000e+03 3.959716999999999751e-03
4.784000000000000000e+03 3.919434000000000286e-03
4.790000000000000000e+03 3.991943999999999874e-03
4.796000000000000000e+03 3.817627000000000086e-03
4.801000000000000000e+03 3.814454000000000108e-03
4.807000000000000000e+03 3.777589000000000034e-03
4.813000000000000000e+03 3.766358000000000032e-03
4.819000000000000000e+03 3.650880000000000011e-03
4.825000000000000000e+03 3.667236999999999841e-03
4.831000000000000000e+03 3.532472000000000042e-03
4.836000000000000000e+03 3.527343999999999966e-03
4.842000000000000000e+03 3.368653000000000099e-03
4.848000000000000000e+03 3.294434000000000164e-03
4.854000000000000000e+03 3.291261000000000186e-03
4.860000000000000000e+03 3.177491000000000169e-03
4.865000000000000000e+03 3.120361999999999789e-03
4.871000000000000000e+03 3.179444000000000020e-03
4.877000000000000000e+03 3.006836000000000144e-03
4.883000000000000000e+03 2.942138999999999865e-03
4.889000000000000000e+03 2.973878000000000112e-03
4.894000000000000000e+03 2.909913000000000083e-03
4.900000000000000000e+03 2.940917999999999831e-03
4.906000000000000000e+03 2.734130999999999888e-03
4.912000000000000000e+03 2.770264000000000146e-03
4.918000000000000000e+03 2.790040000000000141e-03
4.924000000000000000e+03 2.582030999999999823e-03
4.929000000000000000e+03 2.518311000000000074e-03
4.935000000000000000e+03 2.581542999999999945e-03
4.941000000000000000e+03 2.404784999999999996e-03
4.947000000000000000e+03 2.416503999999999874e-03
4.953000000000000000e+03 2.324951999999999921e-03
4.958000000000000000e+03 2.245850000000000190e-03
4.964000000000000000e+03 2.255371999999999846e-03
4.970000000000000000e+03 2.184571000000000169e-03
4.976000000000000000e+03 2.024903000000000206e-03
4.982000000000000000e+03 2.163330000000000201e-03
4.987000000000000000e+03 1.938721000000000021e-03
4.993000000000000000e+03 1.884033999999999926e-03
4.999000000000000000e+03 2.033936000000000077e-03
5.005000000000000000e+03 2.051026000000000064e-03
5.011000000000000000e+03 2.078369000000000050e-03
5.017000000000000000e+03 2.138915999999999821e-03
5.022000000000000000e+03 1.928466999999999898e-03
5.028000000000000000e+03 2.036866000000000024e-03
5.034000000000000000e+03 1.859619999999999980e-03
5.040000000000000000e+03 1.849610000000000013e-03
5.046000000000000000e+03 1.930908999999999967e-03
5.051000000000000000e+03 1.797851999999999957e-03
5.057000000000000000e+03 1.803467000000000004e-03
5.063000000000000000e+03 1.864746000000000025e-03
5.069000000000000000e+03 1.789795000000000058e-03
5.075000000000000000e+03 1.823486999999999938e-03
5.080000000000000000e+03 1.849364999999999950e-03
5.086000000000000000e+03 1.734131000000000084e-03
5.092000000000000000e+03 1.818359999999999985e-03
5.098000000000000000e+03 1.736083999999999935e-03
5.104000000000000000e+03 1.701905000000000084e-03
5.110000000000000000e+03 1.767577999999999901e-03
5.115000000000000000e+03 1.686767999999999948e-03
5.121000000000000000e+03 1.700684000000000050e-03
5.127000000000000000e+03 1.747070999999999997e-03
5.133000000000000000e+03 1.673828000000000035e-03
5.139000000000000000e+03 1.710694000000000017e-03
5.144000000000000000e+03 1.684570000000000034e-03
5.150000000000000000e+03 1.689208999999999893e-03
5.156000000000000000e+03 1.674560999999999975e-03
5.162000000000000000e+03 1.661865000000000000e-03
5.168000000000000000e+03 1.655762000000000076e-03
5.174000000000000000e+03 1.654052999999999947e-03
5.179000000000000000e+03 1.665039000000000102e-03
5.185000000000000000e+03 1.677246000000000075e-03
5.191000000000000000e+03 1.675536999999999947e-03
5.197000000000000000e+03 1.652587999999999974e-03
5.203000000000000000e+03 1.675782000000000009e-03
5.208000000000000000e+03 1.661621000000000061e-03
5.214000000000000000e+03 1.649903000000000090e-03
5.220000000000000000e+03 1.671631000000000028e-03
5.226000000000000000e+03 1.681152999999999901e-03
5.232000000000000000e+03 1.664307000000000069e-03
5.237000000000000000e+03 1.655273999999999981e-03
5.243000000000000000e+03 1.668212999999999988e-03
5.249000000000000000e+03 1.666748000000000014e-03
5.255000000000000000e+03 1.680419999999999961e-03
5.261000000000000000e+03 1.669190000000000083e-03
5.267000000000000000e+03 1.653076999999999975e-03
5.272000000000000000e+03 1.675293000000000008e-03
5.278000000000000000e+03 1.643310999999999947e-03
5.284000000000000000e+03 1.644286999999999919e-03
5.290000000000000000e+03 1.652831999999999912e-03
5.296000000000000000e+03 1.646485000000000049e-03
5.301000000000000000e+03 1.655517999999999920e-03
5.307000000000000000e+03 1.646485000000000049e-03
5.313000000000000000e+03 1.648925999999999994e-03
5.319000000000000000e+03 1.676514000000000042e-03
5.325000000000000000e+03 1.633544999999999919e-03
5.330000000000000000e+03 1.661376999999999906e-03
5.336000000000000000e+03 1.646728999999999988e-03
5.342000000000000000e+03 1.641113999999999941e-03
5.348000000000000000e+03 1.645751999999999892e-03
5.354000000000000000e+03 1.643067000000000008e-03
5.360000000000000000e+03 1.640870000000000002e-03
5.365000000000000000e+03 1.657470999999999988e-03
5.371000000000000000e+03 1.636962999999999960e-03
5.377000000000000000e+03 1.640870000000000002e-03
5.383000000000000000e+03 1.652344000000000035e-03
5.389000000000000000e+03 1.656006000000000014e-03
5.394000000000000000e+03 1.623780000000000015e-03
5.400000000000000000e+03 1.683594000000000063e-03
5.406000000000000000e+03 1.652100000000000096e-03
5.412000000000000000e+03 1.661621000000000061e-03
5.418000000000000000e+03 1.639892999999999906e-03
5.423000000000000000e+03 1.625733000000000083e-03
5.429000000000000000e+03 1.645751999999999892e-03
5.435000000000000000e+03 1.640870000000000002e-03
5.441000000000000000e+03 1.628417999999999966e-03
5.447000000000000000e+03 1.628417999999999966e-03
5.453000000000000000e+03 1.620361999999999974e-03
5.458000000000000000e+03 1.621582000000000101e-03
5.464000000000000000e+03 1.647704999999999960e-03
5.470000000000000000e+03 1.663575000000000036e-03
5.476000000000000000e+03 1.638427999999999933e-03
5.482000000000000000e+03 1.646240999999999894e-03
5.487000000000000000e+03 1.641845999999999974e-03
5.493000000000000000e+03 1.630860000000000035e-03
5.499000000000000000e+03 1.647948999999999898e-03
5.505000000000000000e+03 1.647704999999999960e-03
5.511000000000000000e+03 1.640381000000000001e-03
5.517000000000000000e+03 1.643067000000000008e-03
5.522000000000000000e+03 1.649903000000000090e-03
5.528000000000000000e+03 1.648193999999999961e-03
5.534000000000000000e+03 1.622071000000000103e-03
5.540000000000000000e+03 1.649169999999999933e-03
5.546000000000000000e+03 1.641602000000000035e-03
5.551000000000000000e+03 1.632813000000000103e-03
5.557000000000000000e+03 1.647217000000000082e-03
5.563000000000000000e+03 1.664551000000000008e-03
5.569000000000000000e+03 1.657714999999999926e-03
5.575000000000000000e+03 1.641602000000000035e-03
5.580000000000000000e+03 1.625733000000000083e-03
5.586000000000000000e+03 1.642089999999999913e-03
5.592000000000000000e+03 1.659424000000000055e-03
5.598000000000000000e+03 1.642823000000000070e-03
5.604000000000000000e+03 1.666015999999999981e-03
5.610000000000000000e+03 1.646728999999999988e-03
5.615000000000000000e+03 1.645020000000000076e-03
5.621000000000000000e+03 1.677246000000000075e-03
5.627000000000000000e+03 1.653809000000000008e-03
5.633000000000000000e+03 1.640624999999999939e-03
5.639000000000000000e+03 1.650879000000000062e-03
5.644000000000000000e+03 1.648682000000000055e-03
5.650000000000000000e+03 1.650390999999999967e-03
5.656000000000000000e+03 1.656249999999999953e-03
5.662000000000000000e+03 1.655273999999999981e-03
5.668000000000000000e+03 1.662842000000000096e-03
5.673000000000000000e+03 1.647217000000000082e-03
5.679000000000000000e+03 1.648925999999999994e-03
5.685000000000000000e+03 1.655762000000000076e-03
5.691000000000000000e+03 1.653565000000000070e-03
5.697000000000000000e+03 1.627685999999999933e-03
5.703000000000000000e+03 1.635741999999999925e-03
5.708000000000000000e+03 1.642334000000000068e-03
5.714000000000000000e+03 1.635741999999999925e-03
5.720000000000000000e+03 1.649169999999999933e-03
5.726000000000000000e+03 1.665039000000000102e-03
5.732000000000000000e+03 1.667237000000000016e-03
5.737000000000000000e+03 1.663575000000000036e-03
5.743000000000000000e+03 1.651368000000000063e-03
5.749000000000000000e+03 1.653565000000000070e-03
5.755000000000000000e+03 1.649169999999999933e-03
5.761000000000000000e+03 1.645020000000000076e-03
5.766000000000000000e+03 1.661865000000000000e-03
5.772000000000000000e+03 1.656006000000000014e-03
5.778000000000000000e+03 1.653320999999999914e-03
5.784000000000000000e+03 1.648925999999999994e-03
5.790000000000000000e+03 1.630616000000000097e-03
5.796000000000000000e+03 1.645507999999999953e-03
5.801000000000000000e+03 1.649658999999999934e-03
5.807000000000000000e+03 1.652100000000000096e-03
5.813000000000000000e+03 1.639892999999999906e-03
5.819000000000000000e+03 1.651855999999999941e-03
5.825000000000000000e+03 1.653320999999999914e-03
5.830000000000000000e+03 1.649658999999999934e-03
5.836000000000000000e+03 1.633544999999999919e-03
5.842000000000000000e+03 1.628661999999999905e-03
5.848000000000000000e+03 1.642823000000000070e-03
5.854000000000000000e+03 1.679687999999999928e-03
5.860000000000000000e+03 1.631836000000000007e-03
5.865000000000000000e+03 1.648925999999999994e-03
5.871000000000000000e+03 1.639405000000000029e-03
5.877000000000000000e+03 1.627685999999999933e-03
5.883000000000000000e+03 1.646972999999999927e-03
5.889000000000000000e+03 1.635741999999999925e-03
5.894000000000000000e+03 1.647704999999999960e-03
5.900000000000000000e+03 1.666015999999999981e-03
5.906000000000000000e+03 1.641358000000000096e-03
5.912000000000000000e+03 1.648682000000000055e-03
5.918000000000000000e+03 1.645020000000000076e-03
5.923000000000000000e+03 1.638916000000000027e-03
5.929000000000000000e+03 1.628174000000000027e-03
5.935000000000000000e+03 1.630127000000000095e-03
5.941000000000000000e+03 1.642578999999999914e-03
5.947000000000000000e+03 1.670655000000000057e-03
5.953000000000000000e+03 1.660889000000000029e-03
5.958000000000000000e+03 1.650634999999999906e-03
5.964000000000000000e+03 1.652344000000000035e-03
5.970000000000000000e+03 1.651123000000000000e-03
5.976000000000000000e+03 1.657959000000000082e-03
5.982000000000000000e+03 1.641358000000000096e-03
5.987000000000000000e+03 1.673584000000000096e-03
5.993000000000000000e+03 1.651123000000000000e-03
5.999000000000000000e+03 1.643310999999999947e-03
6.000000000000000000e+03 1.638672000000000089e-03
