4.000000000000000000e+00 1.812987999999999969e-03
9.000000000000000000e+00 1.833252000000000059e-03
1.300000000000000000e+01 1.675293000000000008e-03
1.800000000000000000e+01 1.676514000000000042e-03
2.400000000000000000e+01 1.760498000000000098e-03
3.000000000000000000e+01 1.724609999999999902e-03
3.500000000000000000e+01 1.770019999999999970e-03
4.100000000000000000e+01 1.736572999999999936e-03
4.700000000000000000e+01 1.679443999999999989e-03
5.300000000000000000e+01 1.698487000000000044e-03
5.900000000000000000e+01 1.709716999999999921e-03
6.400000000000000000e+01 1.680908000000000055e-03
7.000000000000000000e+01 1.719727000000000105e-03
7.600000000000000000e+01 1.755615000000000083e-03
8.200000000000000000e+01 1.717774000000000037e-03
8.800000000000000000e+01 1.752686000000000044e-03
9.300000000000000000e+01 1.723876999999999961e-03
9.900000000000000000e+01 1.753907000000000079e-03
1.050000000000000000e+02 1.797119999999999924e-03
1.110000000000000000e+02 1.786622000000000080e-03
1.170000000000000000e+02 1.895751999999999897e-03
1.230000000000000000e+02 1.781739000000000066e-03
1.280000000000000000e+02 1.791260000000000031e-03
1.340000000000000000e+02 2.027343999999999934e-03
1.400000000000000000e+02 1.958252000000000170e-03
1.460000000000000000e+02 1.920166000000000060e-03
1.520000000000000000e+02 1.947753999999999892e-03
1.570000000000000000e+02 1.830321999999999895e-03
1.630000000000000000e+02 1.929200000000000055e-03
1.690000000000000000e+02 1.982666000000000116e-03
1.750000000000000000e+02 1.961182000000000116e-03
1.810000000000000000e+02 1.952636999999999906e-03
1.860000000000000000e+02 1.888916000000000033e-03
1.920000000000000000e+02 1.871094000000000012e-03
1.980000000000000000e+02 2.116699000000000098e-03
2.040000000000000000e+02 1.962403000000000151e-03
2.100000000000000000e+02 2.093750000000000125e-03
2.160000000000000000e+02 2.186767999999999958e-03
2.210000000000000000e+02 2.090331999999999867e-03
2.270000000000000000e+02 2.243165000000000089e-03
2.330000000000000000e+02 2.143066999999999802e-03
2.390000000000000000e+02 2.091796999999999841e-03
2.450000000000000000e+02 2.106446000000000100e-03
2.500000000000000000e+02 2.042968999999999948e-03
2.560000000000000000e+02 2.078857999999999834e-03
2.620000000000000000e+02 2.227540000000000076e-03
2.680000000000000000e+02 2.201905000000000095e-03
2.740000000000000000e+02 2.177735000000000087e-03
2.800000000000000000e+02 2.272706000000000205e-03
2.850000000000000000e+02 2.046142999999999833e-03
2.910000000000000000e+02 2.016602000000000151e-03
2.970000000000000000e+02 1.964112000000000063e-03
3.030000000000000000e+02 1.872069999999999984e-03
3.090000000000000000e+02 2.096680000000000071e-03
3.140000000000000000e+02 2.029786000000000003e-03
3.200000000000000000e+02 1.996337999999999845e-03
3.260000000000000000e+02 2.122802999999999930e-03
3.320000000000000000e+02 2.042725000000000009e-03
3.380000000000000000e+02 1.927001999999999925e-03
3.430000000000000000e+02 1.974365999999999968e-03
3.490000000000000000e+02 1.903320999999999919e-03
3.550000000000000000e+02 1.864746000000000025e-03
3.610000000000000000e+02 1.926514000000000048e-03
3.670000000000000000e+02 1.770995999999999942e-03
3.730000000000000000e+02 1.833007999999999903e-03
3.780000000000000000e+02 1.780761999999999970e-03
3.840000000000000000e+02 1.753418000000000077e-03
3.900000000000000000e+02 1.790038999999999996e-03
3.960000000000000000e+02 1.765868999999999989e-03
4.020000000000000000e+02 1.757812999999999997e-03
4.070000000000000000e+02 1.908448000000000089e-03
4.130000000000000000e+02 1.787109999999999957e-03
4.190000000000000000e+02 1.723876999999999961e-03
4.250000000000000000e+02 1.748779999999999909e-03
4.310000000000000000e+02 1.699950999999999893e-03
4.360000000000000000e+02 1.813233000000000032e-03
4.420000000000000000e+02 1.743896999999999895e-03
4.480000000000000000e+02 1.795654999999999951e-03
4.540000000000000000e+02 1.823731000000000093e-03
4.600000000000000000e+02 1.767333999999999962e-03
4.660000000000000000e+02 1.818848000000000079e-03
4.710000000000000000e+02 1.873536000000000082e-03
4.770000000000000000e+02 1.833495999999999997e-03
4.830000000000000000e+02 1.850585999999999984e-03
4.890000000000000000e+02 1.833984999999999999e-03
4.950000000000000000e+02 1.764404999999999923e-03
5.000000000000000000e+02 1.844483000000000060e-03
5.060000000000000000e+02 1.850098000000000107e-03
5.120000000000000000e+02 1.849610000000000013e-03
5.180000000000000000e+02 1.859863999999999918e-03
5.240000000000000000e+02 1.852294999999999896e-03
5.290000000000000000e+02 1.743407999999999894e-03
5.350000000000000000e+02 1.816895000000000012e-03
5.410000000000000000e+02 1.692626999999999934e-03
5.470000000000000000e+02 1.746338000000000057e-03
5.530000000000000000e+02 1.720214999999999982e-03
5.590000000000000000e+02 1.694336000000000063e-03
5.640000000000000000e+02 1.726562999999999969e-03
5.700000000000000000e+02 1.705322999999999908e-03
5.760000000000000000e+02 1.692139000000000056e-03
5.820000000000000000e+02 1.729737000000000071e-03
5.880000000000000000e+02 1.683349999999999907e-03
5.930000000000000000e+02 1.689942000000000050e-03
5.990000000000000000e+02 1.857177999999999910e-03
6.050000000000000000e+02 1.699950999999999893e-03
6.110000000000000000e+02 1.813476999999999971e-03
6.170000000000000000e+02 1.877930000000000094e-03
6.230000000000000000e+02 1.894531000000000080e-03
6.280000000000000000e+02 2.044921999999999799e-03
6.340000000000000000e+02 2.113037999999999809e-03
6.400000000000000000e+02 2.126953999999999911e-03
6.460000000000000000e+02 2.377929999999999888e-03
6.520000000000000000e+02 2.534423999999999965e-03
6.570000000000000000e+02 2.597412999999999805e-03
6.630000000000000000e+02 2.822265999999999924e-03
6.690000000000000000e+02 2.788818000000000200e-03
6.750000000000000000e+02 2.934083000000000090e-03
6.810000000000000000e+02 3.206543999999999974e-03
6.860000000000000000e+02 3.246094000000000149e-03
6.920000000000000000e+02 3.387939999999999875e-03
6.980000000000000000e+02 3.607421999999999886e-03
7.040000000000000000e+02 3.713134999999999786e-03
7.100000000000000000e+02 3.920899000000000259e-03
7.160000000000000000e+02 3.962890999999999636e-03
7.210000000000000000e+02 4.026855999999999665e-03
7.270000000000000000e+02 4.115966999999999890e-03
7.330000000000000000e+02 4.139160999999999709e-03
7.390000000000000000e+02 4.216797999999999901e-03
7.450000000000000000e+02 4.385009999999999949e-03
7.500000000000000000e+02 4.282715999999999780e-03
7.560000000000000000e+02 4.512208000000000191e-03
7.620000000000000000e+02 4.614258000000000422e-03
7.680000000000000000e+02 4.669190000000000146e-03
7.740000000000000000e+02 4.868896999999999635e-03
7.790000000000000000e+02 4.862550000000000205e-03
7.850000000000000000e+02 4.890870000000000287e-03
7.910000000000000000e+02 5.070800999999999781e-03
7.970000000000000000e+02 4.946533999999999827e-03
8.030000000000000000e+02 4.981201999999999679e-03
8.090000000000000000e+02 4.999756000000000165e-03
8.140000000000000000e+02 5.090576999999999776e-03
8.200000000000000000e+02 5.263185000000000086e-03
8.260000000000000000e+02 5.225343000000000349e-03
8.320000000000000000e+02 5.160401000000000224e-03
8.380000000000000000e+02 5.259521999999999982e-03
8.430000000000000000e+02 5.183105999999999824e-03
8.490000000000000000e+02 5.276368000000000030e-03
8.550000000000000000e+02 5.404298000000000088e-03
8.610000000000000000e+02 5.184570000000000324e-03
8.670000000000000000e+02 5.113038000000000305e-03
8.720000000000000000e+02 5.071533999999999938e-03
8.780000000000000000e+02 4.975099000000000188e-03
8.840000000000000000e+02 5.049317000000000215e-03
8.900000000000000000e+02 4.794922000000000073e-03
8.960000000000000000e+02 4.648682000000000335e-03
9.020000000000000000e+02 4.582031999999999772e-03
9.070000000000000000e+02 4.369386000000000277e-03
9.130000000000000000e+02 4.192628000000000327e-03
9.190000000000000000e+02 4.089355999999999720e-03
9.250000000000000000e+02 3.902833000000000083e-03
9.310000000000000000e+02 3.724610000000000160e-03
9.360000000000000000e+02 3.631591999999999893e-03
9.420000000000000000e+02 3.416259999999999956e-03
9.480000000000000000e+02 3.286865999999999833e-03
9.540000000000000000e+02 3.247070999999999812e-03
9.600000000000000000e+02 3.209229000000000075e-03
9.660000000000000000e+02 3.200928999999999927e-03
9.710000000000000000e+02 3.213623999999999994e-03
9.770000000000000000e+02 3.378663000000000066e-03
9.830000000000000000e+02 3.531006000000000162e-03
9.890000000000000000e+02 3.628906999999999793e-03
9.950000000000000000e+02 3.773681999999999991e-03
1.000000000000000000e+03 3.904541999999999995e-03
1.006000000000000000e+03 4.082765000000000352e-03
1.012000000000000000e+03 4.286133999999999604e-03
1.018000000000000000e+03 4.423584999999999844e-03
1.024000000000000000e+03 4.662109999999999692e-03
1.029000000000000000e+03 4.922364000000000253e-03
1.035000000000000000e+03 5.188477000000000366e-03
1.041000000000000000e+03 5.311769000000000039e-03
1.047000000000000000e+03 5.507080999999999608e-03
1.053000000000000000e+03 5.458740999999999594e-03
1.059000000000000000e+03 5.554688000000000334e-03
1.064000000000000000e+03 5.750245000000000183e-03
1.070000000000000000e+03 5.770751999999999653e-03
1.076000000000000000e+03 6.009767000000000060e-03
1.082000000000000000e+03 5.993896999999999767e-03
1.088000000000000000e+03 5.915527999999999759e-03
1.093000000000000000e+03 6.056154000000000225e-03
1.099000000000000000e+03 6.044678999999999851e-03
1.105000000000000000e+03 6.144532999999999766e-03
1.111000000000000000e+03 6.226564000000000404e-03
1.117000000000000000e+03 6.112061999999999704e-03
1.122000000000000000e+03 6.268311999999999842e-03
1.128000000000000000e+03 6.423830000000000165e-03
1.134000000000000000e+03 6.364746999999999592e-03
1.140000000000000000e+03 6.634522000000000336e-03
1.146000000000000000e+03 6.622804000000000364e-03
1.152000000000000000e+03 6.885010999999999909e-03
1.157000000000000000e+03 7.286133999999999666e-03
1.163000000000000000e+03 7.564210000000000031e-03
1.169000000000000000e+03 7.667481999999999770e-03
1.175000000000000000e+03 8.055909999999999460e-03
1.181000000000000000e+03 8.343263000000000068e-03
1.186000000000000000e+03 8.788574999999999859e-03
1.192000000000000000e+03 9.077394000000000782e-03
1.198000000000000000e+03 9.274416000000000604e-03
1.204000000000000000e+03 9.641603000000000326e-03
1.210000000000000000e+03 9.853516999999999137e-03
1.215000000000000000e+03 1.011011000000000028e-02
1.221000000000000000e+03 1.052709999999999931e-02
1.227000000000000000e+03 1.074365000000000042e-02
1.233000000000000000e+03 1.096680000000000051e-02
1.239000000000000000e+03 1.112158000000000070e-02
1.245000000000000000e+03 1.132421999999999943e-02
1.250000000000000000e+03 1.144335999999999964e-02
1.256000000000000000e+03 1.145849999999999994e-02
1.262000000000000000e+03 1.157935000000000041e-02
1.268000000000000000e+03 1.164135999999999990e-02
1.274000000000000000e+03 1.159570000000000045e-02
1.279000000000000000e+03 1.157642000000000046e-02
1.285000000000000000e+03 1.172339000000000020e-02
1.291000000000000000e+03 1.163867000000000027e-02
1.297000000000000000e+03 1.159302000000000075e-02
1.303000000000000000e+03 1.160058999999999917e-02
1.309000000000000000e+03 1.127124000000000008e-02
1.314000000000000000e+03 1.115552000000000037e-02
1.320000000000000000e+03 1.123778999999999924e-02
1.326000000000000000e+03 1.122192999999999975e-02
1.332000000000000000e+03 1.126245000000000024e-02
1.338000000000000000e+03 1.142188000000000057e-02
1.343000000000000000e+03 1.159350999999999958e-02
1.349000000000000000e+03 1.208179000000000024e-02
1.355000000000000000e+03 1.257665999999999992e-02
1.361000000000000000e+03 1.308788999999999959e-02
1.367000000000000000e+03 1.347803000000000022e-02
1.372000000000000000e+03 1.394361000000000038e-02
1.378000000000000000e+03 1.455005000000000014e-02
1.384000000000000000e+03 1.544604999999999936e-02
1.390000000000000000e+03 1.607470999999999900e-02
1.396000000000000000e+03 1.667603000000000141e-02
1.402000000000000000e+03 1.714258000000000101e-02
1.407000000000000000e+03 1.777857000000000048e-02
1.413000000000000000e+03 1.846630999999999967e-02
1.419000000000000000e+03 1.902001999999999859e-02
1.425000000000000000e+03 1.943896999999999986e-02
1.431000000000000000e+03 1.985473999999999919e-02
1.436000000000000000e+03 2.021117999999999873e-02
1.442000000000000000e+03 2.062280000000000016e-02
1.448000000000000000e+03 2.089600000000000138e-02
1.454000000000000000e+03 2.118969999999999881e-02
1.460000000000000000e+03 2.160375999999999963e-02
1.465000000000000000e+03 2.192260999999999863e-02
1.471000000000000000e+03 2.210107999999999864e-02
1.477000000000000000e+03 2.228857999999999881e-02
1.483000000000000000e+03 2.250854999999999870e-02
1.489000000000000000e+03 2.280541999999999986e-02
1.495000000000000000e+03 2.315356999999999832e-02
1.500000000000000000e+03 2.336426000000000128e-02
1.506000000000000000e+03 2.339576000000000155e-02
1.512000000000000000e+03 2.366040000000000157e-02
1.518000000000000000e+03 2.402465999999999977e-02
1.524000000000000000e+03 2.444703000000000154e-02
1.529000000000000000e+03 2.450195999999999971e-02
1.535000000000000000e+03 2.444483000000000072e-02
1.541000000000000000e+03 2.479858999999999883e-02
1.547000000000000000e+03 2.519141000000000088e-02
1.553000000000000000e+03 2.525635000000000033e-02
1.558000000000000000e+03 2.539966000000000099e-02
1.564000000000000000e+03 2.528564999999999979e-02
1.570000000000000000e+03 2.557836999999999958e-02
1.576000000000000000e+03 2.603491999999999959e-02
1.582000000000000000e+03 2.622120000000000006e-02
1.588000000000000000e+03 2.629174999999999915e-02
1.593000000000000000e+03 2.640991999999999992e-02
1.599000000000000000e+03 2.664624000000000159e-02
1.605000000000000000e+03 2.699537000000000117e-02
1.611000000000000000e+03 2.729321999999999998e-02
1.617000000000000000e+03 2.736620999999999845e-02
1.622000000000000000e+03 2.744629000000000166e-02
1.628000000000000000e+03 2.754248000000000113e-02
1.634000000000000000e+03 2.790478999999999876e-02
1.640000000000000000e+03 2.817872000000000085e-02
1.646000000000000000e+03 2.823437999999999989e-02
1.652000000000000000e+03 2.853394000000000069e-02
1.657000000000000000e+03 2.894580999999999890e-02
1.663000000000000000e+03 2.914796000000000054e-02
1.669000000000000000e+03 2.934961000000000167e-02
1.675000000000000000e+03 2.955419999999999922e-02
1.681000000000000000e+03 2.977905999999999956e-02
1.686000000000000000e+03 3.038940999999999865e-02
1.692000000000000000e+03 3.034424999999999970e-02
1.698000000000000000e+03 3.049585999999999963e-02
1.704000000000000000e+03 3.067481000000000027e-02
1.710000000000000000e+03 3.103492000000000056e-02
1.715000000000000000e+03 3.138989999999999836e-02
1.721000000000000000e+03 3.165772000000000030e-02
1.727000000000000000e+03 3.166871000000000269e-02
1.733000000000000000e+03 3.190429999999999655e-02
1.739000000000000000e+03 3.219703000000000148e-02
1.745000000000000000e+03 3.246631999999999990e-02
1.750000000000000000e+03 3.267823000000000255e-02
1.756000000000000000e+03 3.263673000000000268e-02
1.762000000000000000e+03 3.276343000000000311e-02
1.768000000000000000e+03 3.327978999999999660e-02
1.774000000000000000e+03 3.348828999999999695e-02
1.779000000000000000e+03 3.379126999999999825e-02
1.785000000000000000e+03 3.373120999999999758e-02
1.791000000000000000e+03 3.388867999999999742e-02
1.797000000000000000e+03 3.434130999999999989e-02
1.803000000000000000e+03 3.480127000000000220e-02
1.808000000000000000e+03 3.485035000000000216e-02
1.814000000000000000e+03 3.500562000000000118e-02
1.820000000000000000e+03 3.516773000000000121e-02
1.826000000000000000e+03 3.547949999999999715e-02
1.832000000000000000e+03 3.597364000000000117e-02
1.838000000000000000e+03 3.610474000000000322e-02
1.843000000000000000e+03 3.618165000000000270e-02
1.849000000000000000e+03 3.658300999999999914e-02
1.855000000000000000e+03 3.678150000000000169e-02
1.861000000000000000e+03 3.735619999999999913e-02
1.867000000000000000e+03 3.755664999999999698e-02
1.872000000000000000e+03 3.766943999999999848e-02
1.878000000000000000e+03 3.797828000000000315e-02
1.884000000000000000e+03 3.831616999999999662e-02
1.890000000000000000e+03 3.870069000000000287e-02
1.896000000000000000e+03 3.903540999999999955e-02
1.901000000000000000e+03 3.924512000000000139e-02
1.907000000000000000e+03 3.963720999999999911e-02
1.913000000000000000e+03 4.005224999999999758e-02
1.919000000000000000e+03 4.043018000000000306e-02
1.925000000000000000e+03 4.049902999999999836e-02
1.931000000000000000e+03 4.076710000000000056e-02
1.936000000000000000e+03 4.117993999999999821e-02
1.942000000000000000e+03 4.179516999999999954e-02
1.948000000000000000e+03 4.178516000000000175e-02
1.954000000000000000e+03 4.189649000000000151e-02
1.960000000000000000e+03 4.223169000000000228e-02
1.965000000000000000e+03 4.265821000000000196e-02
1.971000000000000000e+03 4.316309000000000118e-02
1.977000000000000000e+03 4.349585999999999730e-02
1.983000000000000000e+03 4.349878000000000078e-02
1.989000000000000000e+03 4.389379999999999671e-02
1.995000000000000000e+03 4.447192999999999979e-02
2.000000000000000000e+03 4.481153000000000219e-02
2.006000000000000000e+03 4.507421999999999818e-02
2.012000000000000000e+03 4.510473999999999734e-02
2.018000000000000000e+03 4.543774999999999897e-02
2.024000000000000000e+03 4.618092000000000030e-02
2.029000000000000000e+03 4.660058999999999729e-02
2.035000000000000000e+03 4.680592000000000086e-02
2.041000000000000000e+03 4.686230999999999730e-02
2.047000000000000000e+03 4.719898000000000149e-02
2.053000000000000000e+03 4.793896999999999742e-02
2.058000000000000000e+03 4.847144999999999926e-02
2.064000000000000000e+03 4.879761999999999988e-02
2.070000000000000000e+03 4.899976000000000331e-02
2.076000000000000000e+03 4.949975999999999682e-02
2.082000000000000000e+03 5.002125000000000321e-02
2.088000000000000000e+03 5.059865000000000196e-02
2.093000000000000000e+03 5.064624999999999683e-02
2.099000000000000000e+03 5.090039999999999842e-02
2.105000000000000000e+03 5.148316000000000003e-02
2.111000000000000000e+03 5.194093000000000321e-02
2.117000000000000000e+03 5.237964999999999982e-02
2.122000000000000000e+03 5.250488999999999851e-02
2.128000000000000000e+03 5.285816000000000126e-02
2.134000000000000000e+03 5.339503000000000305e-02
2.140000000000000000e+03 5.379907999999999912e-02
2.146000000000000000e+03 5.407105000000000244e-02
2.151000000000000000e+03 5.423072999999999783e-02
2.157000000000000000e+03 5.462013000000000285e-02
2.163000000000000000e+03 5.549855000000000066e-02
2.169000000000000000e+03 5.584767000000000203e-02
2.175000000000000000e+03 5.594409999999999661e-02
2.181000000000000000e+03 5.604102999999999862e-02
2.186000000000000000e+03 5.682667000000000274e-02
2.192000000000000000e+03 5.739381000000000344e-02
2.198000000000000000e+03 5.781813000000000230e-02
2.204000000000000000e+03 5.790943999999999953e-02
2.210000000000000000e+03 5.797022999999999759e-02
2.215000000000000000e+03 5.857325000000000031e-02
2.221000000000000000e+03 5.935913999999999774e-02
2.227000000000000000e+03 5.981763999999999831e-02
2.233000000000000000e+03 5.983009000000000244e-02
2.239000000000000000e+03 5.975903999999999938e-02
2.245000000000000000e+03 6.050977999999999912e-02
2.250000000000000000e+03 6.140332999999999902e-02
2.256000000000000000e+03 6.187329999999999913e-02
2.262000000000000000e+03 6.193971000000000199e-02
2.268000000000000000e+03 6.208911999999999765e-02
2.274000000000000000e+03 6.264210000000000611e-02
2.279000000000000000e+03 6.332569999999999866e-02
2.285000000000000000e+03 6.373267999999999989e-02
2.291000000000000000e+03 6.357886999999999567e-02
2.297000000000000000e+03 6.401613000000000442e-02
2.303000000000000000e+03 6.443140999999999452e-02
2.308000000000000000e+03 6.539454000000000100e-02
2.314000000000000000e+03 6.566895000000000371e-02
2.320000000000000000e+03 6.556470000000000353e-02
2.326000000000000000e+03 6.600343000000000182e-02
2.332000000000000000e+03 6.654053999999999525e-02
2.338000000000000000e+03 6.697925999999999880e-02
2.343000000000000000e+03 6.702565000000000606e-02
2.349000000000000000e+03 6.706616999999999440e-02
2.355000000000000000e+03 6.734693999999999403e-02
2.361000000000000000e+03 6.781202000000000063e-02
2.367000000000000000e+03 6.823316000000000103e-02
2.372000000000000000e+03 6.830102999999999869e-02
2.378000000000000000e+03 6.824756999999999352e-02
2.384000000000000000e+03 6.858008999999999633e-02
2.390000000000000000e+03 6.920313999999999632e-02
2.396000000000000000e+03 6.936622000000000621e-02
2.401000000000000000e+03 6.926588000000000189e-02
2.407000000000000000e+03 6.913624000000000158e-02
2.413000000000000000e+03 6.930566999999999978e-02
2.419000000000000000e+03 6.961622000000000643e-02
2.425000000000000000e+03 6.973438999999999333e-02
2.431000000000000000e+03 6.933424000000000531e-02
2.436000000000000000e+03 6.917579000000000089e-02
2.442000000000000000e+03 6.919727000000000516e-02
2.448000000000000000e+03 6.925733000000000583e-02
2.454000000000000000e+03 6.918945999999999430e-02
2.460000000000000000e+03 6.836792999999999343e-02
2.465000000000000000e+03 6.815063999999999844e-02
2.471000000000000000e+03 6.804738000000000453e-02
2.477000000000000000e+03 6.759619999999999518e-02
2.483000000000000000e+03 6.700538999999999801e-02
2.489000000000000000e+03 6.627296000000000575e-02
2.494000000000000000e+03 6.568849000000000216e-02
2.500000000000000000e+03 6.557984000000000036e-02
2.506000000000000000e+03 6.486598000000000364e-02
2.512000000000000000e+03 6.398315999999999726e-02
2.518000000000000000e+03 6.324635000000000673e-02
2.524000000000000000e+03 6.253859000000000501e-02
2.529000000000000000e+03 6.203223000000000070e-02
2.535000000000000000e+03 6.136865999999999849e-02
2.541000000000000000e+03 6.011305000000000121e-02
2.547000000000000000e+03 5.896852000000000343e-02
2.553000000000000000e+03 5.824220000000000091e-02
2.558000000000000000e+03 5.797120000000000051e-02
2.564000000000000000e+03 5.809425000000000006e-02
2.570000000000000000e+03 5.844069000000000347e-02
2.576000000000000000e+03 5.857496000000000230e-02
2.582000000000000000e+03 5.917067000000000160e-02
2.588000000000000000e+03 5.986572999999999894e-02
2.593000000000000000e+03 6.036744000000000138e-02
2.599000000000000000e+03 6.054297000000000151e-02
2.605000000000000000e+03 6.073608999999999952e-02
2.611000000000000000e+03 6.133862999999999815e-02
2.617000000000000000e+03 6.208497000000000321e-02
2.622000000000000000e+03 6.230519000000000335e-02
2.628000000000000000e+03 6.223780999999999758e-02
2.634000000000000000e+03 6.262330000000000674e-02
2.640000000000000000e+03 6.321338999999999431e-02
2.646000000000000000e+03 6.377441999999999833e-02
2.651000000000000000e+03 6.387548999999999311e-02
2.657000000000000000e+03 6.373560000000000336e-02
2.663000000000000000e+03 6.409180999999999906e-02
2.669000000000000000e+03 6.456641999999999937e-02
2.675000000000000000e+03 6.501978999999999398e-02
2.681000000000000000e+03 6.508107000000000475e-02
2.686000000000000000e+03 6.495728000000000613e-02
2.692000000000000000e+03 6.519653999999999727e-02
2.698000000000000000e+03 6.583838999999999664e-02
2.704000000000000000e+03 6.621704999999999952e-02
2.710000000000000000e+03 6.641626999999999947e-02
2.715000000000000000e+03 6.618652999999999342e-02
2.721000000000000000e+03 6.629883999999999777e-02
2.727000000000000000e+03 6.681323999999999597e-02
2.733000000000000000e+03 6.731642000000000181e-02
2.739000000000000000e+03 6.728858000000000061e-02
2.744000000000000000e+03 6.696240999999999999e-02
2.750000000000000000e+03 6.712232999999999394e-02
2.756000000000000000e+03 6.777735999999999483e-02
2.762000000000000000e+03 6.818067999999999351e-02
2.768000000000000000e+03 6.812281000000000586e-02
2.774000000000000000e+03 6.826221999999999845e-02
2.779000000000000000e+03 6.844604999999999440e-02
2.785000000000000000e+03 6.883986000000000272e-02
2.791000000000000000e+03 6.914307999999999566e-02
2.797000000000000000e+03 6.881445999999999397e-02
2.803000000000000000e+03 6.877368999999999843e-02
2.808000000000000000e+03 6.918286999999999354e-02
2.814000000000000000e+03 6.941211999999999382e-02
2.820000000000000000e+03 6.959327999999999348e-02
2.826000000000000000e+03 6.942774000000000167e-02
2.832000000000000000e+03 6.950367000000000350e-02
2.837000000000000000e+03 6.968043000000000153e-02
2.843000000000000000e+03 6.999049000000000242e-02
2.849000000000000000e+03 7.020289000000000390e-02
2.855000000000000000e+03 7.008789999999999465e-02
2.861000000000000000e+03 6.993897000000000308e-02
2.867000000000000000e+03 7.038307000000000591e-02
2.872000000000000000e+03 7.094240000000000268e-02
2.878000000000000000e+03 7.081495000000000151e-02
2.884000000000000000e+03 7.068678000000000461e-02
2.890000000000000000e+03 7.093385000000000662e-02
2.896000000000000000e+03 7.148193999999999382e-02
2.901000000000000000e+03 7.180714000000000541e-02
2.907000000000000000e+03 7.143312000000000273e-02
2.913000000000000000e+03 7.117774000000000323e-02
2.919000000000000000e+03 7.146558999999999551e-02
2.925000000000000000e+03 7.163136000000000503e-02
2.930000000000000000e+03 7.189723000000000641e-02
2.936000000000000000e+03 7.171363000000000043e-02
2.942000000000000000e+03 7.144312999999999358e-02
2.948000000000000000e+03 7.163672999999999569e-02
2.954000000000000000e+03 7.199244000000000476e-02
2.960000000000000000e+03 7.207006999999999997e-02
2.965000000000000000e+03 7.178102000000000094e-02
2.971000000000000000e+03 7.135278999999999927e-02
2.977000000000000000e+03 7.180348000000000286e-02
2.983000000000000000e+03 7.223438999999999555e-02
2.989000000000000000e+03 7.201636000000000148e-02
2.994000000000000000e+03 7.176588000000000411e-02
3.000000000000000000e+03 7.164014999999999966e-02
3.006000000000000000e+03 7.181495999999999713e-02
3.012000000000000000e+03 7.214478000000000557e-02
3.018000000000000000e+03 7.225903999999999661e-02
3.024000000000000000e+03 7.171046000000000364e-02
3.029000000000000000e+03 7.186499999999999833e-02
3.035000000000000000e+03 7.201490000000000669e-02
3.041000000000000000e+03 7.217262000000000677e-02
3.047000000000000000e+03 7.218481999999999676e-02
3.053000000000000000e+03 7.181005999999999501e-02
3.058000000000000000e+03 7.184082999999999442e-02
3.064000000000000000e+03 7.214893000000000001e-02
3.070000000000000000e+03 7.228639000000000592e-02
3.076000000000000000e+03 7.220142000000000226e-02
3.082000000000000000e+03 7.181543999999999428e-02
3.087000000000000000e+03 7.178516000000000064e-02
3.093000000000000000e+03 7.222779000000000005e-02
3.099000000000000000e+03 7.240894000000000497e-02
3.105000000000000000e+03 7.207471999999999490e-02
3.111000000000000000e+03 7.177028000000000574e-02
3.117000000000000000e+03 7.188696999999999449e-02
3.122000000000000000e+03 7.203297999999999646e-02
3.128000000000000000e+03 7.207154999999999812e-02
3.134000000000000000e+03 7.164405999999999552e-02
3.140000000000000000e+03 7.116016999999999482e-02
3.146000000000000000e+03 7.107423999999999686e-02
3.151000000000000000e+03 7.114697000000000382e-02
3.157000000000000000e+03 7.107056999999999958e-02
3.163000000000000000e+03 7.031885000000000219e-02
3.169000000000000000e+03 6.992676999999999921e-02
3.175000000000000000e+03 6.981837000000000459e-02
3.180000000000000000e+03 7.002906999999999882e-02
3.186000000000000000e+03 6.997340000000000504e-02
3.192000000000000000e+03 6.936499999999999611e-02
3.198000000000000000e+03 6.921607000000000454e-02
3.204000000000000000e+03 6.939649999999999985e-02
3.210000000000000000e+03 6.962110000000000520e-02
3.215000000000000000e+03 6.942041999999999657e-02
3.221000000000000000e+03 6.897607999999999517e-02
3.227000000000000000e+03 6.847095000000000264e-02
3.233000000000000000e+03 6.867505000000000137e-02
3.239000000000000000e+03 6.852368999999999821e-02
3.244000000000000000e+03 6.782570000000000265e-02
3.250000000000000000e+03 6.694849999999999413e-02
3.256000000000000000e+03 6.651466000000000323e-02
3.262000000000000000e+03 6.637940000000000507e-02
3.268000000000000000e+03 6.592140000000000499e-02
3.273000000000000000e+03 6.545167000000000346e-02
3.279000000000000000e+03 6.514967000000000674e-02
3.285000000000000000e+03 6.537647000000000597e-02
3.291000000000000000e+03 6.589577000000000628e-02
3.297000000000000000e+03 6.667335000000000622e-02
3.303000000000000000e+03 6.728981000000000545e-02
3.308000000000000000e+03 6.736744000000000065e-02
3.314000000000000000e+03 6.785011000000000514e-02
3.320000000000000000e+03 6.830371999999999832e-02
3.326000000000000000e+03 6.841529000000000360e-02
3.332000000000000000e+03 6.830421000000000409e-02
3.337000000000000000e+03 6.808886999999999579e-02
3.343000000000000000e+03 6.809692999999999996e-02
3.349000000000000000e+03 6.829738000000000475e-02
3.355000000000000000e+03 6.819532000000000371e-02
3.361000000000000000e+03 6.778663999999999523e-02
3.367000000000000000e+03 6.740993000000000679e-02
3.372000000000000000e+03 6.750148000000000259e-02
3.378000000000000000e+03 6.762793999999999750e-02
3.384000000000000000e+03 6.752954999999999375e-02
3.390000000000000000e+03 6.696778000000000453e-02
3.396000000000000000e+03 6.670996999999999344e-02
3.401000000000000000e+03 6.673584999999999934e-02
3.407000000000000000e+03 6.699537999999999327e-02
3.413000000000000000e+03 6.671460999999999364e-02
3.419000000000000000e+03 6.607910999999999646e-02
3.425000000000000000e+03 6.572437000000000418e-02
3.430000000000000000e+03 6.588842999999999783e-02
3.436000000000000000e+03 6.576271000000000200e-02
3.442000000000000000e+03 6.555958000000000618e-02
3.448000000000000000e+03 6.504664000000000279e-02
3.454000000000000000e+03 6.506104000000000054e-02
3.460000000000000000e+03 6.499757000000000451e-02
3.465000000000000000e+03 6.497071999999999570e-02
3.471000000000000000e+03 6.440041000000000515e-02
3.477000000000000000e+03 6.404542000000000568e-02
3.483000000000000000e+03 6.383204000000000655e-02
3.489000000000000000e+03 6.398341000000000445e-02
3.494000000000000000e+03 6.375954000000000343e-02
3.500000000000000000e+03 6.313135999999999748e-02
3.506000000000000000e+03 6.276051000000000546e-02
3.512000000000000000e+03 6.273805000000000354e-02
3.518000000000000000e+03 6.254933000000000021e-02
3.523000000000000000e+03 6.250050000000000050e-02
3.529000000000000000e+03 6.188525999999999749e-02
3.535000000000000000e+03 6.161573000000000050e-02
3.541000000000000000e+03 6.173950999999999745e-02
3.547000000000000000e+03 6.177516000000000257e-02
3.553000000000000000e+03 6.157690999999999859e-02
3.558000000000000000e+03 6.100855000000000167e-02
3.564000000000000000e+03 6.050708999999999949e-02
3.570000000000000000e+03 6.053809999999999747e-02
3.576000000000000000e+03 6.067506000000000288e-02
3.582000000000000000e+03 6.039185999999999860e-02
3.587000000000000000e+03 5.970142999999999978e-02
3.593000000000000000e+03 5.958717000000000180e-02
3.599000000000000000e+03 5.949536999999999881e-02
3.605000000000000000e+03 5.956153000000000142e-02
3.611000000000000000e+03 5.901392999999999917e-02
3.616000000000000000e+03 5.851562999999999903e-02
3.622000000000000000e+03 5.839551999999999937e-02
3.628000000000000000e+03 5.831763999999999698e-02
3.634000000000000000e+03 5.814112999999999920e-02
3.640000000000000000e+03 5.762379000000000112e-02
3.646000000000000000e+03 5.702638000000000151e-02
3.651000000000000000e+03 5.714185000000000098e-02
3.657000000000000000e+03 5.704444000000000181e-02
3.663000000000000000e+03 5.685620999999999731e-02
3.669000000000000000e+03 5.640089000000000213e-02
3.675000000000000000e+03 5.581813000000000052e-02
3.680000000000000000e+03 5.583131000000000205e-02
3.686000000000000000e+03 5.593531000000000197e-02
3.692000000000000000e+03 5.552148999999999973e-02
3.698000000000000000e+03 5.478761000000000048e-02
3.704000000000000000e+03 5.455153000000000085e-02
3.710000000000000000e+03 5.433227999999999669e-02
3.715000000000000000e+03 5.443848999999999910e-02
3.721000000000000000e+03 5.410791000000000212e-02
3.727000000000000000e+03 5.349219000000000196e-02
3.733000000000000000e+03 5.318384999999999779e-02
3.739000000000000000e+03 5.314160999999999885e-02
3.744000000000000000e+03 5.304053999999999713e-02
3.750000000000000000e+03 5.284839999999999677e-02
3.756000000000000000e+03 5.186988000000000015e-02
3.762000000000000000e+03 5.141504999999999687e-02
3.768000000000000000e+03 5.161841999999999819e-02
3.773000000000000000e+03 5.158081999999999945e-02
3.779000000000000000e+03 5.115211000000000063e-02
3.785000000000000000e+03 5.049341999999999719e-02
3.791000000000000000e+03 5.021852000000000260e-02
3.797000000000000000e+03 5.019189999999999763e-02
3.803000000000000000e+03 4.988258000000000275e-02
3.808000000000000000e+03 4.950343000000000104e-02
3.814000000000000000e+03 4.909986000000000211e-02
3.820000000000000000e+03 4.864063999999999888e-02
3.826000000000000000e+03 4.858449000000000101e-02
3.832000000000000000e+03 4.838648000000000254e-02
3.837000000000000000e+03 4.783326000000000244e-02
3.843000000000000000e+03 4.748462999999999989e-02
3.849000000000000000e+03 4.741382999999999709e-02
3.855000000000000000e+03 4.731520000000000170e-02
3.861000000000000000e+03 4.713404000000000205e-02
3.866000000000000000e+03 4.643823999999999869e-02
3.872000000000000000e+03 4.604028999999999761e-02
3.878000000000000000e+03 4.606592000000000325e-02
3.884000000000000000e+03 4.571069999999999994e-02
3.890000000000000000e+03 4.546533999999999992e-02
3.896000000000000000e+03 4.505664000000000197e-02
3.901000000000000000e+03 4.455956999999999973e-02
3.907000000000000000e+03 4.455615999999999743e-02
3.913000000000000000e+03 4.433764999999999928e-02
3.919000000000000000e+03 4.391260999999999776e-02
3.925000000000000000e+03 4.328052999999999761e-02
3.930000000000000000e+03 4.296851000000000143e-02
3.936000000000000000e+03 4.299000000000000044e-02
3.942000000000000000e+03 4.276367999999999836e-02
3.948000000000000000e+03 4.187305000000000194e-02
3.954000000000000000e+03 4.133081999999999728e-02
3.959000000000000000e+03 4.104029000000000010e-02
3.965000000000000000e+03 4.075415999999999761e-02
3.971000000000000000e+03 4.042431999999999970e-02
3.977000000000000000e+03 3.966236000000000067e-02
3.983000000000000000e+03 3.888599000000000222e-02
3.989000000000000000e+03 3.855958000000000302e-02
3.994000000000000000e+03 3.820362000000000063e-02
4.000000000000000000e+03 3.789942000000000311e-02
4.006000000000000000e+03 3.708936000000000177e-02
4.012000000000000000e+03 3.604957000000000300e-02
4.018000000000000000e+03 3.579981000000000135e-02
4.023000000000000000e+03 3.589283000000000057e-02
4.029000000000000000e+03 3.564404999999999657e-02
4.035000000000000000e+03 3.572949999999999737e-02
4.041000000000000000e+03 3.598290999999999989e-02
4.047000000000000000e+03 3.650244999999999879e-02
4.053000000000000000e+03 3.683349999999999819e-02
4.058000000000000000e+03 3.666602000000000056e-02
4.064000000000000000e+03 3.627514999999999906e-02
4.070000000000000000e+03 3.613062000000000218e-02
4.076000000000000000e+03 3.595215000000000216e-02
4.082000000000000000e+03 3.580250000000000099e-02
4.087000000000000000e+03 3.564722000000000030e-02
4.093000000000000000e+03 3.513159999999999894e-02
4.099000000000000000e+03 3.496240999999999932e-02
4.105000000000000000e+03 3.491504000000000135e-02
4.111000000000000000e+03 3.473095999999999822e-02
4.116000000000000000e+03 3.441700000000000315e-02
4.122000000000000000e+03 3.368750999999999690e-02
4.128000000000000000e+03 3.349267999999999690e-02
4.134000000000000000e+03 3.350049000000000082e-02
4.140000000000000000e+03 3.307519999999999905e-02
4.146000000000000000e+03 3.266480000000000078e-02
4.151000000000000000e+03 3.223242999999999941e-02
4.157000000000000000e+03 3.198169000000000012e-02
4.163000000000000000e+03 3.195532999999999707e-02
4.169000000000000000e+03 3.175171999999999717e-02
4.175000000000000000e+03 3.122925999999999827e-02
4.180000000000000000e+03 3.086206999999999839e-02
4.186000000000000000e+03 3.052393000000000120e-02
4.192000000000000000e+03 3.046509000000000023e-02
4.198000000000000000e+03 3.027076000000000072e-02
4.204000000000000000e+03 2.957374000000000114e-02
4.209000000000000000e+03 2.927491000000000121e-02
4.215000000000000000e+03 2.918408000000000113e-02
4.221000000000000000e+03 2.907324999999999840e-02
4.227000000000000000e+03 2.865380999999999831e-02
4.233000000000000000e+03 2.827050999999999870e-02
4.239000000000000000e+03 2.788378999999999858e-02
4.244000000000000000e+03 2.789111999999999841e-02
4.250000000000000000e+03 2.759228999999999848e-02
4.256000000000000000e+03 2.734521999999999994e-02
4.262000000000000000e+03 2.702662000000000120e-02
4.268000000000000000e+03 2.656837000000000087e-02
4.273000000000000000e+03 2.633349999999999927e-02
4.279000000000000000e+03 2.635668999999999859e-02
4.285000000000000000e+03 2.597437000000000010e-02
4.291000000000000000e+03 2.558691999999999911e-02
4.297000000000000000e+03 2.540113000000000093e-02
4.302000000000000000e+03 2.510766999999999860e-02
4.308000000000000000e+03 2.518652999999999864e-02
4.314000000000000000e+03 2.461622000000000116e-02
4.320000000000000000e+03 2.426002000000000020e-02
4.326000000000000000e+03 2.413403999999999897e-02
4.332000000000000000e+03 2.381225999999999829e-02
4.337000000000000000e+03 2.355689000000000047e-02
4.343000000000000000e+03 2.316187000000000107e-02
4.349000000000000000e+03 2.270240000000000105e-02
4.355000000000000000e+03 2.252343999999999874e-02
4.361000000000000000e+03 2.224657999999999844e-02
4.366000000000000000e+03 2.182055999999999926e-02
4.372000000000000000e+03 2.141846000000000028e-02
4.378000000000000000e+03 2.099097000000000116e-02
4.384000000000000000e+03 2.084375000000000117e-02
4.390000000000000000e+03 2.078100999999999907e-02
4.396000000000000000e+03 2.039258000000000043e-02
4.401000000000000000e+03 2.024097000000000049e-02
4.407000000000000000e+03 2.007323999999999914e-02
4.413000000000000000e+03 1.985473999999999919e-02
4.419000000000000000e+03 1.986132999999999996e-02
4.425000000000000000e+03 1.963501000000000135e-02
4.430000000000000000e+03 1.913573999999999831e-02
4.436000000000000000e+03 1.901415999999999870e-02
4.442000000000000000e+03 1.875171000000000129e-02
4.448000000000000000e+03 1.857104999999999867e-02
4.454000000000000000e+03 1.832372999999999988e-02
4.459000000000000000e+03 1.783788999999999861e-02
4.465000000000000000e+03 1.766846000000000041e-02
4.471000000000000000e+03 1.758764999999999981e-02
4.477000000000000000e+03 1.748266999999999877e-02
4.483000000000000000e+03 1.717627000000000043e-02
4.489000000000000000e+03 1.686889999999999917e-02
4.494000000000000000e+03 1.669775999999999899e-02
4.500000000000000000e+03 1.660694000000000059e-02
4.506000000000000000e+03 1.641895000000000160e-02
4.512000000000000000e+03 1.611206000000000096e-02
4.518000000000000000e+03 1.600756999999999874e-02
4.523000000000000000e+03 1.577637000000000136e-02
4.529000000000000000e+03 1.573315999999999951e-02
4.535000000000000000e+03 1.552831999999999997e-02
4.541000000000000000e+03 1.520288000000000021e-02
4.547000000000000000e+03 1.494628999999999923e-02
4.552000000000000000e+03 1.488184000000000035e-02
4.558000000000000000e+03 1.487987999999999984e-02
4.564000000000000000e+03 1.474999999999999922e-02
4.570000000000000000e+03 1.433496000000000076e-02
4.576000000000000000e+03 1.413819000000000013e-02
4.582000000000000000e+03 1.398290999999999944e-02
4.587000000000000000e+03 1.355297999999999919e-02
4.593000000000000000e+03 1.324170000000000035e-02
4.599000000000000000e+03 1.291381999999999947e-02
4.605000000000000000e+03 1.250098000000000008e-02
4.611000000000000000e+03 1.230004999999999987e-02
4.616000000000000000e+03 1.211475000000000052e-02
4.622000000000000000e+03 1.182764000000000038e-02
4.628000000000000000e+03 1.169628999999999981e-02
4.634000000000000000e+03 1.148485999999999951e-02
4.640000000000000000e+03 1.152245999999999999e-02
4.646000000000000000e+03 1.160352000000000085e-02
4.651000000000000000e+03 1.137549000000000025e-02
4.657000000000000000e+03 1.120946999999999916e-02
4.663000000000000000e+03 1.115307999999999924e-02
4.669000000000000000e+03 1.106934000000000043e-02
4.675000000000000000e+03 1.100830000000000038e-02
4.680000000000000000e+03 1.082299999999999929e-02
4.686000000000000000e+03 1.053466999999999945e-02
4.692000000000000000e+03 1.047925000000000072e-02
4.698000000000000000e+03 1.020557000000000061e-02
4.704000000000000000e+03 1.004053000000000063e-02
4.709000000000000000e+03 9.854737000000000566e-03
4.715000000000000000e+03 9.456057000000000351e-03
4.721000000000000000e+03 9.360841999999999427e-03
4.727000000000000000e+03 9.330079999999999277e-03
4.733000000000000000e+03 9.168702000000000796e-03
4.739000000000000000e+03 9.015382000000000604e-03
4.744000000000000000e+03 8.795410999999999507e-03
4.750000000000000000e+03 8.566650999999999780e-03
4.756000000000000000e+03 8.444824999999999554e-03
4.762000000000000000e+03 8.217286000000000729e-03
4.768000000000000000e+03 7.994875000000000245e-03
4.773000000000000000e+03 7.988039000000000597e-03
4.779000000000000000e+03 7.749513000000000408e-03
4.785000000000000000e+03 7.526856000000000171e-03
4.791000000000000000e+03 7.475586999999999684e-03
4.797000000000000000e+03 7.306397000000000065e-03
4.802000000000000000e+03 7.227296000000000241e-03
4.808000000000000000e+03 7.199220000000000098e-03
4.814000000000000000e+03 6.878907000000000077e-03
4.820000000000000000e+03 6.872559999999999780e-03
4.826000000000000000e+03 6.551027000000000065e-03
4.832000000000000000e+03 6.404787000000000327e-03
4.837000000000000000e+03 6.422853000000000069e-03
4.843000000000000000e+03 6.056642000000000102e-03
4.849000000000000000e+03 5.882814000000000099e-03
4.855000000000000000e+03 5.869873999999999752e-03
4.861000000000000000e+03 5.785890000000000130e-03
4.866000000000000000e+03 5.738281999999999931e-03
4.872000000000000000e+03 5.732667000000000318e-03
4.878000000000000000e+03 5.539063000000000320e-03
4.884000000000000000e+03 5.532228000000000145e-03
4.890000000000000000e+03 5.343263000000000006e-03
4.895000000000000000e+03 5.267578999999999664e-03
4.901000000000000000e+03 5.206543999999999582e-03
4.907000000000000000e+03 4.952881000000000124e-03
4.913000000000000000e+03 4.927978999999999866e-03
4.919000000000000000e+03 4.898681999999999689e-03
4.925000000000000000e+03 4.749757000000000284e-03
4.930000000000000000e+03 4.641114000000000003e-03
4.936000000000000000e+03 4.568604000000000415e-03
4.942000000000000000e+03 4.437013000000000068e-03
4.948000000000000000e+03 4.437988999999999823e-03
4.954000000000000000e+03 4.222901000000000259e-03
4.959000000000000000e+03 4.189453999999999574e-03
4.965000000000000000e+03 4.155029999999999661e-03
4.971000000000000000e+03 3.913330999999999928e-03
4.977000000000000000e+03 3.884278000000000123e-03
4.983000000000000000e+03 3.844239000000000163e-03
4.989000000000000000e+03 3.694092999999999856e-03
4.994000000000000000e+03 3.693360000000000132e-03
5.000000000000000000e+03 3.633058000000000207e-03
5.006000000000000000e+03 3.482423000000000116e-03
5.012000000000000000e+03 3.575683999999999980e-03
5.018000000000000000e+03 3.413330999999999917e-03
5.023000000000000000e+03 3.294189999999999792e-03
5.029000000000000000e+03 3.249024000000000096e-03
5.035000000000000000e+03 3.082032000000000174e-03
5.041000000000000000e+03 3.087158999999999910e-03
5.047000000000000000e+03 3.068847999999999888e-03
5.052000000000000000e+03 2.957032000000000063e-03
5.058000000000000000e+03 2.948731000000000008e-03
5.064000000000000000e+03 2.905273999999999791e-03
5.070000000000000000e+03 2.895263999999999824e-03
5.076000000000000000e+03 2.943115999999999961e-03
5.082000000000000000e+03 2.736328000000000111e-03
5.087000000000000000e+03 2.675537999999999875e-03
5.093000000000000000e+03 2.842285999999999858e-03
5.099000000000000000e+03 2.605225000000000075e-03
5.105000000000000000e+03 2.532471000000000114e-03
5.111000000000000000e+03 2.533692000000000149e-03
5.116000000000000000e+03 2.429932000000000099e-03
5.122000000000000000e+03 2.399659000000000167e-03
5.128000000000000000e+03 2.471679999999999971e-03
5.134000000000000000e+03 2.362304999999999874e-03
5.140000000000000000e+03 2.399414999999999795e-03
5.145000000000000000e+03 2.404784999999999996e-03
5.151000000000000000e+03 2.359864000000000146e-03
5.157000000000000000e+03 2.397217000000000098e-03
5.163000000000000000e+03 2.213623000000000066e-03
5.169000000000000000e+03 2.215088000000000040e-03
5.175000000000000000e+03 2.176270000000000114e-03
5.180000000000000000e+03 1.989013999999999886e-03
5.186000000000000000e+03 1.965820999999999975e-03
5.192000000000000000e+03 1.868897000000000006e-03
5.198000000000000000e+03 1.783936000000000072e-03
5.204000000000000000e+03 1.740723000000000010e-03
5.209000000000000000e+03 1.695801000000000036e-03
5.215000000000000000e+03 1.674073000000000097e-03
5.221000000000000000e+03 1.685546999999999913e-03
5.227000000000000000e+03 1.701416000000000083e-03
5.233000000000000000e+03 1.660889000000000029e-03
5.238000000000000000e+03 1.678954999999999987e-03
5.244000000000000000e+03 1.693360000000000091e-03
5.250000000000000000e+03 1.667724999999999893e-03
5.256000000000000000e+03 1.706543000000000036e-03
5.262000000000000000e+03 1.695557000000000097e-03
5.268000000000000000e+03 1.690674000000000083e-03
5.273000000000000000e+03 1.673828000000000035e-03
5.279000000000000000e+03 1.685059000000000036e-03
5.285000000000000000e+03 1.660156000000000088e-03
5.291000000000000000e+03 1.658935999999999961e-03
5.297000000000000000e+03 1.648193999999999961e-03
5.302000000000000000e+03 1.650634999999999906e-03
5.308000000000000000e+03 1.664062999999999914e-03
5.314000000000000000e+03 1.657714999999999926e-03
5.320000000000000000e+03 1.672363999999999969e-03
5.326000000000000000e+03 1.664551000000000008e-03
5.332000000000000000e+03 1.672363999999999969e-03
5.337000000000000000e+03 1.673096000000000002e-03
5.343000000000000000e+03 1.657959000000000082e-03
5.349000000000000000e+03 1.651368000000000063e-03
5.355000000000000000e+03 1.637451999999999961e-03
5.361000000000000000e+03 1.645996000000000048e-03
5.366000000000000000e+03 1.673584000000000096e-03
5.372000000000000000e+03 1.670410999999999901e-03
5.378000000000000000e+03 1.670655000000000057e-03
5.384000000000000000e+03 1.679932000000000083e-03
5.390000000000000000e+03 1.664307000000000069e-03
5.395000000000000000e+03 1.685546999999999913e-03
5.401000000000000000e+03 1.672607999999999907e-03
5.407000000000000000e+03 1.645507999999999953e-03
5.413000000000000000e+03 1.653809000000000008e-03
5.419000000000000000e+03 1.650390999999999967e-03
5.425000000000000000e+03 1.655030000000000043e-03
5.430000000000000000e+03 1.650147000000000029e-03
5.436000000000000000e+03 1.669434000000000022e-03
5.442000000000000000e+03 1.631347999999999913e-03
5.448000000000000000e+03 1.666993000000000077e-03
5.454000000000000000e+03 1.664794999999999947e-03
5.459000000000000000e+03 1.658692000000000022e-03
5.465000000000000000e+03 1.621582000000000101e-03
5.471000000000000000e+03 1.644531999999999982e-03
5.477000000000000000e+03 1.654297000000000102e-03
5.483000000000000000e+03 1.641358000000000096e-03
5.488000000000000000e+03 1.665528000000000104e-03
5.494000000000000000e+03 1.649414000000000088e-03
5.500000000000000000e+03 1.642089999999999913e-03
5.506000000000000000e+03 1.644775999999999920e-03
5.512000000000000000e+03 1.670410999999999901e-03
5.518000000000000000e+03 1.666748000000000014e-03
5.523000000000000000e+03 1.666993000000000077e-03
5.529000000000000000e+03 1.647948999999999898e-03
5.535000000000000000e+03 1.645264000000000015e-03
5.541000000000000000e+03 1.666993000000000077e-03
5.547000000000000000e+03 1.659179999999999900e-03
5.552000000000000000e+03 1.659911999999999933e-03
5.558000000000000000e+03 1.662597999999999940e-03
5.564000000000000000e+03 1.647704999999999960e-03
5.570000000000000000e+03 1.657959000000000082e-03
5.576000000000000000e+03 1.645751999999999892e-03
5.581000000000000000e+03 1.660400999999999934e-03
5.587000000000000000e+03 1.638672000000000089e-03
5.593000000000000000e+03 1.650390999999999967e-03
5.599000000000000000e+03 1.642578999999999914e-03
5.605000000000000000e+03 1.660156000000000088e-03
5.611000000000000000e+03 1.654541000000000041e-03
5.616000000000000000e+03 1.629882999999999939e-03
5.622000000000000000e+03 1.645751999999999892e-03
5.628000000000000000e+03 1.639405000000000029e-03
5.634000000000000000e+03 1.647704999999999960e-03
5.640000000000000000e+03 1.657959000000000082e-03
5.645000000000000000e+03 1.642578999999999914e-03
5.651000000000000000e+03 1.639161000000000090e-03
5.657000000000000000e+03 1.675782000000000009e-03
5.663000000000000000e+03 1.650634999999999906e-03
5.669000000000000000e+03 1.634278000000000076e-03
5.674000000000000000e+03 1.632079999999999946e-03
5.680000000000000000e+03 1.638916000000000027e-03
5.686000000000000000e+03 1.644775999999999920e-03
5.692000000000000000e+03 1.674073000000000097e-03
5.698000000000000000e+03 1.657714999999999926e-03
5.704000000000000000e+03 1.652344000000000035e-03
5.709000000000000000e+03 1.614013999999999987e-03
5.715000000000000000e+03 1.659424000000000055e-03
5.721000000000000000e+03 1.683105999999999968e-03
5.727000000000000000e+03 1.669677999999999961e-03
5.733000000000000000e+03 1.682860999999999906e-03
5.738000000000000000e+03 1.632568999999999947e-03
5.744000000000000000e+03 1.662354000000000002e-03
5.750000000000000000e+03 1.670898999999999995e-03
5.756000000000000000e+03 1.643799000000000041e-03
5.762000000000000000e+03 1.658935999999999961e-03
5.768000000000000000e+03 1.641358000000000096e-03
5.773000000000000000e+03 1.647948999999999898e-03
5.779000000000000000e+03 1.646972999999999927e-03
5.785000000000000000e+03 1.662842000000000096e-03
5.791000000000000000e+03 1.633300999999999980e-03
5.797000000000000000e+03 1.655762000000000076e-03
5.802000000000000000e+03 1.668701000000000082e-03
5.808000000000000000e+03 1.669434000000000022e-03
5.814000000000000000e+03 1.649903000000000090e-03
5.820000000000000000e+03 1.665283000000000041e-03
5.826000000000000000e+03 1.639161000000000090e-03
5.831000000000000000e+03 1.648193999999999961e-03
5.837000000000000000e+03 1.654541000000000041e-03
5.843000000000000000e+03 1.656982999999999893e-03
5.849000000000000000e+03 1.660889000000000029e-03
5.855000000000000000e+03 1.666993000000000077e-03
5.861000000000000000e+03 1.633544999999999919e-03
5.866000000000000000e+03 1.635254000000000048e-03
5.872000000000000000e+03 1.643555000000000103e-03
5.878000000000000000e+03 1.649903000000000090e-03
5.884000000000000000e+03 1.638183999999999994e-03
5.890000000000000000e+03 1.640624999999999939e-03
5.895000000000000000e+03 1.644286999999999919e-03
5.901000000000000000e+03 1.649414000000000088e-03
5.907000000000000000e+03 1.656249999999999953e-03
5.913000000000000000e+03 1.644286999999999919e-03
5.919000000000000000e+03 1.638672000000000089e-03
5.924000000000000000e+03 1.642334000000000068e-03
5.930000000000000000e+03 1.625977000000000021e-03
5.936000000000000000e+03 1.637940000000000056e-03
5.942000000000000000e+03 1.650390999999999967e-03
5.948000000000000000e+03 1.649169999999999933e-03
5.954000000000000000e+03 1.640870000000000002e-03
5.959000000000000000e+03 1.649169999999999933e-03
5.965000000000000000e+03 1.639405000000000029e-03
5.971000000000000000e+03 1.640870000000000002e-03
5.977000000000000000e+03 1.666748000000000014e-03
5.983000000000000000e+03 1.653076999999999975e-03
5.988000000000000000e+03 1.659424000000000055e-03
5.994000000000000000e+03 1.660889000000000029e-03
6.000000000000000000e+03 1.623047000000000075e-03
