3.000000000000000000e+00 1.672120000000000030e-03
8.000000000000000000e+00 1.674804999999999914e-03
1.200000000000000000e+01 1.653565000000000070e-03
1.700000000000000000e+01 1.648682000000000055e-03
2.300000000000000000e+01 1.663086000000000035e-03
2.900000000000000000e+01 1.640137000000000062e-03
3.400000000000000000e+01 1.634765999999999954e-03
4.000000000000000000e+01 1.673339999999999940e-03
4.600000000000000000e+01 1.666259999999999920e-03
5.200000000000000000e+01 1.654297000000000102e-03
5.800000000000000000e+01 1.678222999999999954e-03
6.300000000000000000e+01 1.656982999999999893e-03
6.900000000000000000e+01 1.648193999999999961e-03
7.500000000000000000e+01 1.681152999999999901e-03
8.100000000000000000e+01 1.637206999999999898e-03
8.700000000000000000e+01 1.665772000000000043e-03
9.200000000000000000e+01 1.641602000000000035e-03
9.800000000000000000e+01 1.682860999999999906e-03
1.040000000000000000e+02 1.676757999999999981e-03
1.100000000000000000e+02 1.659667999999999994e-03
1.160000000000000000e+02 1.698241999999999981e-03
1.220000000000000000e+02 1.670410999999999901e-03
1.270000000000000000e+02 1.661621000000000061e-03
1.330000000000000000e+02 1.663086000000000035e-03
1.390000000000000000e+02 1.646728999999999988e-03
1.450000000000000000e+02 1.661865000000000000e-03
1.510000000000000000e+02 1.672607999999999907e-03
1.560000000000000000e+02 1.662597999999999940e-03
1.620000000000000000e+02 1.662354000000000002e-03
1.680000000000000000e+02 1.694825000000000064e-03
1.740000000000000000e+02 1.658203999999999928e-03
1.800000000000000000e+02 1.666504000000000076e-03
1.850000000000000000e+02 1.699219000000000077e-03
1.910000000000000000e+02 1.645507999999999953e-03
1.970000000000000000e+02 1.662110000000000063e-03
2.030000000000000000e+02 1.677490999999999921e-03
2.090000000000000000e+02 1.687499999999999981e-03
2.150000000000000000e+02 1.683838000000000001e-03
2.200000000000000000e+02 1.659911999999999933e-03
2.260000000000000000e+02 1.674804999999999914e-03
2.320000000000000000e+02 1.677001999999999920e-03
2.380000000000000000e+02 1.642578999999999914e-03
2.440000000000000000e+02 1.659667999999999994e-03
2.490000000000000000e+02 1.666504000000000076e-03
2.550000000000000000e+02 1.667237000000000016e-03
2.610000000000000000e+02 1.660400999999999934e-03
2.670000000000000000e+02 1.675536999999999947e-03
2.730000000000000000e+02 1.672852000000000063e-03
2.790000000000000000e+02 1.673828000000000035e-03
2.840000000000000000e+02 1.696533999999999976e-03
2.900000000000000000e+02 1.678222999999999954e-03
2.960000000000000000e+02 1.667969000000000049e-03
3.020000000000000000e+02 1.664062999999999914e-03
3.080000000000000000e+02 1.663575000000000036e-03
3.130000000000000000e+02 1.680663999999999899e-03
3.190000000000000000e+02 1.674073000000000097e-03
3.250000000000000000e+02 1.658446999999999959e-03
3.310000000000000000e+02 1.656493999999999892e-03
3.370000000000000000e+02 1.679932000000000083e-03
3.420000000000000000e+02 1.656982999999999893e-03
3.480000000000000000e+02 1.674073000000000097e-03
3.540000000000000000e+02 1.643555000000000103e-03
3.600000000000000000e+02 1.685059000000000036e-03
3.660000000000000000e+02 1.656982999999999893e-03
3.720000000000000000e+02 1.644531999999999982e-03
3.770000000000000000e+02 1.663818999999999975e-03
3.830000000000000000e+02 1.652831999999999912e-03
3.890000000000000000e+02 1.650147000000000029e-03
3.950000000000000000e+02 1.674804999999999914e-03
4.010000000000000000e+02 1.660645000000000090e-03
4.060000000000000000e+02 1.669434000000000022e-03
4.120000000000000000e+02 1.673584000000000096e-03
4.180000000000000000e+02 1.635009999999999892e-03
4.240000000000000000e+02 1.673096000000000002e-03
4.300000000000000000e+02 1.643067000000000008e-03
4.350000000000000000e+02 1.661621000000000061e-03
4.410000000000000000e+02 1.673096000000000002e-03
4.470000000000000000e+02 1.666504000000000076e-03
4.530000000000000000e+02 1.678711000000000049e-03
4.590000000000000000e+02 1.664551000000000008e-03
4.650000000000000000e+02 1.658203999999999928e-03
4.700000000000000000e+02 1.693604000000000030e-03
4.760000000000000000e+02 1.647461000000000021e-03
4.820000000000000000e+02 1.673339999999999940e-03
4.880000000000000000e+02 1.657959000000000082e-03
4.940000000000000000e+02 1.665039000000000102e-03
4.990000000000000000e+02 1.656982999999999893e-03
5.050000000000000000e+02 1.681397000000000056e-03
5.110000000000000000e+02 1.667969000000000049e-03
5.170000000000000000e+02 1.689208999999999893e-03
5.230000000000000000e+02 1.646972999999999927e-03
5.280000000000000000e+02 1.657470999999999988e-03
5.340000000000000000e+02 1.683349999999999907e-03
5.400000000000000000e+02 1.647461000000000021e-03
5.460000000000000000e+02 1.665283000000000041e-03
5.520000000000000000e+02 1.639648999999999968e-03
5.580000000000000000e+02 1.661376999999999906e-03
5.630000000000000000e+02 1.658446999999999959e-03
5.690000000000000000e+02 1.686280000000000071e-03
5.750000000000000000e+02 1.633057000000000042e-03
5.810000000000000000e+02 1.675293000000000008e-03
5.870000000000000000e+02 1.678711000000000049e-03
5.920000000000000000e+02 1.667724999999999893e-03
5.980000000000000000e+02 1.680908000000000055e-03
6.040000000000000000e+02 1.671387000000000090e-03
6.100000000000000000e+02 1.636962999999999960e-03
6.160000000000000000e+02 1.674073000000000097e-03
6.220000000000000000e+02 1.647704999999999960e-03
6.270000000000000000e+02 1.682618000000000091e-03
6.330000000000000000e+02 1.698487000000000044e-03
6.390000000000000000e+02 1.673584000000000096e-03
6.450000000000000000e+02 1.678466999999999893e-03
6.510000000000000000e+02 1.680176000000000022e-03
6.560000000000000000e+02 1.697266000000000009e-03
6.620000000000000000e+02 1.750489000000000038e-03
6.680000000000000000e+02 1.689208999999999893e-03
6.740000000000000000e+02 1.741700000000000106e-03
6.800000000000000000e+02 1.880860000000000041e-03
6.850000000000000000e+02 1.778321000000000025e-03
6.910000000000000000e+02 1.847656999999999945e-03
6.970000000000000000e+02 1.859130999999999978e-03
7.030000000000000000e+02 1.880371000000000039e-03
7.090000000000000000e+02 2.009766000000000070e-03
7.150000000000000000e+02 2.034423999999999955e-03
7.200000000000000000e+02 2.117431999999999821e-03
7.260000000000000000e+02 2.263428000000000054e-03
7.320000000000000000e+02 2.218017999999999986e-03
7.380000000000000000e+02 2.276367999999999968e-03
7.440000000000000000e+02 2.328124999999999899e-03
7.490000000000000000e+02 2.271729000000000109e-03
7.550000000000000000e+02 2.346435999999999921e-03
7.610000000000000000e+02 2.446778000000000147e-03
7.670000000000000000e+02 2.364989999999999974e-03
7.730000000000000000e+02 2.498535999999999986e-03
7.780000000000000000e+02 2.577148999999999933e-03
7.840000000000000000e+02 2.592285000000000162e-03
7.900000000000000000e+02 2.667236999999999820e-03
7.960000000000000000e+02 2.591796999999999851e-03
8.020000000000000000e+02 2.520507999999999863e-03
8.080000000000000000e+02 2.600831000000000063e-03
8.130000000000000000e+02 2.590575999999999816e-03
8.190000000000000000e+02 2.592285000000000162e-03
8.250000000000000000e+02 2.552978999999999925e-03
8.310000000000000000e+02 2.553955000000000114e-03
8.370000000000000000e+02 2.717530000000000119e-03
8.420000000000000000e+02 2.720214999999999786e-03
8.480000000000000000e+02 2.684326999999999807e-03
8.540000000000000000e+02 2.777832999999999952e-03
8.600000000000000000e+02 2.578613999999999906e-03
8.660000000000000000e+02 2.605225000000000075e-03
8.710000000000000000e+02 2.570556999999999790e-03
8.770000000000000000e+02 2.438964999999999970e-03
8.830000000000000000e+02 2.371093999999999806e-03
8.890000000000000000e+02 2.429688000000000160e-03
8.950000000000000000e+02 2.499756000000000113e-03
9.010000000000000000e+02 2.428223000000000187e-03
9.060000000000000000e+02 2.259765999999999858e-03
9.120000000000000000e+02 2.321044999999999879e-03
9.180000000000000000e+02 2.329101999999999995e-03
9.240000000000000000e+02 2.158447999999999877e-03
9.300000000000000000e+02 2.029296999999999785e-03
9.350000000000000000e+02 2.067626999999999833e-03
9.410000000000000000e+02 1.929932000000000088e-03
9.470000000000000000e+02 1.887940000000000061e-03
9.530000000000000000e+02 1.767333999999999962e-03
9.590000000000000000e+02 1.725830000000000029e-03
9.650000000000000000e+02 1.743163999999999955e-03
9.700000000000000000e+02 1.758545000000000030e-03
9.760000000000000000e+02 1.784180000000000011e-03
9.820000000000000000e+02 1.995849999999999968e-03
9.880000000000000000e+02 1.878417999999999971e-03
9.940000000000000000e+02 1.771973000000000038e-03
9.990000000000000000e+02 1.991455000000000048e-03
1.005000000000000000e+03 2.009766000000000070e-03
1.011000000000000000e+03 2.110107999999999862e-03
1.017000000000000000e+03 2.259521999999999919e-03
1.023000000000000000e+03 2.391358000000000112e-03
1.028000000000000000e+03 2.580567000000000191e-03
1.034000000000000000e+03 2.755615999999999795e-03
1.040000000000000000e+03 2.832519999999999830e-03
1.046000000000000000e+03 2.917724999999999919e-03
1.052000000000000000e+03 2.783691999999999937e-03
1.058000000000000000e+03 2.851074999999999790e-03
1.063000000000000000e+03 3.010498999999999814e-03
1.069000000000000000e+03 2.874999999999999951e-03
1.075000000000000000e+03 2.931397000000000082e-03
1.081000000000000000e+03 2.982422000000000198e-03
1.087000000000000000e+03 2.889160999999999899e-03
1.092000000000000000e+03 2.987794000000000214e-03
1.098000000000000000e+03 3.115966999999999869e-03
1.104000000000000000e+03 3.125000000000000173e-03
1.110000000000000000e+03 3.275880000000000111e-03
1.116000000000000000e+03 3.201416999999999805e-03
1.121000000000000000e+03 3.232665999999999925e-03
1.127000000000000000e+03 3.284669000000000044e-03
1.133000000000000000e+03 3.307618000000000016e-03
1.139000000000000000e+03 3.375733000000000119e-03
1.145000000000000000e+03 3.418702000000000026e-03
1.151000000000000000e+03 3.376220999999999996e-03
1.156000000000000000e+03 3.506836000000000154e-03
1.162000000000000000e+03 3.605713999999999881e-03
1.168000000000000000e+03 3.720947999999999964e-03
1.174000000000000000e+03 3.986085000000000322e-03
1.180000000000000000e+03 3.971925000000000282e-03
1.185000000000000000e+03 4.121338999999999905e-03
1.191000000000000000e+03 4.322999000000000112e-03
1.197000000000000000e+03 4.463136000000000360e-03
1.203000000000000000e+03 4.577882000000000132e-03
1.209000000000000000e+03 4.791748999999999661e-03
1.214000000000000000e+03 4.828124999999999951e-03
1.220000000000000000e+03 5.085693999999999979e-03
1.226000000000000000e+03 5.223633999999999569e-03
1.232000000000000000e+03 5.246337999999999696e-03
1.238000000000000000e+03 5.432128999999999951e-03
1.244000000000000000e+03 5.409668999999999763e-03
1.249000000000000000e+03 5.508301000000000169e-03
1.255000000000000000e+03 5.604004000000000103e-03
1.261000000000000000e+03 5.591798000000000254e-03
1.267000000000000000e+03 5.655030000000000126e-03
1.273000000000000000e+03 5.677246999999999849e-03
1.278000000000000000e+03 5.580566999999999819e-03
1.284000000000000000e+03 5.766845999999999951e-03
1.290000000000000000e+03 5.657472000000000195e-03
1.296000000000000000e+03 5.501709999999999934e-03
1.302000000000000000e+03 5.484863999999999885e-03
1.308000000000000000e+03 5.298828999999999692e-03
1.313000000000000000e+03 5.401612000000000080e-03
1.319000000000000000e+03 5.386231000000000005e-03
1.325000000000000000e+03 5.230226000000000146e-03
1.331000000000000000e+03 5.328857999999999685e-03
1.337000000000000000e+03 5.472656000000000222e-03
1.342000000000000000e+03 5.416261000000000339e-03
1.348000000000000000e+03 5.657716000000000134e-03
1.354000000000000000e+03 5.841797999999999609e-03
1.360000000000000000e+03 6.114991000000000176e-03
1.366000000000000000e+03 6.425539000000000077e-03
1.371000000000000000e+03 6.585449999999999637e-03
1.377000000000000000e+03 6.814210000000000232e-03
1.383000000000000000e+03 7.203369999999999738e-03
1.389000000000000000e+03 7.424807000000000282e-03
1.395000000000000000e+03 7.740236000000000165e-03
1.401000000000000000e+03 8.024171000000000081e-03
1.406000000000000000e+03 8.167970999999999565e-03
1.412000000000000000e+03 8.416504999999999473e-03
1.418000000000000000e+03 8.767336000000000573e-03
1.424000000000000000e+03 9.074709000000000247e-03
1.430000000000000000e+03 9.381837000000000509e-03
1.435000000000000000e+03 9.426027000000000017e-03
1.441000000000000000e+03 9.474366999999999164e-03
1.447000000000000000e+03 9.616945000000000007e-03
1.453000000000000000e+03 9.819582000000000310e-03
1.459000000000000000e+03 9.937256999999999688e-03
1.464000000000000000e+03 1.007154000000000035e-02
1.470000000000000000e+03 1.007910000000000056e-02
1.476000000000000000e+03 1.029565999999999988e-02
1.482000000000000000e+03 1.042847000000000045e-02
1.488000000000000000e+03 1.063402999999999918e-02
1.494000000000000000e+03 1.069922000000000060e-02
1.499000000000000000e+03 1.059668000000000068e-02
1.505000000000000000e+03 1.082715000000000066e-02
1.511000000000000000e+03 1.112305000000000064e-02
1.517000000000000000e+03 1.101513999999999965e-02
1.523000000000000000e+03 1.101488999999999940e-02
1.528000000000000000e+03 1.111109000000000055e-02
1.534000000000000000e+03 1.122607999999999939e-02
1.540000000000000000e+03 1.147875999999999931e-02
1.546000000000000000e+03 1.159472999999999927e-02
1.552000000000000000e+03 1.155297999999999915e-02
1.557000000000000000e+03 1.172388000000000076e-02
1.563000000000000000e+03 1.180004999999999943e-02
1.569000000000000000e+03 1.196143000000000033e-02
1.575000000000000000e+03 1.207665999999999948e-02
1.581000000000000000e+03 1.201026000000000003e-02
1.587000000000000000e+03 1.210596000000000068e-02
1.592000000000000000e+03 1.231029999999999971e-02
1.598000000000000000e+03 1.223780000000000007e-02
1.604000000000000000e+03 1.239868000000000046e-02
1.610000000000000000e+03 1.248047000000000045e-02
1.616000000000000000e+03 1.245044000000000012e-02
1.621000000000000000e+03 1.282299999999999933e-02
1.627000000000000000e+03 1.272705000000000017e-02
1.633000000000000000e+03 1.281763000000000000e-02
1.639000000000000000e+03 1.292700999999999920e-02
1.645000000000000000e+03 1.301049999999999950e-02
1.651000000000000000e+03 1.320874000000000006e-02
1.656000000000000000e+03 1.324853999999999962e-02
1.662000000000000000e+03 1.332325000000000002e-02
1.668000000000000000e+03 1.351879999999999922e-02
1.674000000000000000e+03 1.362207000000000001e-02
1.680000000000000000e+03 1.388915999999999935e-02
1.685000000000000000e+03 1.413940999999999983e-02
1.691000000000000000e+03 1.397217000000000077e-02
1.697000000000000000e+03 1.404492000000000067e-02
1.703000000000000000e+03 1.427465999999999978e-02
1.709000000000000000e+03 1.442309999999999946e-02
1.714000000000000000e+03 1.444701999999999965e-02
1.720000000000000000e+03 1.439698000000000019e-02
1.726000000000000000e+03 1.443041999999999936e-02
1.732000000000000000e+03 1.466187000000000046e-02
1.738000000000000000e+03 1.485766999999999990e-02
1.744000000000000000e+03 1.485547000000000083e-02
1.749000000000000000e+03 1.499317000000000011e-02
1.755000000000000000e+03 1.487134000000000025e-02
1.761000000000000000e+03 1.513355000000000082e-02
1.767000000000000000e+03 1.537281000000000064e-02
1.773000000000000000e+03 1.536988000000000069e-02
1.778000000000000000e+03 1.542358999999999918e-02
1.784000000000000000e+03 1.558814000000000033e-02
1.790000000000000000e+03 1.564037999999999887e-02
1.796000000000000000e+03 1.584301999999999933e-02
1.802000000000000000e+03 1.593115999999999977e-02
1.807000000000000000e+03 1.603295999999999888e-02
1.813000000000000000e+03 1.622826999999999950e-02
1.819000000000000000e+03 1.625855000000000009e-02
1.825000000000000000e+03 1.630712999999999954e-02
1.831000000000000000e+03 1.648876999999999982e-02
1.837000000000000000e+03 1.642603000000000119e-02
1.842000000000000000e+03 1.658984999999999974e-02
1.848000000000000000e+03 1.672900999999999902e-02
1.854000000000000000e+03 1.677344000000000057e-02
1.860000000000000000e+03 1.691698999999999981e-02
1.866000000000000000e+03 1.701000999999999902e-02
1.871000000000000000e+03 1.714014000000000162e-02
1.877000000000000000e+03 1.749658000000000116e-02
1.883000000000000000e+03 1.747461000000000153e-02
1.889000000000000000e+03 1.748022999999999938e-02
1.895000000000000000e+03 1.774169999999999914e-02
1.900000000000000000e+03 1.791577000000000100e-02
1.906000000000000000e+03 1.797289999999999999e-02
1.912000000000000000e+03 1.819507000000000069e-02
1.918000000000000000e+03 1.819360999999999895e-02
1.924000000000000000e+03 1.843482000000000107e-02
1.930000000000000000e+03 1.863427999999999959e-02
1.935000000000000000e+03 1.886352999999999988e-02
1.941000000000000000e+03 1.893432999999999922e-02
1.947000000000000000e+03 1.894776000000000099e-02
1.953000000000000000e+03 1.912598000000000076e-02
1.959000000000000000e+03 1.937354000000000159e-02
1.964000000000000000e+03 1.945751999999999898e-02
1.970000000000000000e+03 1.956445999999999880e-02
1.976000000000000000e+03 1.973095999999999878e-02
1.982000000000000000e+03 1.973609000000000127e-02
1.988000000000000000e+03 1.992431999999999884e-02
1.994000000000000000e+03 2.024145999999999931e-02
1.999000000000000000e+03 2.023242000000000096e-02
2.005000000000000000e+03 2.040650000000000103e-02
2.011000000000000000e+03 2.066358000000000084e-02
2.017000000000000000e+03 2.077392999999999948e-02
2.023000000000000000e+03 2.098169000000000076e-02
2.028000000000000000e+03 2.095582000000000000e-02
2.034000000000000000e+03 2.116650999999999949e-02
2.040000000000000000e+03 2.140161999999999967e-02
2.046000000000000000e+03 2.163525999999999991e-02
2.052000000000000000e+03 2.179785000000000056e-02
2.057000000000000000e+03 2.199024000000000117e-02
2.063000000000000000e+03 2.210596000000000089e-02
2.069000000000000000e+03 2.235497999999999999e-02
2.075000000000000000e+03 2.251343000000000094e-02
2.081000000000000000e+03 2.267577999999999955e-02
2.087000000000000000e+03 2.281127999999999975e-02
2.092000000000000000e+03 2.293188999999999991e-02
2.098000000000000000e+03 2.324462999999999877e-02
2.104000000000000000e+03 2.349122000000000016e-02
2.110000000000000000e+03 2.346167999999999865e-02
2.116000000000000000e+03 2.342431999999999848e-02
2.121000000000000000e+03 2.380372000000000043e-02
2.127000000000000000e+03 2.401392000000000110e-02
2.133000000000000000e+03 2.427514999999999881e-02
2.139000000000000000e+03 2.436694999999999833e-02
2.145000000000000000e+03 2.441503999999999897e-02
2.150000000000000000e+03 2.477002000000000023e-02
2.156000000000000000e+03 2.507177999999999837e-02
2.162000000000000000e+03 2.523852999999999860e-02
2.168000000000000000e+03 2.511108999999999911e-02
2.174000000000000000e+03 2.514013999999999832e-02
2.180000000000000000e+03 2.546241000000000129e-02
2.185000000000000000e+03 2.568629000000000051e-02
2.191000000000000000e+03 2.585058999999999968e-02
2.197000000000000000e+03 2.609962000000000046e-02
2.203000000000000000e+03 2.615844999999999976e-02
2.209000000000000000e+03 2.644898000000000041e-02
2.214000000000000000e+03 2.685888999999999985e-02
2.220000000000000000e+03 2.690673999999999844e-02
2.226000000000000000e+03 2.691090000000000149e-02
2.232000000000000000e+03 2.699023999999999868e-02
2.238000000000000000e+03 2.730590999999999921e-02
2.243000000000000000e+03 2.750294000000000003e-02
2.249000000000000000e+03 2.772803000000000073e-02
2.255000000000000000e+03 2.775390999999999969e-02
2.261000000000000000e+03 2.806787000000000171e-02
2.267000000000000000e+03 2.830322999999999867e-02
2.273000000000000000e+03 2.849708000000000102e-02
2.278000000000000000e+03 2.877027000000000057e-02
2.284000000000000000e+03 2.859033999999999881e-02
2.290000000000000000e+03 2.887011999999999912e-02
2.296000000000000000e+03 2.911035999999999832e-02
2.302000000000000000e+03 2.928686999999999957e-02
2.307000000000000000e+03 2.948608999999999952e-02
2.313000000000000000e+03 2.955493999999999830e-02
2.319000000000000000e+03 2.977783999999999986e-02
2.325000000000000000e+03 3.013843000000000077e-02
2.331000000000000000e+03 3.018409000000000023e-02
2.337000000000000000e+03 3.012866999999999976e-02
2.342000000000000000e+03 3.017016999999999963e-02
2.348000000000000000e+03 3.037255999999999984e-02
2.354000000000000000e+03 3.069873000000000046e-02
2.360000000000000000e+03 3.081739000000000006e-02
2.366000000000000000e+03 3.064087000000000061e-02
2.371000000000000000e+03 3.084326999999999902e-02
2.377000000000000000e+03 3.102198000000000108e-02
2.383000000000000000e+03 3.121753000000000028e-02
2.389000000000000000e+03 3.126415999999999917e-02
2.395000000000000000e+03 3.111865999999999938e-02
2.400000000000000000e+03 3.122584000000000123e-02
2.406000000000000000e+03 3.144214000000000037e-02
2.412000000000000000e+03 3.132763999999999688e-02
2.418000000000000000e+03 3.147462000000000176e-02
2.424000000000000000e+03 3.128418000000000171e-02
2.430000000000000000e+03 3.127807999999999977e-02
2.435000000000000000e+03 3.149122000000000032e-02
2.441000000000000000e+03 3.148096000000000227e-02
2.447000000000000000e+03 3.129321999999999659e-02
2.453000000000000000e+03 3.124218999999999954e-02
2.459000000000000000e+03 3.108081999999999859e-02
2.464000000000000000e+03 3.109009000000000078e-02
2.470000000000000000e+03 3.104101999999999903e-02
2.476000000000000000e+03 3.047462000000000087e-02
2.482000000000000000e+03 3.017945000000000003e-02
2.488000000000000000e+03 3.014526999999999832e-02
2.493000000000000000e+03 2.991065000000000043e-02
2.499000000000000000e+03 2.972216999999999915e-02
2.505000000000000000e+03 2.930908999999999945e-02
2.511000000000000000e+03 2.878247000000000097e-02
2.517000000000000000e+03 2.878930999999999851e-02
2.523000000000000000e+03 2.860694000000000084e-02
2.528000000000000000e+03 2.826636000000000079e-02
2.534000000000000000e+03 2.781103999999999868e-02
2.540000000000000000e+03 2.712745000000000087e-02
2.546000000000000000e+03 2.688917000000000043e-02
2.552000000000000000e+03 2.669068000000000135e-02
2.557000000000000000e+03 2.627807999999999880e-02
2.563000000000000000e+03 2.621485000000000135e-02
2.569000000000000000e+03 2.640259000000000009e-02
2.575000000000000000e+03 2.667871999999999952e-02
2.581000000000000000e+03 2.714893000000000167e-02
2.586000000000000000e+03 2.718945999999999863e-02
2.592000000000000000e+03 2.720093000000000164e-02
2.598000000000000000e+03 2.752173000000000119e-02
2.604000000000000000e+03 2.773901999999999965e-02
2.610000000000000000e+03 2.787525000000000072e-02
2.616000000000000000e+03 2.791944000000000023e-02
2.621000000000000000e+03 2.802978999999999887e-02
2.627000000000000000e+03 2.823853000000000127e-02
2.633000000000000000e+03 2.850611000000000117e-02
2.639000000000000000e+03 2.852758999999999850e-02
2.645000000000000000e+03 2.860841000000000078e-02
2.650000000000000000e+03 2.859888000000000013e-02
2.656000000000000000e+03 2.887208000000000135e-02
2.662000000000000000e+03 2.920704000000000009e-02
2.668000000000000000e+03 2.923974999999999838e-02
2.674000000000000000e+03 2.924536999999999970e-02
2.680000000000000000e+03 2.943580000000000155e-02
2.685000000000000000e+03 2.955054000000000014e-02
2.691000000000000000e+03 2.978833999999999996e-02
2.697000000000000000e+03 2.988868000000000080e-02
2.703000000000000000e+03 2.975538000000000141e-02
2.709000000000000000e+03 2.994751999999999831e-02
2.714000000000000000e+03 2.997437000000000018e-02
2.720000000000000000e+03 3.020849999999999924e-02
2.726000000000000000e+03 3.034912999999999847e-02
2.732000000000000000e+03 3.014526999999999832e-02
2.738000000000000000e+03 3.009643999999999861e-02
2.743000000000000000e+03 3.046045000000000003e-02
2.749000000000000000e+03 3.065624999999999947e-02
2.755000000000000000e+03 3.047754999999999909e-02
2.761000000000000000e+03 3.050171000000000132e-02
2.767000000000000000e+03 3.058643000000000126e-02
2.773000000000000000e+03 3.096679999999999919e-02
2.778000000000000000e+03 3.090967000000000020e-02
2.784000000000000000e+03 3.084156000000000050e-02
2.790000000000000000e+03 3.092334000000000055e-02
2.796000000000000000e+03 3.096826999999999913e-02
2.802000000000000000e+03 3.123340000000000144e-02
2.807000000000000000e+03 3.136549000000000281e-02
2.813000000000000000e+03 3.124781000000000086e-02
2.819000000000000000e+03 3.114257999999999957e-02
2.825000000000000000e+03 3.134473000000000120e-02
2.831000000000000000e+03 3.163964999999999833e-02
2.836000000000000000e+03 3.163330999999999782e-02
2.842000000000000000e+03 3.125880000000000325e-02
2.848000000000000000e+03 3.140844999999999748e-02
2.854000000000000000e+03 3.177587999999999940e-02
2.860000000000000000e+03 3.190039000000000069e-02
2.866000000000000000e+03 3.192749999999999755e-02
2.871000000000000000e+03 3.184106999999999910e-02
2.877000000000000000e+03 3.175122999999999834e-02
2.883000000000000000e+03 3.205298000000000175e-02
2.889000000000000000e+03 3.236353000000000146e-02
2.895000000000000000e+03 3.232837000000000210e-02
2.900000000000000000e+03 3.213574999999999765e-02
2.906000000000000000e+03 3.218359999999999971e-02
2.912000000000000000e+03 3.234912000000000204e-02
2.918000000000000000e+03 3.246240999999999710e-02
2.924000000000000000e+03 3.234937000000000229e-02
2.929000000000000000e+03 3.223096000000000294e-02
2.935000000000000000e+03 3.237745000000000206e-02
2.941000000000000000e+03 3.248510999999999760e-02
2.947000000000000000e+03 3.260766999999999832e-02
2.953000000000000000e+03 3.256470000000000198e-02
2.959000000000000000e+03 3.236499000000000320e-02
2.964000000000000000e+03 3.252002999999999838e-02
2.970000000000000000e+03 3.265577000000000063e-02
2.976000000000000000e+03 3.259375999999999940e-02
2.982000000000000000e+03 3.255395999999999984e-02
2.988000000000000000e+03 3.234253000000000128e-02
2.993000000000000000e+03 3.251807000000000308e-02
2.999000000000000000e+03 3.294263000000000052e-02
3.005000000000000000e+03 3.261304000000000286e-02
3.011000000000000000e+03 3.259912000000000226e-02
3.017000000000000000e+03 3.270312999999999692e-02
3.023000000000000000e+03 3.279688000000000048e-02
3.028000000000000000e+03 3.303393999999999775e-02
3.034000000000000000e+03 3.299169999999999880e-02
3.040000000000000000e+03 3.276464999999999933e-02
3.046000000000000000e+03 3.276025999999999938e-02
3.052000000000000000e+03 3.288916000000000062e-02
3.057000000000000000e+03 3.294555999999999873e-02
3.063000000000000000e+03 3.295460000000000056e-02
3.069000000000000000e+03 3.262817999999999968e-02
3.075000000000000000e+03 3.259130999999999834e-02
3.081000000000000000e+03 3.280347000000000124e-02
3.086000000000000000e+03 3.273878000000000205e-02
3.092000000000000000e+03 3.278369999999999895e-02
3.098000000000000000e+03 3.244727000000000028e-02
3.104000000000000000e+03 3.251757999999999732e-02
3.110000000000000000e+03 3.276002000000000081e-02
3.116000000000000000e+03 3.273681999999999981e-02
3.121000000000000000e+03 3.264600000000000141e-02
3.127000000000000000e+03 3.249023999999999662e-02
3.133000000000000000e+03 3.250390999999999697e-02
3.139000000000000000e+03 3.265210999999999808e-02
3.145000000000000000e+03 3.256542999999999938e-02
3.150000000000000000e+03 3.223779999999999701e-02
3.156000000000000000e+03 3.203980000000000022e-02
3.162000000000000000e+03 3.198096000000000272e-02
3.168000000000000000e+03 3.200440000000000229e-02
3.174000000000000000e+03 3.200146999999999714e-02
3.179000000000000000e+03 3.169483000000000023e-02
3.185000000000000000e+03 3.148242999999999875e-02
3.191000000000000000e+03 3.165040000000000214e-02
3.197000000000000000e+03 3.174732000000000248e-02
3.203000000000000000e+03 3.171875999999999862e-02
3.209000000000000000e+03 3.153907000000000238e-02
3.214000000000000000e+03 3.152710000000000234e-02
3.220000000000000000e+03 3.166236000000000050e-02
3.226000000000000000e+03 3.147632000000000208e-02
3.232000000000000000e+03 3.128712000000000160e-02
3.238000000000000000e+03 3.107373999999999900e-02
3.243000000000000000e+03 3.084864000000000009e-02
3.249000000000000000e+03 3.079174999999999968e-02
3.255000000000000000e+03 3.050562000000000065e-02
3.261000000000000000e+03 3.016479999999999856e-02
3.267000000000000000e+03 2.984472999999999987e-02
3.272000000000000000e+03 2.967090000000000005e-02
3.278000000000000000e+03 2.960107999999999837e-02
3.284000000000000000e+03 2.980469999999999994e-02
3.290000000000000000e+03 2.988647999999999999e-02
3.296000000000000000e+03 3.005224999999999910e-02
3.302000000000000000e+03 3.058521000000000156e-02
3.307000000000000000e+03 3.088965000000000113e-02
3.313000000000000000e+03 3.108129999999999921e-02
3.319000000000000000e+03 3.112476000000000131e-02
3.325000000000000000e+03 3.093310999999999977e-02
3.331000000000000000e+03 3.105201000000000142e-02
3.336000000000000000e+03 3.112304999999999933e-02
3.342000000000000000e+03 3.107812999999999895e-02
3.348000000000000000e+03 3.107421999999999962e-02
3.354000000000000000e+03 3.083570000000000061e-02
3.360000000000000000e+03 3.086474999999999982e-02
3.366000000000000000e+03 3.089623999999999843e-02
3.371000000000000000e+03 3.070654999999999912e-02
3.377000000000000000e+03 3.035571999999999923e-02
3.383000000000000000e+03 3.043041999999999969e-02
3.389000000000000000e+03 3.022363999999999953e-02
3.395000000000000000e+03 3.048413999999999985e-02
3.400000000000000000e+03 3.052612999999999854e-02
3.406000000000000000e+03 3.031763000000000166e-02
3.412000000000000000e+03 3.021387000000000031e-02
3.418000000000000000e+03 3.017407999999999896e-02
3.424000000000000000e+03 3.019799999999999915e-02
3.429000000000000000e+03 3.018140000000000059e-02
3.435000000000000000e+03 2.981518999999999836e-02
3.441000000000000000e+03 2.962696000000000079e-02
3.447000000000000000e+03 2.985913999999999929e-02
3.453000000000000000e+03 2.971485000000000098e-02
3.459000000000000000e+03 2.961719000000000157e-02
3.464000000000000000e+03 2.933544999999999903e-02
3.470000000000000000e+03 2.932397999999999949e-02
3.476000000000000000e+03 2.938036999999999940e-02
3.482000000000000000e+03 2.914916999999999855e-02
3.488000000000000000e+03 2.899047999999999903e-02
3.493000000000000000e+03 2.880639999999999937e-02
3.499000000000000000e+03 2.872631999999999963e-02
3.505000000000000000e+03 2.879467999999999958e-02
3.511000000000000000e+03 2.886255000000000071e-02
3.517000000000000000e+03 2.838306000000000162e-02
3.522000000000000000e+03 2.822486000000000092e-02
3.528000000000000000e+03 2.824120999999999923e-02
3.534000000000000000e+03 2.826319000000000053e-02
3.540000000000000000e+03 2.827564000000000119e-02
3.546000000000000000e+03 2.802881000000000122e-02
3.552000000000000000e+03 2.788476999999999970e-02
3.557000000000000000e+03 2.810131999999999908e-02
3.563000000000000000e+03 2.800220000000000140e-02
3.569000000000000000e+03 2.771119000000000013e-02
3.575000000000000000e+03 2.758715999999999946e-02
3.581000000000000000e+03 2.729395000000000085e-02
3.586000000000000000e+03 2.736328999999999845e-02
3.592000000000000000e+03 2.738403999999999838e-02
3.598000000000000000e+03 2.716748999999999900e-02
3.604000000000000000e+03 2.700562000000000101e-02
3.610000000000000000e+03 2.686548000000000061e-02
3.615000000000000000e+03 2.682667000000000038e-02
3.621000000000000000e+03 2.675390999999999880e-02
3.627000000000000000e+03 2.648877999999999996e-02
3.633000000000000000e+03 2.628857999999999889e-02
3.639000000000000000e+03 2.636621000000000103e-02
3.645000000000000000e+03 2.623291000000000164e-02
3.650000000000000000e+03 2.616088999999999914e-02
3.656000000000000000e+03 2.592749999999999916e-02
3.662000000000000000e+03 2.577783999999999978e-02
3.668000000000000000e+03 2.568408000000000149e-02
3.674000000000000000e+03 2.563013000000000097e-02
3.679000000000000000e+03 2.556225999999999984e-02
3.685000000000000000e+03 2.533838999999999883e-02
3.691000000000000000e+03 2.502197999999999922e-02
3.697000000000000000e+03 2.497900999999999941e-02
3.703000000000000000e+03 2.495117999999999989e-02
3.709000000000000000e+03 2.475660000000000013e-02
3.714000000000000000e+03 2.443847999999999854e-02
3.720000000000000000e+03 2.446680000000000035e-02
3.726000000000000000e+03 2.436767999999999920e-02
3.732000000000000000e+03 2.444922000000000067e-02
3.738000000000000000e+03 2.410889000000000087e-02
3.743000000000000000e+03 2.375415999999999986e-02
3.749000000000000000e+03 2.373536000000000049e-02
3.755000000000000000e+03 2.359620000000000120e-02
3.761000000000000000e+03 2.350292999999999827e-02
3.767000000000000000e+03 2.343995000000000106e-02
3.772000000000000000e+03 2.305567000000000033e-02
3.778000000000000000e+03 2.301196999999999965e-02
3.784000000000000000e+03 2.306421000000000165e-02
3.790000000000000000e+03 2.284960999999999937e-02
3.796000000000000000e+03 2.273974999999999955e-02
3.802000000000000000e+03 2.237232000000000109e-02
3.807000000000000000e+03 2.233448000000000030e-02
3.813000000000000000e+03 2.244776000000000063e-02
3.819000000000000000e+03 2.215821000000000110e-02
3.825000000000000000e+03 2.190088000000000104e-02
3.831000000000000000e+03 2.185888999999999888e-02
3.836000000000000000e+03 2.172900999999999999e-02
3.842000000000000000e+03 2.171118000000000006e-02
3.848000000000000000e+03 2.163964999999999986e-02
3.854000000000000000e+03 2.117652000000000076e-02
3.860000000000000000e+03 2.113647999999999916e-02
3.865000000000000000e+03 2.103881999999999974e-02
3.871000000000000000e+03 2.098119999999999846e-02
3.877000000000000000e+03 2.085230000000000070e-02
3.883000000000000000e+03 2.049072000000000046e-02
3.889000000000000000e+03 2.043994000000000019e-02
3.895000000000000000e+03 2.046216000000000007e-02
3.900000000000000000e+03 2.020825000000000052e-02
3.906000000000000000e+03 2.015625000000000056e-02
3.912000000000000000e+03 1.994775999999999841e-02
3.918000000000000000e+03 1.970165999999999931e-02
3.924000000000000000e+03 1.975611000000000034e-02
3.929000000000000000e+03 1.965820999999999888e-02
3.935000000000000000e+03 1.935229999999999936e-02
3.941000000000000000e+03 1.923193999999999945e-02
3.947000000000000000e+03 1.899023999999999851e-02
3.953000000000000000e+03 1.894140999999999880e-02
3.958000000000000000e+03 1.868457000000000104e-02
3.964000000000000000e+03 1.841260000000000119e-02
3.970000000000000000e+03 1.811890000000000028e-02
3.976000000000000000e+03 1.800488000000000088e-02
3.982000000000000000e+03 1.785352000000000119e-02
3.988000000000000000e+03 1.773438000000000098e-02
3.993000000000000000e+03 1.741236000000000173e-02
3.999000000000000000e+03 1.716845999999999997e-02
4.005000000000000000e+03 1.697461000000000109e-02
4.011000000000000000e+03 1.651342999999999908e-02
4.017000000000000000e+03 1.624706999999999887e-02
4.022000000000000000e+03 1.607325000000000073e-02
4.028000000000000000e+03 1.593920999999999880e-02
4.034000000000000000e+03 1.614062999999999956e-02
4.040000000000000000e+03 1.660425000000000095e-02
4.046000000000000000e+03 1.679394999999999846e-02
4.052000000000000000e+03 1.693091000000000040e-02
4.057000000000000000e+03 1.679858999999999866e-02
4.063000000000000000e+03 1.672608000000000081e-02
4.069000000000000000e+03 1.665845000000000173e-02
4.075000000000000000e+03 1.639722000000000054e-02
4.081000000000000000e+03 1.619140999999999983e-02
4.086000000000000000e+03 1.615234999999999935e-02
4.092000000000000000e+03 1.614087000000000161e-02
4.098000000000000000e+03 1.606615999999999947e-02
4.104000000000000000e+03 1.593775000000000053e-02
4.110000000000000000e+03 1.556933999999999922e-02
4.115000000000000000e+03 1.557617000000000029e-02
4.121000000000000000e+03 1.555982000000000025e-02
4.127000000000000000e+03 1.553784000000000068e-02
4.133000000000000000e+03 1.536084000000000060e-02
4.139000000000000000e+03 1.497021999999999936e-02
4.145000000000000000e+03 1.489502000000000013e-02
4.150000000000000000e+03 1.497681000000000012e-02
4.156000000000000000e+03 1.475170999999999948e-02
4.162000000000000000e+03 1.440332000000000071e-02
4.168000000000000000e+03 1.441015999999999998e-02
4.174000000000000000e+03 1.439526999999999994e-02
4.179000000000000000e+03 1.437695999999999939e-02
4.185000000000000000e+03 1.416211000000000032e-02
4.191000000000000000e+03 1.398999000000000076e-02
4.197000000000000000e+03 1.376050000000000016e-02
4.203000000000000000e+03 1.357935000000000045e-02
4.208000000000000000e+03 1.362085000000000032e-02
4.214000000000000000e+03 1.350659000000000061e-02
4.220000000000000000e+03 1.316333000000000086e-02
4.226000000000000000e+03 1.313427999999999991e-02
4.232000000000000000e+03 1.317945000000000054e-02
4.238000000000000000e+03 1.304102000000000039e-02
4.243000000000000000e+03 1.292700999999999920e-02
4.249000000000000000e+03 1.267847000000000071e-02
4.255000000000000000e+03 1.246752999999999924e-02
4.261000000000000000e+03 1.264477999999999956e-02
4.267000000000000000e+03 1.231909999999999950e-02
4.272000000000000000e+03 1.216406000000000084e-02
4.278000000000000000e+03 1.216089000000000059e-02
4.284000000000000000e+03 1.199390000000000005e-02
4.290000000000000000e+03 1.194018999999999983e-02
4.296000000000000000e+03 1.182886000000000007e-02
4.301000000000000000e+03 1.154565999999999926e-02
4.307000000000000000e+03 1.137744000000000082e-02
4.313000000000000000e+03 1.133716000000000064e-02
4.319000000000000000e+03 1.133739999999999921e-02
4.325000000000000000e+03 1.119823999999999993e-02
4.331000000000000000e+03 1.083472000000000081e-02
4.336000000000000000e+03 1.079613999999999921e-02
4.342000000000000000e+03 1.081396999999999914e-02
4.348000000000000000e+03 1.062598000000000015e-02
4.354000000000000000e+03 1.055322000000000031e-02
4.360000000000000000e+03 1.036328000000000076e-02
4.365000000000000000e+03 1.021191999999999933e-02
4.371000000000000000e+03 1.006299000000000082e-02
4.377000000000000000e+03 9.844972000000000445e-03
4.383000000000000000e+03 9.653320999999999430e-03
4.389000000000000000e+03 9.600587000000000704e-03
4.395000000000000000e+03 9.478029000000000662e-03
4.400000000000000000e+03 9.533448999999999396e-03
4.406000000000000000e+03 9.486816999999999819e-03
4.412000000000000000e+03 9.277100999999999403e-03
4.418000000000000000e+03 9.171389000000000277e-03
4.424000000000000000e+03 9.096682000000000032e-03
4.429000000000000000e+03 9.065675999999999943e-03
4.435000000000000000e+03 8.994142000000000109e-03
4.441000000000000000e+03 8.915773000000000101e-03
4.447000000000000000e+03 8.683107000000000672e-03
4.453000000000000000e+03 8.755129000000000383e-03
4.458000000000000000e+03 8.572511999999999147e-03
4.464000000000000000e+03 8.473146000000000844e-03
4.470000000000000000e+03 8.222656999999999536e-03
4.476000000000000000e+03 8.083253999999999787e-03
4.482000000000000000e+03 8.072268000000000499e-03
4.488000000000000000e+03 8.162842999999999488e-03
4.493000000000000000e+03 7.938722000000000487e-03
4.499000000000000000e+03 7.819825000000000734e-03
4.505000000000000000e+03 7.706056000000000190e-03
4.511000000000000000e+03 7.715821999999999785e-03
4.517000000000000000e+03 7.739746999999999946e-03
4.522000000000000000e+03 7.539795999999999651e-03
4.528000000000000000e+03 7.342775000000000170e-03
4.534000000000000000e+03 7.388185999999999712e-03
4.540000000000000000e+03 7.119386000000000117e-03
4.546000000000000000e+03 7.118654000000000301e-03
4.551000000000000000e+03 7.160157999999999801e-03
4.557000000000000000e+03 6.917969999999999849e-03
4.563000000000000000e+03 6.966555000000000143e-03
4.569000000000000000e+03 6.933350999999999924e-03
4.575000000000000000e+03 6.727783999999999674e-03
4.581000000000000000e+03 6.662842999999999891e-03
4.586000000000000000e+03 6.439943000000000056e-03
4.592000000000000000e+03 6.277833000000000024e-03
4.598000000000000000e+03 6.253907000000000389e-03
4.604000000000000000e+03 5.949463999999999794e-03
4.610000000000000000e+03 5.771240999999999871e-03
4.615000000000000000e+03 5.781495000000000210e-03
4.621000000000000000e+03 5.584961999999999739e-03
4.627000000000000000e+03 5.549562000000000071e-03
4.633000000000000000e+03 5.561036000000000104e-03
4.639000000000000000e+03 5.502197999999999811e-03
4.644000000000000000e+03 5.543702000000000178e-03
4.650000000000000000e+03 5.367432000000000106e-03
4.656000000000000000e+03 5.356445999999999950e-03
4.662000000000000000e+03 5.531982999999999866e-03
4.668000000000000000e+03 5.265625999999999814e-03
4.674000000000000000e+03 5.279540999999999575e-03
4.679000000000000000e+03 5.272706000000000268e-03
4.685000000000000000e+03 5.085450000000000040e-03
4.691000000000000000e+03 5.007081000000000032e-03
4.697000000000000000e+03 4.938233000000000206e-03
4.703000000000000000e+03 4.859132000000000381e-03
4.708000000000000000e+03 4.783448000000000040e-03
4.714000000000000000e+03 4.607423000000000247e-03
4.720000000000000000e+03 4.451904999999999925e-03
4.726000000000000000e+03 4.526612000000000170e-03
4.732000000000000000e+03 4.410401000000000425e-03
4.738000000000000000e+03 4.351563000000000132e-03
4.743000000000000000e+03 4.335694000000000180e-03
4.749000000000000000e+03 4.229736999999999907e-03
4.755000000000000000e+03 4.188477999999999819e-03
4.761000000000000000e+03 4.049315999999999853e-03
4.767000000000000000e+03 3.936280000000000334e-03
4.772000000000000000e+03 3.907227999999999569e-03
4.778000000000000000e+03 3.875977000000000068e-03
4.784000000000000000e+03 3.761964000000000020e-03
4.790000000000000000e+03 3.762207999999999958e-03
4.796000000000000000e+03 3.712402999999999970e-03
4.801000000000000000e+03 3.687745000000000085e-03
4.807000000000000000e+03 3.659424000000000097e-03
4.813000000000000000e+03 3.461914999999999871e-03
4.819000000000000000e+03 3.486573000000000189e-03
4.825000000000000000e+03 3.424561000000000011e-03
4.831000000000000000e+03 3.305420999999999793e-03
4.836000000000000000e+03 3.287354000000000144e-03
4.842000000000000000e+03 3.156495000000000047e-03
4.848000000000000000e+03 3.001953999999999820e-03
4.854000000000000000e+03 3.040527999999999807e-03
4.860000000000000000e+03 2.954834999999999840e-03
4.865000000000000000e+03 2.908935999999999987e-03
4.871000000000000000e+03 2.957032000000000063e-03
4.877000000000000000e+03 2.815918000000000154e-03
4.883000000000000000e+03 2.783691999999999937e-03
4.889000000000000000e+03 2.752685999999999848e-03
4.894000000000000000e+03 2.642090000000000150e-03
4.900000000000000000e+03 2.755860000000000167e-03
4.906000000000000000e+03 2.573241999999999891e-03
4.912000000000000000e+03 2.553222999999999864e-03
4.918000000000000000e+03 2.703614000000000017e-03
4.924000000000000000e+03 2.509032999999999923e-03
4.929000000000000000e+03 2.446534000000000209e-03
4.935000000000000000e+03 2.506103999999999884e-03
4.941000000000000000e+03 2.317871999999999901e-03
4.947000000000000000e+03 2.418457000000000159e-03
4.953000000000000000e+03 2.381836000000000023e-03
4.958000000000000000e+03 2.302002000000000041e-03
4.964000000000000000e+03 2.262695999999999805e-03
4.970000000000000000e+03 2.231934000000000088e-03
4.976000000000000000e+03 2.152100000000000107e-03
4.982000000000000000e+03 2.214600000000000162e-03
4.988000000000000000e+03 2.044921999999999799e-03
4.993000000000000000e+03 2.025878999999999961e-03
4.999000000000000000e+03 2.101806999999999807e-03
5.005000000000000000e+03 2.019776000000000037e-03
5.011000000000000000e+03 2.051270000000000003e-03
5.017000000000000000e+03 1.996337999999999845e-03
5.022000000000000000e+03 1.952149000000000028e-03
5.028000000000000000e+03 1.957519999999999920e-03
5.034000000000000000e+03 1.824951000000000004e-03
5.040000000000000000e+03 1.812987999999999969e-03
5.046000000000000000e+03 2.025635000000000022e-03
5.051000000000000000e+03 1.832276000000000087e-03
5.057000000000000000e+03 1.885497999999999992e-03
5.063000000000000000e+03 1.775878999999999956e-03
5.069000000000000000e+03 1.754394999999999956e-03
5.075000000000000000e+03 1.697509999999999948e-03
5.081000000000000000e+03 1.772460999999999915e-03
5.086000000000000000e+03 1.738526000000000004e-03
5.092000000000000000e+03 1.715577000000000031e-03
5.098000000000000000e+03 1.692871000000000089e-03
5.104000000000000000e+03 1.688477000000000077e-03
5.110000000000000000e+03 1.727538999999999941e-03
5.115000000000000000e+03 1.703613999999999996e-03
5.121000000000000000e+03 1.686035000000000008e-03
5.127000000000000000e+03 1.689697999999999894e-03
5.133000000000000000e+03 1.683349999999999907e-03
5.139000000000000000e+03 1.679687999999999928e-03
5.144000000000000000e+03 1.723389000000000084e-03
5.150000000000000000e+03 1.672120000000000030e-03
5.156000000000000000e+03 1.679932000000000083e-03
5.162000000000000000e+03 1.676025999999999948e-03
5.168000000000000000e+03 1.685059000000000036e-03
5.174000000000000000e+03 1.687499999999999981e-03
5.179000000000000000e+03 1.691650999999999962e-03
5.185000000000000000e+03 1.680176000000000022e-03
5.191000000000000000e+03 1.689942000000000050e-03
5.197000000000000000e+03 1.661376999999999906e-03
5.203000000000000000e+03 1.640381000000000001e-03
5.208000000000000000e+03 1.710205000000000015e-03
5.214000000000000000e+03 1.667724999999999893e-03
5.220000000000000000e+03 1.658935999999999961e-03
5.226000000000000000e+03 1.660645000000000090e-03
5.232000000000000000e+03 1.666504000000000076e-03
5.237000000000000000e+03 1.638916000000000027e-03
5.243000000000000000e+03 1.655517999999999920e-03
5.249000000000000000e+03 1.658203999999999928e-03
5.255000000000000000e+03 1.659911999999999933e-03
5.261000000000000000e+03 1.651855999999999941e-03
5.267000000000000000e+03 1.655030000000000043e-03
5.272000000000000000e+03 1.660889000000000029e-03
5.278000000000000000e+03 1.634522000000000015e-03
5.284000000000000000e+03 1.643555000000000103e-03
5.290000000000000000e+03 1.652344000000000035e-03
5.296000000000000000e+03 1.662354000000000002e-03
5.301000000000000000e+03 1.641602000000000035e-03
5.307000000000000000e+03 1.658935999999999961e-03
5.313000000000000000e+03 1.651855999999999941e-03
5.319000000000000000e+03 1.639892999999999906e-03
5.325000000000000000e+03 1.644531999999999982e-03
5.331000000000000000e+03 1.629882999999999939e-03
5.336000000000000000e+03 1.659911999999999933e-03
5.342000000000000000e+03 1.622071000000000103e-03
5.348000000000000000e+03 1.655030000000000043e-03
5.354000000000000000e+03 1.630127000000000095e-03
5.360000000000000000e+03 1.643555000000000103e-03
5.365000000000000000e+03 1.655030000000000043e-03
5.371000000000000000e+03 1.622071000000000103e-03
5.377000000000000000e+03 1.635254000000000048e-03
5.383000000000000000e+03 1.633300999999999980e-03
5.389000000000000000e+03 1.661132999999999967e-03
5.394000000000000000e+03 1.631592000000000068e-03
5.400000000000000000e+03 1.635741999999999925e-03
5.406000000000000000e+03 1.658446999999999959e-03
5.412000000000000000e+03 1.649169999999999933e-03
5.418000000000000000e+03 1.635741999999999925e-03
5.424000000000000000e+03 1.625977000000000021e-03
5.429000000000000000e+03 1.670898999999999995e-03
5.435000000000000000e+03 1.655273999999999981e-03
5.441000000000000000e+03 1.681152999999999901e-03
5.447000000000000000e+03 1.643310999999999947e-03
5.453000000000000000e+03 1.648682000000000055e-03
5.458000000000000000e+03 1.648682000000000055e-03
5.464000000000000000e+03 1.640381000000000001e-03
5.470000000000000000e+03 1.653076999999999975e-03
5.476000000000000000e+03 1.659179999999999900e-03
5.482000000000000000e+03 1.648682000000000055e-03
5.487000000000000000e+03 1.629639000000000001e-03
5.493000000000000000e+03 1.659179999999999900e-03
5.499000000000000000e+03 1.639648999999999968e-03
5.505000000000000000e+03 1.644042999999999980e-03
5.511000000000000000e+03 1.647217000000000082e-03
5.517000000000000000e+03 1.646485000000000049e-03
5.522000000000000000e+03 1.661376999999999906e-03
5.528000000000000000e+03 1.667724999999999893e-03
5.534000000000000000e+03 1.642089999999999913e-03
5.540000000000000000e+03 1.667237000000000016e-03
5.546000000000000000e+03 1.654786000000000104e-03
5.551000000000000000e+03 1.669921999999999900e-03
5.557000000000000000e+03 1.655273999999999981e-03
5.563000000000000000e+03 1.627685999999999933e-03
5.569000000000000000e+03 1.626220999999999960e-03
5.575000000000000000e+03 1.660156000000000088e-03
5.580000000000000000e+03 1.638183999999999994e-03
5.586000000000000000e+03 1.651612000000000002e-03
5.592000000000000000e+03 1.631347999999999913e-03
5.598000000000000000e+03 1.628417999999999966e-03
5.604000000000000000e+03 1.653320999999999914e-03
5.610000000000000000e+03 1.631836000000000007e-03
5.615000000000000000e+03 1.647217000000000082e-03
5.621000000000000000e+03 1.650390999999999967e-03
5.627000000000000000e+03 1.621094000000000007e-03
5.633000000000000000e+03 1.651368000000000063e-03
5.639000000000000000e+03 1.650634999999999906e-03
5.644000000000000000e+03 1.630616000000000097e-03
5.650000000000000000e+03 1.662354000000000002e-03
5.656000000000000000e+03 1.677246000000000075e-03
5.662000000000000000e+03 1.634278000000000076e-03
5.668000000000000000e+03 1.645507999999999953e-03
5.674000000000000000e+03 1.633057000000000042e-03
5.679000000000000000e+03 1.633789000000000075e-03
5.685000000000000000e+03 1.660645000000000090e-03
5.691000000000000000e+03 1.660156000000000088e-03
5.697000000000000000e+03 1.646972999999999927e-03
5.703000000000000000e+03 1.632568999999999947e-03
5.708000000000000000e+03 1.636475000000000082e-03
5.714000000000000000e+03 1.626464999999999899e-03
5.720000000000000000e+03 1.641602000000000035e-03
5.726000000000000000e+03 1.631103999999999974e-03
5.732000000000000000e+03 1.649658999999999934e-03
5.737000000000000000e+03 1.592529999999999987e-03
5.743000000000000000e+03 1.640870000000000002e-03
5.749000000000000000e+03 1.616210999999999993e-03
5.755000000000000000e+03 1.638183999999999994e-03
5.761000000000000000e+03 1.638183999999999994e-03
5.767000000000000000e+03 1.651368000000000063e-03
5.772000000000000000e+03 1.651612000000000002e-03
5.778000000000000000e+03 1.629639000000000001e-03
5.784000000000000000e+03 1.655030000000000043e-03
5.790000000000000000e+03 1.662842000000000096e-03
5.796000000000000000e+03 1.633544999999999919e-03
5.801000000000000000e+03 1.656006000000000014e-03
5.807000000000000000e+03 1.628174000000000027e-03
5.813000000000000000e+03 1.648925999999999994e-03
5.819000000000000000e+03 1.630127000000000095e-03
5.825000000000000000e+03 1.647461000000000021e-03
5.830000000000000000e+03 1.643310999999999947e-03
5.836000000000000000e+03 1.642334000000000068e-03
5.842000000000000000e+03 1.659911999999999933e-03
5.848000000000000000e+03 1.664551000000000008e-03
5.854000000000000000e+03 1.659179999999999900e-03
5.860000000000000000e+03 1.647948999999999898e-03
5.865000000000000000e+03 1.629639000000000001e-03
5.871000000000000000e+03 1.629882999999999939e-03
5.877000000000000000e+03 1.659911999999999933e-03
5.883000000000000000e+03 1.628906999999999968e-03
5.889000000000000000e+03 1.609619999999999974e-03
5.894000000000000000e+03 1.650879000000000062e-03
5.900000000000000000e+03 1.646485000000000049e-03
5.906000000000000000e+03 1.652100000000000096e-03
5.912000000000000000e+03 1.643067000000000008e-03
5.918000000000000000e+03 1.655030000000000043e-03
5.923000000000000000e+03 1.634033999999999921e-03
5.929000000000000000e+03 1.646485000000000049e-03
5.935000000000000000e+03 1.640624999999999939e-03
5.941000000000000000e+03 1.627930000000000089e-03
5.947000000000000000e+03 1.625244999999999988e-03
5.953000000000000000e+03 1.666015999999999981e-03
5.958000000000000000e+03 1.640137000000000062e-03
5.964000000000000000e+03 1.656249999999999953e-03
5.970000000000000000e+03 1.632813000000000103e-03
5.976000000000000000e+03 1.656738999999999955e-03
5.982000000000000000e+03 1.659667999999999994e-03
5.987000000000000000e+03 1.638183999999999994e-03
5.993000000000000000e+03 1.627198000000000056e-03
5.999000000000000000e+03 1.635009999999999892e-03
6.000000000000000000e+03 1.654541000000000041e-03
