3.000000000000000000e+00 1.750489000000000038e-03
8.000000000000000000e+00 1.770752000000000003e-03
1.200000000000000000e+01 1.704833999999999907e-03
1.700000000000000000e+01 1.720947999999999922e-03
2.300000000000000000e+01 1.730956999999999982e-03
2.900000000000000000e+01 1.664062999999999914e-03
3.400000000000000000e+01 1.666748000000000014e-03
4.000000000000000000e+01 1.720214999999999982e-03
4.600000000000000000e+01 1.690674000000000083e-03
5.200000000000000000e+01 1.722655999999999927e-03
5.800000000000000000e+01 1.696044999999999974e-03
6.300000000000000000e+01 1.679687999999999928e-03
6.900000000000000000e+01 1.704102000000000091e-03
7.500000000000000000e+01 1.684327000000000003e-03
8.100000000000000000e+01 1.688477000000000077e-03
8.700000000000000000e+01 1.690185999999999989e-03
9.200000000000000000e+01 1.654786000000000104e-03
9.800000000000000000e+01 1.679687999999999928e-03
1.040000000000000000e+02 1.669677999999999961e-03
1.100000000000000000e+02 1.678954999999999987e-03
1.160000000000000000e+02 1.719727000000000105e-03
1.220000000000000000e+02 1.707275999999999976e-03
1.270000000000000000e+02 1.672607999999999907e-03
1.330000000000000000e+02 1.754883000000000050e-03
1.390000000000000000e+02 1.738526000000000004e-03
1.450000000000000000e+02 1.754394999999999956e-03
1.510000000000000000e+02 1.916504000000000081e-03
1.560000000000000000e+02 1.760742000000000036e-03
1.620000000000000000e+02 1.870605999999999918e-03
1.680000000000000000e+02 1.998047000000000191e-03
1.740000000000000000e+02 1.864991000000000088e-03
1.800000000000000000e+02 1.995116999999999811e-03
1.850000000000000000e+02 1.992920000000000021e-03
1.910000000000000000e+02 2.060302999999999874e-03
1.970000000000000000e+02 2.143066999999999802e-03
2.030000000000000000e+02 2.093994999999999971e-03
2.090000000000000000e+02 2.161866000000000135e-03
2.150000000000000000e+02 2.145507999999999964e-03
2.200000000000000000e+02 2.058106000000000085e-03
2.260000000000000000e+02 2.103516000000000153e-03
2.320000000000000000e+02 2.072510000000000064e-03
2.380000000000000000e+02 2.104492999999999815e-03
2.440000000000000000e+02 2.093506000000000186e-03
2.490000000000000000e+02 2.027831999999999812e-03
2.550000000000000000e+02 2.108155000000000012e-03
2.610000000000000000e+02 2.136962999999999970e-03
2.670000000000000000e+02 1.985108000000000185e-03
2.730000000000000000e+02 1.987792999999999852e-03
2.780000000000000000e+02 2.109863999999999924e-03
2.840000000000000000e+02 1.979737000000000077e-03
2.900000000000000000e+02 2.002686000000000049e-03
2.960000000000000000e+02 1.969971000000000048e-03
3.020000000000000000e+02 1.933349999999999912e-03
3.080000000000000000e+02 2.088379000000000017e-03
3.130000000000000000e+02 1.981445999999999989e-03
3.190000000000000000e+02 1.908448000000000089e-03
3.250000000000000000e+02 2.044433999999999921e-03
3.310000000000000000e+02 1.919677999999999966e-03
3.370000000000000000e+02 1.994384999999999995e-03
3.420000000000000000e+02 2.101074000000000084e-03
3.480000000000000000e+02 1.928466999999999898e-03
3.540000000000000000e+02 1.864746000000000025e-03
3.600000000000000000e+02 1.878661999999999910e-03
3.660000000000000000e+02 1.782226999999999943e-03
3.720000000000000000e+02 1.888184000000000000e-03
3.770000000000000000e+02 1.795165999999999949e-03
3.830000000000000000e+02 1.770995999999999942e-03
3.890000000000000000e+02 1.948730999999999988e-03
3.950000000000000000e+02 1.917480999999999960e-03
4.010000000000000000e+02 1.846435999999999911e-03
4.060000000000000000e+02 1.815186000000000100e-03
4.120000000000000000e+02 1.730713000000000043e-03
4.180000000000000000e+02 1.747314999999999936e-03
4.240000000000000000e+02 1.877685999999999938e-03
4.300000000000000000e+02 1.775635000000000017e-03
4.350000000000000000e+02 1.713378999999999900e-03
4.410000000000000000e+02 1.717530000000000098e-03
4.470000000000000000e+02 1.697754000000000103e-03
4.530000000000000000e+02 1.776367999999999957e-03
4.590000000000000000e+02 1.859130999999999978e-03
4.650000000000000000e+02 1.905273999999999987e-03
4.700000000000000000e+02 1.972656000000000149e-03
4.760000000000000000e+02 1.943360000000000096e-03
4.820000000000000000e+02 1.871094000000000012e-03
4.880000000000000000e+02 1.796875000000000078e-03
4.940000000000000000e+02 1.735839999999999996e-03
4.990000000000000000e+02 1.811768000000000059e-03
5.050000000000000000e+02 1.844238999999999904e-03
5.110000000000000000e+02 1.764404999999999923e-03
5.170000000000000000e+02 1.900390999999999973e-03
5.230000000000000000e+02 1.894042999999999985e-03
5.280000000000000000e+02 1.872069999999999984e-03
5.340000000000000000e+02 1.977538999999999946e-03
5.400000000000000000e+02 1.762696000000000011e-03
5.460000000000000000e+02 1.841065000000000019e-03
5.520000000000000000e+02 1.833495999999999997e-03
5.580000000000000000e+02 1.708008000000000009e-03
5.630000000000000000e+02 1.773926000000000105e-03
5.690000000000000000e+02 1.803955000000000098e-03
5.750000000000000000e+02 1.706786999999999974e-03
5.810000000000000000e+02 1.763671999999999983e-03
5.870000000000000000e+02 1.781494999999999910e-03
5.920000000000000000e+02 1.761963000000000071e-03
5.980000000000000000e+02 1.792481000000000066e-03
6.040000000000000000e+02 1.757812999999999997e-03
6.100000000000000000e+02 1.853028000000000054e-03
6.160000000000000000e+02 1.978028000000000165e-03
6.210000000000000000e+02 1.896485000000000054e-03
6.270000000000000000e+02 2.028564999999999969e-03
6.330000000000000000e+02 2.087402999999999828e-03
6.390000000000000000e+02 2.201905000000000095e-03
6.450000000000000000e+02 2.452881000000000072e-03
6.510000000000000000e+02 2.620850000000000089e-03
6.560000000000000000e+02 2.718017999999999997e-03
6.620000000000000000e+02 2.814454000000000088e-03
6.680000000000000000e+02 2.840333000000000007e-03
6.740000000000000000e+02 2.895996000000000074e-03
6.800000000000000000e+02 3.145508999999999892e-03
6.850000000000000000e+02 3.123536000000000108e-03
6.910000000000000000e+02 3.276611999999999927e-03
6.970000000000000000e+02 3.437256999999999986e-03
7.030000000000000000e+02 3.578613999999999927e-03
7.090000000000000000e+02 3.738281999999999890e-03
7.150000000000000000e+02 3.854737000000000007e-03
7.200000000000000000e+02 3.901612000000000049e-03
7.260000000000000000e+02 4.075195999999999680e-03
7.320000000000000000e+02 4.118896999999999836e-03
7.380000000000000000e+02 4.192139999999999582e-03
7.440000000000000000e+02 4.321290000000000200e-03
7.490000000000000000e+02 4.349610000000000282e-03
7.550000000000000000e+02 4.454345999999999653e-03
7.610000000000000000e+02 4.466064999999999965e-03
7.670000000000000000e+02 4.543946000000000096e-03
7.730000000000000000e+02 4.643554999999999731e-03
7.780000000000000000e+02 4.798341000000000238e-03
7.840000000000000000e+02 4.846925000000000192e-03
7.900000000000000000e+02 4.901611999999999636e-03
7.960000000000000000e+02 4.831054999999999898e-03
8.020000000000000000e+02 5.013672999999999741e-03
8.080000000000000000e+02 5.208008000000000082e-03
8.130000000000000000e+02 5.045899000000000391e-03
8.190000000000000000e+02 5.139404999999999668e-03
8.250000000000000000e+02 5.180907999999999694e-03
8.310000000000000000e+02 5.160645000000000163e-03
8.370000000000000000e+02 5.250977999999999896e-03
8.420000000000000000e+02 5.350586000000000057e-03
8.480000000000000000e+02 5.308595000000000154e-03
8.540000000000000000e+02 5.489990999999999621e-03
8.600000000000000000e+02 5.347412999999999646e-03
8.660000000000000000e+02 5.248291000000000414e-03
8.710000000000000000e+02 5.151367999999999919e-03
8.770000000000000000e+02 4.987061000000000098e-03
8.830000000000000000e+02 5.005128000000000181e-03
8.890000000000000000e+02 4.982666000000000178e-03
8.950000000000000000e+02 4.834960999999999599e-03
9.010000000000000000e+02 4.783691999999999979e-03
9.060000000000000000e+02 4.519531999999999716e-03
9.120000000000000000e+02 4.453613999999999837e-03
9.180000000000000000e+02 4.344482999999999678e-03
9.240000000000000000e+02 3.997070999999999610e-03
9.300000000000000000e+02 3.889648999999999798e-03
9.350000000000000000e+02 3.757080999999999789e-03
9.410000000000000000e+02 3.492677000000000021e-03
9.470000000000000000e+02 3.344483000000000091e-03
9.530000000000000000e+02 3.323486999999999969e-03
9.590000000000000000e+02 3.286865999999999833e-03
9.640000000000000000e+02 3.276367999999999989e-03
9.700000000000000000e+02 3.297608000000000050e-03
9.760000000000000000e+02 3.479248999999999797e-03
9.820000000000000000e+02 3.584962000000000131e-03
9.880000000000000000e+02 3.610840000000000143e-03
9.940000000000000000e+02 3.753175000000000087e-03
9.990000000000000000e+02 4.120851000000000028e-03
1.005000000000000000e+03 4.144776000000000189e-03
1.011000000000000000e+03 4.340333000000000038e-03
1.017000000000000000e+03 4.498779999999999966e-03
1.023000000000000000e+03 4.567383000000000380e-03
1.028000000000000000e+03 4.863525999999999960e-03
1.034000000000000000e+03 5.144776000000000210e-03
1.040000000000000000e+03 5.304688000000000112e-03
1.046000000000000000e+03 5.472168999999999818e-03
1.052000000000000000e+03 5.481446000000000061e-03
1.058000000000000000e+03 5.624267999999999976e-03
1.063000000000000000e+03 5.842286000000000354e-03
1.069000000000000000e+03 5.740478999999999721e-03
1.075000000000000000e+03 5.864259000000000138e-03
1.081000000000000000e+03 6.056154000000000225e-03
1.087000000000000000e+03 5.982178999999999795e-03
1.092000000000000000e+03 5.997070999999999652e-03
1.098000000000000000e+03 6.033692000000000222e-03
1.104000000000000000e+03 6.139648999999999628e-03
1.110000000000000000e+03 6.306398000000000385e-03
1.116000000000000000e+03 6.248537000000000188e-03
1.121000000000000000e+03 6.217041999999999881e-03
1.127000000000000000e+03 6.326660999999999917e-03
1.133000000000000000e+03 6.400147000000000128e-03
1.139000000000000000e+03 6.541260999999999604e-03
1.145000000000000000e+03 6.721191999999999965e-03
1.151000000000000000e+03 6.864015000000000220e-03
1.156000000000000000e+03 7.039062999999999917e-03
1.162000000000000000e+03 7.476563000000000306e-03
1.168000000000000000e+03 7.722902000000000239e-03
1.174000000000000000e+03 8.013429000000000732e-03
1.180000000000000000e+03 8.184083999999999456e-03
1.185000000000000000e+03 8.440187000000000037e-03
1.191000000000000000e+03 8.918458000000000635e-03
1.197000000000000000e+03 9.236818000000000806e-03
1.203000000000000000e+03 9.536378999999999342e-03
1.209000000000000000e+03 9.798829999999999693e-03
1.214000000000000000e+03 1.001221000000000055e-02
1.220000000000000000e+03 1.044555999999999957e-02
1.226000000000000000e+03 1.070702999999999933e-02
1.232000000000000000e+03 1.086327999999999946e-02
1.238000000000000000e+03 1.107299999999999951e-02
1.244000000000000000e+03 1.123778999999999924e-02
1.249000000000000000e+03 1.141039999999999936e-02
1.255000000000000000e+03 1.162524000000000023e-02
1.261000000000000000e+03 1.149096999999999966e-02
1.267000000000000000e+03 1.149389999999999960e-02
1.273000000000000000e+03 1.158789000000000000e-02
1.278000000000000000e+03 1.158471999999999974e-02
1.284000000000000000e+03 1.162768999999999955e-02
1.290000000000000000e+03 1.151270000000000071e-02
1.296000000000000000e+03 1.135888999999999996e-02
1.302000000000000000e+03 1.152367999999999969e-02
1.307000000000000000e+03 1.128931000000000032e-02
1.313000000000000000e+03 1.119727000000000049e-02
1.319000000000000000e+03 1.116333000000000082e-02
1.325000000000000000e+03 1.111352999999999994e-02
1.331000000000000000e+03 1.117944000000000056e-02
1.337000000000000000e+03 1.141967999999999976e-02
1.342000000000000000e+03 1.144775999999999953e-02
1.348000000000000000e+03 1.180689000000000044e-02
1.354000000000000000e+03 1.223633000000000012e-02
1.360000000000000000e+03 1.265308000000000058e-02
1.366000000000000000e+03 1.331592000000000019e-02
1.371000000000000000e+03 1.369140999999999934e-02
1.377000000000000000e+03 1.422851999999999971e-02
1.383000000000000000e+03 1.504224000000000012e-02
1.389000000000000000e+03 1.579223999999999906e-02
1.395000000000000000e+03 1.635986999999999858e-02
1.401000000000000000e+03 1.688744999999999830e-02
1.406000000000000000e+03 1.746069999999999914e-02
1.412000000000000000e+03 1.826685000000000114e-02
1.418000000000000000e+03 1.888110999999999956e-02
1.424000000000000000e+03 1.933106000000000060e-02
1.430000000000000000e+03 1.957006999999999844e-02
1.435000000000000000e+03 1.996314000000000075e-02
1.441000000000000000e+03 2.047167999999999904e-02
1.447000000000000000e+03 2.085717999999999947e-02
1.453000000000000000e+03 2.110450000000000173e-02
1.459000000000000000e+03 2.131836000000000148e-02
1.464000000000000000e+03 2.159033999999999953e-02
1.470000000000000000e+03 2.182519999999999946e-02
1.476000000000000000e+03 2.216651000000000038e-02
1.482000000000000000e+03 2.235840000000000050e-02
1.488000000000000000e+03 2.255224999999999938e-02
1.494000000000000000e+03 2.301782999999999954e-02
1.499000000000000000e+03 2.326953000000000008e-02
1.505000000000000000e+03 2.347851999999999925e-02
1.511000000000000000e+03 2.351440999999999948e-02
1.517000000000000000e+03 2.369775999999999827e-02
1.523000000000000000e+03 2.392773999999999943e-02
1.528000000000000000e+03 2.429223999999999967e-02
1.534000000000000000e+03 2.436425999999999870e-02
1.540000000000000000e+03 2.459913000000000030e-02
1.546000000000000000e+03 2.473194000000000087e-02
1.552000000000000000e+03 2.510108000000000131e-02
1.557000000000000000e+03 2.534424000000000052e-02
1.563000000000000000e+03 2.534132000000000051e-02
1.569000000000000000e+03 2.545557000000000028e-02
1.575000000000000000e+03 2.579760999999999860e-02
1.581000000000000000e+03 2.608399000000000134e-02
1.587000000000000000e+03 2.628857999999999889e-02
1.592000000000000000e+03 2.645337000000000036e-02
1.598000000000000000e+03 2.642871999999999930e-02
1.604000000000000000e+03 2.675463999999999967e-02
1.610000000000000000e+03 2.702906000000000059e-02
1.616000000000000000e+03 2.711768000000000164e-02
1.621000000000000000e+03 2.720679000000000153e-02
1.627000000000000000e+03 2.731348000000000109e-02
1.633000000000000000e+03 2.770459000000000116e-02
1.639000000000000000e+03 2.812305000000000013e-02
1.645000000000000000e+03 2.818334999999999937e-02
1.650000000000000000e+03 2.835156999999999955e-02
1.656000000000000000e+03 2.861572999999999894e-02
1.662000000000000000e+03 2.890722999999999904e-02
1.668000000000000000e+03 2.937719999999999915e-02
1.674000000000000000e+03 2.960986999999999994e-02
1.680000000000000000e+03 2.960743000000000055e-02
1.685000000000000000e+03 2.997193000000000079e-02
1.691000000000000000e+03 3.026904999999999873e-02
1.697000000000000000e+03 3.045263999999999957e-02
1.703000000000000000e+03 3.068554999999999894e-02
1.709000000000000000e+03 3.065454999999999916e-02
1.714000000000000000e+03 3.091529000000000152e-02
1.720000000000000000e+03 3.135157000000000221e-02
1.726000000000000000e+03 3.150048999999999905e-02
1.732000000000000000e+03 3.155444999999999778e-02
1.738000000000000000e+03 3.178174000000000277e-02
1.744000000000000000e+03 3.215893999999999697e-02
1.749000000000000000e+03 3.239452999999999777e-02
1.755000000000000000e+03 3.251832000000000333e-02
1.761000000000000000e+03 3.247730000000000061e-02
1.767000000000000000e+03 3.292334000000000233e-02
1.773000000000000000e+03 3.322753999999999985e-02
1.778000000000000000e+03 3.351806999999999703e-02
1.784000000000000000e+03 3.353467000000000253e-02
1.790000000000000000e+03 3.360718000000000039e-02
1.796000000000000000e+03 3.384376000000000051e-02
1.802000000000000000e+03 3.436890000000000084e-02
1.807000000000000000e+03 3.461231000000000030e-02
1.813000000000000000e+03 3.466578000000000020e-02
1.819000000000000000e+03 3.461646000000000167e-02
1.825000000000000000e+03 3.504053000000000029e-02
1.831000000000000000e+03 3.560864999999999864e-02
1.837000000000000000e+03 3.573536000000000074e-02
1.842000000000000000e+03 3.584521999999999708e-02
1.848000000000000000e+03 3.613403999999999922e-02
1.854000000000000000e+03 3.639991000000000060e-02
1.860000000000000000e+03 3.699804999999999761e-02
1.866000000000000000e+03 3.736768000000000034e-02
1.871000000000000000e+03 3.730299000000000115e-02
1.877000000000000000e+03 3.757569000000000187e-02
1.883000000000000000e+03 3.795629999999999837e-02
1.889000000000000000e+03 3.834570999999999813e-02
1.895000000000000000e+03 3.863135000000000180e-02
1.900000000000000000e+03 3.864991000000000260e-02
1.906000000000000000e+03 3.902441999999999717e-02
1.912000000000000000e+03 3.958398999999999945e-02
1.918000000000000000e+03 3.988428000000000112e-02
1.924000000000000000e+03 4.010009999999999963e-02
1.930000000000000000e+03 4.042408000000000112e-02
1.935000000000000000e+03 4.073878000000000221e-02
1.941000000000000000e+03 4.127954999999999819e-02
1.947000000000000000e+03 4.152369000000000199e-02
1.953000000000000000e+03 4.150220000000000298e-02
1.959000000000000000e+03 4.177660999999999875e-02
1.964000000000000000e+03 4.228076000000000056e-02
1.970000000000000000e+03 4.267481000000000052e-02
1.976000000000000000e+03 4.316798000000000163e-02
1.982000000000000000e+03 4.315845000000000098e-02
1.988000000000000000e+03 4.343335999999999725e-02
1.993000000000000000e+03 4.397779000000000271e-02
1.999000000000000000e+03 4.454932000000000336e-02
2.005000000000000000e+03 4.490991999999999901e-02
2.011000000000000000e+03 4.494922999999999974e-02
2.017000000000000000e+03 4.516528999999999683e-02
2.023000000000000000e+03 4.586157999999999901e-02
2.028000000000000000e+03 4.635181000000000023e-02
2.034000000000000000e+03 4.650561999999999752e-02
2.040000000000000000e+03 4.661694999999999728e-02
2.046000000000000000e+03 4.691846999999999684e-02
2.052000000000000000e+03 4.762745000000000173e-02
2.057000000000000000e+03 4.826246000000000008e-02
2.063000000000000000e+03 4.833984999999999671e-02
2.069000000000000000e+03 4.861158000000000146e-02
2.075000000000000000e+03 4.909253999999999701e-02
2.081000000000000000e+03 4.961452000000000223e-02
2.087000000000000000e+03 5.008276999999999868e-02
2.092000000000000000e+03 5.017529999999999907e-02
2.098000000000000000e+03 5.055835999999999664e-02
2.104000000000000000e+03 5.112012999999999974e-02
2.110000000000000000e+03 5.155006000000000171e-02
2.116000000000000000e+03 5.196730000000000099e-02
2.121000000000000000e+03 5.213087000000000276e-02
2.127000000000000000e+03 5.238331000000000237e-02
2.133000000000000000e+03 5.308130999999999960e-02
2.139000000000000000e+03 5.343433000000000210e-02
2.145000000000000000e+03 5.356276000000000093e-02
2.150000000000000000e+03 5.386842000000000019e-02
2.156000000000000000e+03 5.422608999999999763e-02
2.162000000000000000e+03 5.499488999999999767e-02
2.168000000000000000e+03 5.541676000000000241e-02
2.174000000000000000e+03 5.541089999999999904e-02
2.180000000000000000e+03 5.573071999999999748e-02
2.185000000000000000e+03 5.643531000000000242e-02
2.191000000000000000e+03 5.701026000000000010e-02
2.197000000000000000e+03 5.749391000000000224e-02
2.203000000000000000e+03 5.755031000000000035e-02
2.209000000000000000e+03 5.759717999999999782e-02
2.214000000000000000e+03 5.822999000000000230e-02
2.220000000000000000e+03 5.881862000000000201e-02
2.226000000000000000e+03 5.914283000000000040e-02
2.232000000000000000e+03 5.931689999999999879e-02
2.238000000000000000e+03 5.936012000000000233e-02
2.243000000000000000e+03 6.000196000000000002e-02
2.249000000000000000e+03 6.086182999999999871e-02
2.255000000000000000e+03 6.111108999999999986e-02
2.261000000000000000e+03 6.119482999999999867e-02
2.267000000000000000e+03 6.156079999999999885e-02
2.273000000000000000e+03 6.224293000000000187e-02
2.278000000000000000e+03 6.286769000000000385e-02
2.284000000000000000e+03 6.306691000000000380e-02
2.290000000000000000e+03 6.328662999999999650e-02
2.296000000000000000e+03 6.372339999999999949e-02
2.302000000000000000e+03 6.422168999999999794e-02
2.307000000000000000e+03 6.478786000000000267e-02
2.313000000000000000e+03 6.503907000000000438e-02
2.319000000000000000e+03 6.499367000000000338e-02
2.325000000000000000e+03 6.546655999999999309e-02
2.331000000000000000e+03 6.606420999999999821e-02
2.336000000000000000e+03 6.624660000000000271e-02
2.342000000000000000e+03 6.634693999999999314e-02
2.348000000000000000e+03 6.638452999999999715e-02
2.354000000000000000e+03 6.682667000000000468e-02
2.360000000000000000e+03 6.756690999999999392e-02
2.366000000000000000e+03 6.755664999999999587e-02
2.371000000000000000e+03 6.754614999999999925e-02
2.377000000000000000e+03 6.771265999999999396e-02
2.383000000000000000e+03 6.825831000000000259e-02
2.389000000000000000e+03 6.876831999999999390e-02
2.395000000000000000e+03 6.844604999999999440e-02
2.400000000000000000e+03 6.812256999999999341e-02
2.406000000000000000e+03 6.842652000000000456e-02
2.412000000000000000e+03 6.894483999999999335e-02
2.418000000000000000e+03 6.916382999999999559e-02
2.424000000000000000e+03 6.905152999999999985e-02
2.430000000000000000e+03 6.862208000000000196e-02
2.435000000000000000e+03 6.879664000000000612e-02
2.441000000000000000e+03 6.885963000000000500e-02
2.447000000000000000e+03 6.883814000000000599e-02
2.453000000000000000e+03 6.847535000000000427e-02
2.459000000000000000e+03 6.804834999999999356e-02
2.464000000000000000e+03 6.793994999999999895e-02
2.470000000000000000e+03 6.802149999999999863e-02
2.476000000000000000e+03 6.747901000000000593e-02
2.482000000000000000e+03 6.676807999999999355e-02
2.488000000000000000e+03 6.608790000000000497e-02
2.493000000000000000e+03 6.602491000000000609e-02
2.499000000000000000e+03 6.570239999999999414e-02
2.505000000000000000e+03 6.477613000000000121e-02
2.511000000000000000e+03 6.395752000000000381e-02
2.517000000000000000e+03 6.328198999999999630e-02
2.523000000000000000e+03 6.283057000000000225e-02
2.528000000000000000e+03 6.239796000000000231e-02
2.534000000000000000e+03 6.141943999999999876e-02
2.540000000000000000e+03 6.002028000000000224e-02
2.546000000000000000e+03 5.916358000000000034e-02
2.552000000000000000e+03 5.862280999999999742e-02
2.557000000000000000e+03 5.786377999999999661e-02
2.563000000000000000e+03 5.746997999999999690e-02
2.569000000000000000e+03 5.763990000000000086e-02
2.575000000000000000e+03 5.817042000000000046e-02
2.581000000000000000e+03 5.901246000000000269e-02
2.586000000000000000e+03 5.950562999999999686e-02
2.592000000000000000e+03 5.955542999999999948e-02
2.598000000000000000e+03 5.992603999999999986e-02
2.604000000000000000e+03 6.060377000000000125e-02
2.610000000000000000e+03 6.122144999999999671e-02
2.616000000000000000e+03 6.154151000000000066e-02
2.621000000000000000e+03 6.153809999999999836e-02
2.627000000000000000e+03 6.181079999999999908e-02
2.633000000000000000e+03 6.238281999999999855e-02
2.639000000000000000e+03 6.308105999999999436e-02
2.645000000000000000e+03 6.323170000000000179e-02
2.650000000000000000e+03 6.299072999999999478e-02
2.656000000000000000e+03 6.321826999999999308e-02
2.662000000000000000e+03 6.397168999999999772e-02
2.668000000000000000e+03 6.432886000000000160e-02
2.674000000000000000e+03 6.438257999999999481e-02
2.679000000000000000e+03 6.432032999999999501e-02
2.685000000000000000e+03 6.472584000000000670e-02
2.691000000000000000e+03 6.537990000000000468e-02
2.697000000000000000e+03 6.562158999999999354e-02
2.703000000000000000e+03 6.565284000000000397e-02
2.709000000000000000e+03 6.568604000000000109e-02
2.714000000000000000e+03 6.587305999999999717e-02
2.720000000000000000e+03 6.613600000000000034e-02
2.726000000000000000e+03 6.637843000000000215e-02
2.732000000000000000e+03 6.614088999999999385e-02
2.738000000000000000e+03 6.623951000000000144e-02
2.743000000000000000e+03 6.680737999999999954e-02
2.749000000000000000e+03 6.710571999999999371e-02
2.755000000000000000e+03 6.722364000000000117e-02
2.761000000000000000e+03 6.717945000000000166e-02
2.767000000000000000e+03 6.744996000000000325e-02
2.773000000000000000e+03 6.798340999999999412e-02
2.778000000000000000e+03 6.825489999999999335e-02
2.784000000000000000e+03 6.819263000000000408e-02
2.790000000000000000e+03 6.828125999999999640e-02
2.796000000000000000e+03 6.822925999999999991e-02
2.802000000000000000e+03 6.849927999999999573e-02
2.807000000000000000e+03 6.905421000000000475e-02
2.813000000000000000e+03 6.869411000000000267e-02
2.819000000000000000e+03 6.868164999999999687e-02
2.825000000000000000e+03 6.898828999999999378e-02
2.831000000000000000e+03 6.931373999999999869e-02
2.836000000000000000e+03 6.958862999999999854e-02
2.842000000000000000e+03 6.943043999999999605e-02
2.848000000000000000e+03 6.920655000000000556e-02
2.854000000000000000e+03 6.981811999999999740e-02
2.860000000000000000e+03 7.005714000000000385e-02
2.866000000000000000e+03 7.039430000000000687e-02
2.871000000000000000e+03 7.009472999999999399e-02
2.877000000000000000e+03 7.001978999999999842e-02
2.883000000000000000e+03 7.044873999999999581e-02
2.889000000000000000e+03 7.093800000000000106e-02
2.895000000000000000e+03 7.088893000000000277e-02
2.900000000000000000e+03 7.072559000000000484e-02
2.906000000000000000e+03 7.057715000000000516e-02
2.912000000000000000e+03 7.103711999999999527e-02
2.918000000000000000e+03 7.133277999999999841e-02
2.924000000000000000e+03 7.104712000000000527e-02
2.929000000000000000e+03 7.070118000000000236e-02
2.935000000000000000e+03 7.097681999999999602e-02
2.941000000000000000e+03 7.126978999999999953e-02
2.947000000000000000e+03 7.154736999999999902e-02
2.953000000000000000e+03 7.142457000000000666e-02
2.959000000000000000e+03 7.119459000000000204e-02
2.964000000000000000e+03 7.150268999999999375e-02
2.970000000000000000e+03 7.179249000000000047e-02
2.976000000000000000e+03 7.185888999999999471e-02
2.982000000000000000e+03 7.141456000000000193e-02
2.988000000000000000e+03 7.116870999999999614e-02
2.993000000000000000e+03 7.140235999999999805e-02
2.999000000000000000e+03 7.187061999999999617e-02
3.005000000000000000e+03 7.193604000000000664e-02
3.011000000000000000e+03 7.174658999999999898e-02
3.017000000000000000e+03 7.170508999999999911e-02
3.022000000000000000e+03 7.199097000000000135e-02
3.028000000000000000e+03 7.219702999999999538e-02
3.034000000000000000e+03 7.200246000000000424e-02
3.040000000000000000e+03 7.152735999999999816e-02
3.046000000000000000e+03 7.162256999999999652e-02
3.052000000000000000e+03 7.182961000000000207e-02
3.057000000000000000e+03 7.187549999999999495e-02
3.063000000000000000e+03 7.185010999999999481e-02
3.069000000000000000e+03 7.138477999999999490e-02
3.075000000000000000e+03 7.156616999999999840e-02
3.081000000000000000e+03 7.183180000000000121e-02
3.086000000000000000e+03 7.207764999999999311e-02
3.092000000000000000e+03 7.188819999999999932e-02
3.098000000000000000e+03 7.160523000000000582e-02
3.104000000000000000e+03 7.192920999999999343e-02
3.110000000000000000e+03 7.219238999999999518e-02
3.116000000000000000e+03 7.223267999999999356e-02
3.121000000000000000e+03 7.166113999999999817e-02
3.127000000000000000e+03 7.143824999999999481e-02
3.133000000000000000e+03 7.164918000000000675e-02
3.139000000000000000e+03 7.190773000000000303e-02
3.145000000000000000e+03 7.179151999999999756e-02
3.150000000000000000e+03 7.142872000000000110e-02
3.156000000000000000e+03 7.135083999999999871e-02
3.162000000000000000e+03 7.164186000000000165e-02
3.168000000000000000e+03 7.192456999999999323e-02
3.174000000000000000e+03 7.173462999999999368e-02
3.179000000000000000e+03 7.111646000000000634e-02
3.185000000000000000e+03 7.104567000000000521e-02
3.191000000000000000e+03 7.142822999999999534e-02
3.197000000000000000e+03 7.130641000000000063e-02
3.203000000000000000e+03 7.115625999999999896e-02
3.209000000000000000e+03 7.073999000000000259e-02
3.214000000000000000e+03 7.073145000000000127e-02
3.220000000000000000e+03 7.104736999999999858e-02
3.226000000000000000e+03 7.110719000000000067e-02
3.232000000000000000e+03 7.057765000000000566e-02
3.238000000000000000e+03 7.041115000000000568e-02
3.243000000000000000e+03 7.023218999999999990e-02
3.249000000000000000e+03 7.038843999999999657e-02
3.255000000000000000e+03 7.047633000000000369e-02
3.261000000000000000e+03 6.992507000000000583e-02
3.267000000000000000e+03 6.982813999999999688e-02
3.272000000000000000e+03 7.002076999999999607e-02
3.278000000000000000e+03 7.008570999999999551e-02
3.284000000000000000e+03 6.983229000000000519e-02
3.290000000000000000e+03 6.932301000000000435e-02
3.296000000000000000e+03 6.931252000000000246e-02
3.302000000000000000e+03 6.947900999999999383e-02
3.307000000000000000e+03 6.936597999999999375e-02
3.313000000000000000e+03 6.917602999999999946e-02
3.319000000000000000e+03 6.880371999999999877e-02
3.325000000000000000e+03 6.862013000000000140e-02
3.331000000000000000e+03 6.877564999999999373e-02
3.336000000000000000e+03 6.884400999999999715e-02
3.342000000000000000e+03 6.849561999999999318e-02
3.348000000000000000e+03 6.812745000000000606e-02
3.354000000000000000e+03 6.813966000000000467e-02
3.360000000000000000e+03 6.812158999999999576e-02
3.365000000000000000e+03 6.812086000000000530e-02
3.371000000000000000e+03 6.758034000000000263e-02
3.377000000000000000e+03 6.716529000000000249e-02
3.383000000000000000e+03 6.753003999999999951e-02
3.389000000000000000e+03 6.749415000000000275e-02
3.395000000000000000e+03 6.730055000000000065e-02
3.400000000000000000e+03 6.670141999999999738e-02
3.406000000000000000e+03 6.646216000000000623e-02
3.412000000000000000e+03 6.647340000000000193e-02
3.418000000000000000e+03 6.638819999999999444e-02
3.424000000000000000e+03 6.625685000000000602e-02
3.429000000000000000e+03 6.585573000000000121e-02
3.435000000000000000e+03 6.547511000000000303e-02
3.441000000000000000e+03 6.571485000000000520e-02
3.447000000000000000e+03 6.562721000000000526e-02
3.453000000000000000e+03 6.513062000000000018e-02
3.459000000000000000e+03 6.473975999999999342e-02
3.464000000000000000e+03 6.452101000000000364e-02
3.470000000000000000e+03 6.466357999999999828e-02
3.476000000000000000e+03 6.454395999999999745e-02
3.482000000000000000e+03 6.402027999999999885e-02
3.488000000000000000e+03 6.354980999999999824e-02
3.493000000000000000e+03 6.361255999999999855e-02
3.499000000000000000e+03 6.340919000000000416e-02
3.505000000000000000e+03 6.334815000000000584e-02
3.511000000000000000e+03 6.280273999999999579e-02
3.517000000000000000e+03 6.238380000000000314e-02
3.522000000000000000e+03 6.244726999999999917e-02
3.528000000000000000e+03 6.256910000000000249e-02
3.534000000000000000e+03 6.225562999999999930e-02
3.540000000000000000e+03 6.178907000000000149e-02
3.546000000000000000e+03 6.144825000000000287e-02
3.552000000000000000e+03 6.121338999999999947e-02
3.557000000000000000e+03 6.138086999999999710e-02
3.563000000000000000e+03 6.096411999999999665e-02
3.569000000000000000e+03 6.049049000000000093e-02
3.575000000000000000e+03 6.024805999999999911e-02
3.581000000000000000e+03 6.039698000000000289e-02
3.586000000000000000e+03 6.034376000000000323e-02
3.592000000000000000e+03 6.010449999999999821e-02
3.598000000000000000e+03 5.940014999999999878e-02
3.604000000000000000e+03 5.918849000000000332e-02
3.610000000000000000e+03 5.920581999999999928e-02
3.615000000000000000e+03 5.910573000000000216e-02
3.621000000000000000e+03 5.878760999999999709e-02
3.627000000000000000e+03 5.793261999999999717e-02
3.633000000000000000e+03 5.775635999999999964e-02
3.639000000000000000e+03 5.806349000000000232e-02
3.645000000000000000e+03 5.768286999999999720e-02
3.650000000000000000e+03 5.723633999999999666e-02
3.656000000000000000e+03 5.675684999999999758e-02
3.662000000000000000e+03 5.661963999999999886e-02
3.668000000000000000e+03 5.669629999999999809e-02
3.674000000000000000e+03 5.627125000000000182e-02
3.679000000000000000e+03 5.555933999999999873e-02
3.685000000000000000e+03 5.550978000000000162e-02
3.691000000000000000e+03 5.523390000000000244e-02
3.697000000000000000e+03 5.520459999999999950e-02
3.703000000000000000e+03 5.491627000000000314e-02
3.708000000000000000e+03 5.415723000000000065e-02
3.714000000000000000e+03 5.387526000000000120e-02
3.720000000000000000e+03 5.380689999999999779e-02
3.726000000000000000e+03 5.364722999999999714e-02
3.732000000000000000e+03 5.335890000000000077e-02
3.738000000000000000e+03 5.282202999999999898e-02
3.743000000000000000e+03 5.252491000000000104e-02
3.749000000000000000e+03 5.245265000000000344e-02
3.755000000000000000e+03 5.216529000000000305e-02
3.761000000000000000e+03 5.166554000000000285e-02
3.767000000000000000e+03 5.134473999999999982e-02
3.772000000000000000e+03 5.082129999999999981e-02
3.778000000000000000e+03 5.086133000000000320e-02
3.784000000000000000e+03 5.069800000000000001e-02
3.790000000000000000e+03 5.019117000000000023e-02
3.796000000000000000e+03 4.984766000000000197e-02
3.802000000000000000e+03 4.963526000000000049e-02
3.807000000000000000e+03 4.970045000000000018e-02
3.813000000000000000e+03 4.959742999999999791e-02
3.819000000000000000e+03 4.882373999999999742e-02
3.825000000000000000e+03 4.838989999999999958e-02
3.831000000000000000e+03 4.833740999999999732e-02
3.836000000000000000e+03 4.814990999999999716e-02
3.842000000000000000e+03 4.793433999999999889e-02
3.848000000000000000e+03 4.725758000000000042e-02
3.854000000000000000e+03 4.696046000000000248e-02
3.860000000000000000e+03 4.703613999999999712e-02
3.865000000000000000e+03 4.688185000000000269e-02
3.871000000000000000e+03 4.654052999999999662e-02
3.877000000000000000e+03 4.593872999999999707e-02
3.883000000000000000e+03 4.560621000000000119e-02
3.889000000000000000e+03 4.551783000000000218e-02
3.895000000000000000e+03 4.554712000000000344e-02
3.900000000000000000e+03 4.499536999999999981e-02
3.906000000000000000e+03 4.452711000000000169e-02
3.912000000000000000e+03 4.434449000000000030e-02
3.918000000000000000e+03 4.416870999999999992e-02
3.924000000000000000e+03 4.408862999999999671e-02
3.929000000000000000e+03 4.358300999999999842e-02
3.935000000000000000e+03 4.315747999999999807e-02
3.941000000000000000e+03 4.278296000000000182e-02
3.947000000000000000e+03 4.256665999999999922e-02
3.953000000000000000e+03 4.238110999999999962e-02
3.958000000000000000e+03 4.210938000000000181e-02
3.964000000000000000e+03 4.170435000000000114e-02
3.970000000000000000e+03 4.154005000000000197e-02
3.976000000000000000e+03 4.152929999999999816e-02
3.982000000000000000e+03 4.121484999999999732e-02
3.988000000000000000e+03 4.079077999999999871e-02
3.993000000000000000e+03 4.031836999999999921e-02
3.999000000000000000e+03 4.025854999999999712e-02
4.005000000000000000e+03 4.029590000000000255e-02
4.011000000000000000e+03 3.987769000000000036e-02
4.017000000000000000e+03 3.918238000000000276e-02
4.022000000000000000e+03 3.900830999999999743e-02
4.028000000000000000e+03 3.867798000000000069e-02
4.034000000000000000e+03 3.861255999999999716e-02
4.040000000000000000e+03 3.824512000000000050e-02
4.046000000000000000e+03 3.769506999999999719e-02
4.051000000000000000e+03 3.750683999999999962e-02
4.057000000000000000e+03 3.736500000000000238e-02
4.063000000000000000e+03 3.711695000000000272e-02
4.069000000000000000e+03 3.683033000000000140e-02
4.075000000000000000e+03 3.625831000000000193e-02
4.081000000000000000e+03 3.610205999999999832e-02
4.086000000000000000e+03 3.608277000000000012e-02
4.092000000000000000e+03 3.578955999999999804e-02
4.098000000000000000e+03 3.511231000000000074e-02
4.104000000000000000e+03 3.480176000000000103e-02
4.110000000000000000e+03 3.455249999999999988e-02
4.115000000000000000e+03 3.454444000000000264e-02
4.121000000000000000e+03 3.423315999999999859e-02
4.127000000000000000e+03 3.374975999999999671e-02
4.133000000000000000e+03 3.345117999999999703e-02
4.139000000000000000e+03 3.311669999999999892e-02
4.145000000000000000e+03 3.299756000000000217e-02
4.150000000000000000e+03 3.270875000000000171e-02
4.156000000000000000e+03 3.211963000000000318e-02
4.162000000000000000e+03 3.189527000000000334e-02
4.168000000000000000e+03 3.167211999999999805e-02
4.174000000000000000e+03 3.144190000000000179e-02
4.179000000000000000e+03 3.113867999999999844e-02
4.185000000000000000e+03 3.067846999999999935e-02
4.191000000000000000e+03 3.049121000000000123e-02
4.197000000000000000e+03 3.044921999999999906e-02
4.203000000000000000e+03 3.004052999999999932e-02
4.208000000000000000e+03 2.960157000000000066e-02
4.214000000000000000e+03 2.930665000000000006e-02
4.220000000000000000e+03 2.894971000000000003e-02
4.226000000000000000e+03 2.893920999999999993e-02
4.232000000000000000e+03 2.878930999999999851e-02
4.238000000000000000e+03 2.830981999999999943e-02
4.243000000000000000e+03 2.804834999999999967e-02
4.249000000000000000e+03 2.796241000000000004e-02
4.255000000000000000e+03 2.774975999999999832e-02
4.261000000000000000e+03 2.756739000000000064e-02
4.267000000000000000e+03 2.706079000000000123e-02
4.272000000000000000e+03 2.664624000000000159e-02
4.278000000000000000e+03 2.650415999999999883e-02
4.284000000000000000e+03 2.628832999999999864e-02
4.290000000000000000e+03 2.603882000000000072e-02
4.296000000000000000e+03 2.555713000000000082e-02
4.301000000000000000e+03 2.524975999999999957e-02
4.307000000000000000e+03 2.516480000000000106e-02
4.313000000000000000e+03 2.493334999999999996e-02
4.319000000000000000e+03 2.454517000000000157e-02
4.325000000000000000e+03 2.416601999999999986e-02
4.331000000000000000e+03 2.378515999999999964e-02
4.336000000000000000e+03 2.364283000000000010e-02
4.342000000000000000e+03 2.358203000000000035e-02
4.348000000000000000e+03 2.302343999999999918e-02
4.354000000000000000e+03 2.287915000000000088e-02
4.360000000000000000e+03 2.275976999999999861e-02
4.365000000000000000e+03 2.239477999999999955e-02
4.371000000000000000e+03 2.231934000000000001e-02
4.377000000000000000e+03 2.192407999999999857e-02
4.383000000000000000e+03 2.160669000000000131e-02
4.389000000000000000e+03 2.153296000000000029e-02
4.394000000000000000e+03 2.127294999999999880e-02
4.400000000000000000e+03 2.091283999999999851e-02
4.406000000000000000e+03 2.070287999999999989e-02
4.412000000000000000e+03 2.027564000000000102e-02
4.418000000000000000e+03 2.009032999999999999e-02
4.424000000000000000e+03 1.997608000000000023e-02
4.429000000000000000e+03 1.968993999999999953e-02
4.435000000000000000e+03 1.935351999999999906e-02
4.441000000000000000e+03 1.904613999999999960e-02
4.447000000000000000e+03 1.892017000000000004e-02
4.453000000000000000e+03 1.888280999999999987e-02
4.458000000000000000e+03 1.841918999999999848e-02
4.464000000000000000e+03 1.807568999999999843e-02
4.470000000000000000e+03 1.797901000000000013e-02
4.476000000000000000e+03 1.774950999999999959e-02
4.482000000000000000e+03 1.762963999999999851e-02
4.488000000000000000e+03 1.734936999999999938e-02
4.493000000000000000e+03 1.697778999999999955e-02
4.499000000000000000e+03 1.690673999999999996e-02
4.505000000000000000e+03 1.665453999999999893e-02
4.511000000000000000e+03 1.652075999999999892e-02
4.517000000000000000e+03 1.624462999999999949e-02
4.522000000000000000e+03 1.587182999999999997e-02
4.528000000000000000e+03 1.575537000000000118e-02
4.534000000000000000e+03 1.568653000000000061e-02
4.540000000000000000e+03 1.554858999999999929e-02
4.546000000000000000e+03 1.525732999999999950e-02
4.551000000000000000e+03 1.521070000000000061e-02
4.557000000000000000e+03 1.485205000000000032e-02
4.563000000000000000e+03 1.486156999999999929e-02
4.569000000000000000e+03 1.461816999999999978e-02
4.575000000000000000e+03 1.434252999999999917e-02
4.581000000000000000e+03 1.424902999999999934e-02
4.586000000000000000e+03 1.400243999999999968e-02
4.592000000000000000e+03 1.375635000000000052e-02
4.598000000000000000e+03 1.364502000000000076e-02
4.604000000000000000e+03 1.327831999999999971e-02
4.610000000000000000e+03 1.320166000000000048e-02
4.615000000000000000e+03 1.309057999999999923e-02
4.621000000000000000e+03 1.290430000000000049e-02
4.627000000000000000e+03 1.266698999999999950e-02
4.633000000000000000e+03 1.236743000000000044e-02
4.639000000000000000e+03 1.215918000000000034e-02
4.644000000000000000e+03 1.207665999999999948e-02
4.650000000000000000e+03 1.184325999999999955e-02
4.656000000000000000e+03 1.160791000000000080e-02
4.662000000000000000e+03 1.136449999999999960e-02
4.668000000000000000e+03 1.122998000000000052e-02
4.674000000000000000e+03 1.108324999999999935e-02
4.679000000000000000e+03 1.096338000000000000e-02
4.685000000000000000e+03 1.063622999999999999e-02
4.691000000000000000e+03 1.046508999999999981e-02
4.697000000000000000e+03 1.026293999999999991e-02
4.703000000000000000e+03 1.007568000000000005e-02
4.708000000000000000e+03 9.974610999999999547e-03
4.714000000000000000e+03 9.597414000000000292e-03
4.720000000000000000e+03 9.395997999999999156e-03
4.726000000000000000e+03 9.371096000000000634e-03
4.732000000000000000e+03 9.154542999999999361e-03
4.737000000000000000e+03 8.960206000000000073e-03
4.743000000000000000e+03 8.806398000000000004e-03
4.749000000000000000e+03 8.551759000000000790e-03
4.755000000000000000e+03 8.531739999999999463e-03
4.761000000000000000e+03 8.261476000000000236e-03
4.767000000000000000e+03 8.096680999999999670e-03
4.772000000000000000e+03 8.009033999999999945e-03
4.778000000000000000e+03 7.825929000000000565e-03
4.784000000000000000e+03 7.745117999999999621e-03
4.790000000000000000e+03 7.720948000000000047e-03
4.796000000000000000e+03 7.404298000000000129e-03
4.801000000000000000e+03 7.277833000000000045e-03
4.807000000000000000e+03 7.198486999999999941e-03
4.813000000000000000e+03 7.099122999999999718e-03
4.819000000000000000e+03 6.893800999999999748e-03
4.825000000000000000e+03 6.789795999999999852e-03
4.831000000000000000e+03 6.583986000000000005e-03
4.836000000000000000e+03 6.550781999999999786e-03
4.842000000000000000e+03 6.334229000000000248e-03
4.848000000000000000e+03 6.155031000000000044e-03
4.854000000000000000e+03 6.033692000000000222e-03
4.860000000000000000e+03 5.930420999999999956e-03
4.865000000000000000e+03 5.880617000000000309e-03
4.871000000000000000e+03 5.883059000000000378e-03
4.877000000000000000e+03 5.604249000000000383e-03
4.883000000000000000e+03 5.522950000000000428e-03
4.889000000000000000e+03 5.560302999999999947e-03
4.894000000000000000e+03 5.498779999999999987e-03
4.900000000000000000e+03 5.377685999999999578e-03
4.906000000000000000e+03 5.114991000000000156e-03
4.912000000000000000e+03 4.991699999999999957e-03
4.918000000000000000e+03 5.021485000000000011e-03
4.924000000000000000e+03 4.799073000000000054e-03
4.929000000000000000e+03 4.785400999999999891e-03
4.935000000000000000e+03 4.622315000000000104e-03
4.941000000000000000e+03 4.449218999999999917e-03
4.947000000000000000e+03 4.480226000000000347e-03
4.953000000000000000e+03 4.379883000000000214e-03
4.958000000000000000e+03 4.199951999999999852e-03
4.964000000000000000e+03 4.233887999999999888e-03
4.970000000000000000e+03 4.052247000000000141e-03
4.976000000000000000e+03 3.864503000000000035e-03
4.982000000000000000e+03 4.048340000000000098e-03
4.987000000000000000e+03 3.886475999999999820e-03
4.993000000000000000e+03 3.840089000000000089e-03
4.999000000000000000e+03 3.695800999999999861e-03
5.005000000000000000e+03 3.638672999999999821e-03
5.011000000000000000e+03 3.544190000000000014e-03
5.017000000000000000e+03 3.571533999999999907e-03
5.022000000000000000e+03 3.397949999999999842e-03
5.028000000000000000e+03 3.443115999999999972e-03
5.034000000000000000e+03 3.270264000000000157e-03
5.040000000000000000e+03 3.176026000000000196e-03
5.046000000000000000e+03 3.282226999999999974e-03
5.051000000000000000e+03 3.146485000000000080e-03
5.057000000000000000e+03 3.142334000000000099e-03
5.063000000000000000e+03 3.156495000000000047e-03
5.069000000000000000e+03 3.027833000000000174e-03
5.075000000000000000e+03 2.941650999999999988e-03
5.080000000000000000e+03 2.894775999999999946e-03
5.086000000000000000e+03 2.795409999999999909e-03
5.092000000000000000e+03 2.755127000000000010e-03
5.098000000000000000e+03 2.627441999999999798e-03
5.104000000000000000e+03 2.535401000000000061e-03
5.110000000000000000e+03 2.666504000000000096e-03
5.115000000000000000e+03 2.530517999999999830e-03
5.121000000000000000e+03 2.449462999999999814e-03
5.127000000000000000e+03 2.560302999999999884e-03
5.133000000000000000e+03 2.373534999999999968e-03
5.139000000000000000e+03 2.471679999999999971e-03
5.144000000000000000e+03 2.590821000000000096e-03
5.150000000000000000e+03 2.399903000000000106e-03
5.156000000000000000e+03 2.411377000000000138e-03
5.162000000000000000e+03 2.240479000000000082e-03
5.168000000000000000e+03 2.171142999999999944e-03
5.174000000000000000e+03 2.187988999999999993e-03
5.179000000000000000e+03 2.072266000000000125e-03
5.185000000000000000e+03 1.894531000000000080e-03
5.191000000000000000e+03 1.924317000000000041e-03
5.197000000000000000e+03 1.744384999999999989e-03
5.203000000000000000e+03 1.722655999999999927e-03
5.208000000000000000e+03 1.691894999999999901e-03
5.214000000000000000e+03 1.682129000000000089e-03
5.220000000000000000e+03 1.676270000000000104e-03
5.226000000000000000e+03 1.664062999999999914e-03
5.232000000000000000e+03 1.685546999999999913e-03
5.237000000000000000e+03 1.730713000000000043e-03
5.243000000000000000e+03 1.665283000000000041e-03
5.249000000000000000e+03 1.686524000000000009e-03
5.255000000000000000e+03 1.652831999999999912e-03
5.261000000000000000e+03 1.664307000000000069e-03
5.267000000000000000e+03 1.662354000000000002e-03
5.272000000000000000e+03 1.678954999999999987e-03
5.278000000000000000e+03 1.682373000000000028e-03
5.284000000000000000e+03 1.668701000000000082e-03
5.290000000000000000e+03 1.664307000000000069e-03
5.296000000000000000e+03 1.640137000000000062e-03
5.301000000000000000e+03 1.655273999999999981e-03
5.307000000000000000e+03 1.652344000000000035e-03
5.313000000000000000e+03 1.646728999999999988e-03
5.319000000000000000e+03 1.661376999999999906e-03
5.325000000000000000e+03 1.653076999999999975e-03
5.330000000000000000e+03 1.666748000000000014e-03
5.336000000000000000e+03 1.666504000000000076e-03
5.342000000000000000e+03 1.676025999999999948e-03
5.348000000000000000e+03 1.663575000000000036e-03
5.354000000000000000e+03 1.681884999999999934e-03
5.360000000000000000e+03 1.644286999999999919e-03
5.365000000000000000e+03 1.627930000000000089e-03
5.371000000000000000e+03 1.650390999999999967e-03
5.377000000000000000e+03 1.651855999999999941e-03
5.383000000000000000e+03 1.632079999999999946e-03
5.389000000000000000e+03 1.650147000000000029e-03
5.394000000000000000e+03 1.667237000000000016e-03
5.400000000000000000e+03 1.650634999999999906e-03
5.406000000000000000e+03 1.668212999999999988e-03
5.412000000000000000e+03 1.644531999999999982e-03
5.418000000000000000e+03 1.664307000000000069e-03
5.423000000000000000e+03 1.651612000000000002e-03
5.429000000000000000e+03 1.672607999999999907e-03
5.435000000000000000e+03 1.654052999999999947e-03
5.441000000000000000e+03 1.625977000000000021e-03
5.447000000000000000e+03 1.645020000000000076e-03
5.453000000000000000e+03 1.646240999999999894e-03
5.458000000000000000e+03 1.669677999999999961e-03
5.464000000000000000e+03 1.628174000000000027e-03
5.470000000000000000e+03 1.646728999999999988e-03
5.476000000000000000e+03 1.642823000000000070e-03
5.482000000000000000e+03 1.613770000000000048e-03
5.487000000000000000e+03 1.651123000000000000e-03
5.493000000000000000e+03 1.632325000000000009e-03
5.499000000000000000e+03 1.680176000000000022e-03
5.505000000000000000e+03 1.632325000000000009e-03
5.511000000000000000e+03 1.634522000000000015e-03
5.517000000000000000e+03 1.645020000000000076e-03
5.522000000000000000e+03 1.661865000000000000e-03
5.528000000000000000e+03 1.652100000000000096e-03
5.534000000000000000e+03 1.643555000000000103e-03
5.540000000000000000e+03 1.649414000000000088e-03
5.546000000000000000e+03 1.647704999999999960e-03
5.551000000000000000e+03 1.644042999999999980e-03
5.557000000000000000e+03 1.650390999999999967e-03
5.563000000000000000e+03 1.641113999999999941e-03
5.569000000000000000e+03 1.645020000000000076e-03
5.575000000000000000e+03 1.661376999999999906e-03
5.580000000000000000e+03 1.664307000000000069e-03
5.586000000000000000e+03 1.652344000000000035e-03
5.592000000000000000e+03 1.676270000000000104e-03
5.598000000000000000e+03 1.655762000000000076e-03
5.604000000000000000e+03 1.657714999999999926e-03
5.610000000000000000e+03 1.663329999999999973e-03
5.615000000000000000e+03 1.686767999999999948e-03
5.621000000000000000e+03 1.655762000000000076e-03
5.627000000000000000e+03 1.655517999999999920e-03
5.633000000000000000e+03 1.652100000000000096e-03
5.639000000000000000e+03 1.676270000000000104e-03
5.644000000000000000e+03 1.639405000000000029e-03
5.650000000000000000e+03 1.644042999999999980e-03
5.656000000000000000e+03 1.643310999999999947e-03
5.662000000000000000e+03 1.632079999999999946e-03
5.668000000000000000e+03 1.682129000000000089e-03
5.673000000000000000e+03 1.630860000000000035e-03
5.679000000000000000e+03 1.643310999999999947e-03
5.685000000000000000e+03 1.628417999999999966e-03
5.691000000000000000e+03 1.659911999999999933e-03
5.697000000000000000e+03 1.657959000000000082e-03
5.703000000000000000e+03 1.667480999999999955e-03
5.708000000000000000e+03 1.642334000000000068e-03
5.714000000000000000e+03 1.646485000000000049e-03
5.720000000000000000e+03 1.668701000000000082e-03
5.726000000000000000e+03 1.654297000000000102e-03
5.732000000000000000e+03 1.698974999999999921e-03
5.737000000000000000e+03 1.656493999999999892e-03
5.743000000000000000e+03 1.686280000000000071e-03
5.749000000000000000e+03 1.627441999999999995e-03
5.755000000000000000e+03 1.643310999999999947e-03
5.761000000000000000e+03 1.655762000000000076e-03
5.766000000000000000e+03 1.645751999999999892e-03
5.772000000000000000e+03 1.628174000000000027e-03
5.778000000000000000e+03 1.646728999999999988e-03
5.784000000000000000e+03 1.655030000000000043e-03
5.790000000000000000e+03 1.625244999999999988e-03
5.796000000000000000e+03 1.651612000000000002e-03
5.801000000000000000e+03 1.660400999999999934e-03
5.807000000000000000e+03 1.627198000000000056e-03
5.813000000000000000e+03 1.641358000000000096e-03
5.819000000000000000e+03 1.656493999999999892e-03
5.825000000000000000e+03 1.643310999999999947e-03
5.830000000000000000e+03 1.682860999999999906e-03
5.836000000000000000e+03 1.682860999999999906e-03
5.842000000000000000e+03 1.671142999999999934e-03
5.848000000000000000e+03 1.676514000000000042e-03
5.854000000000000000e+03 1.669677999999999961e-03
5.860000000000000000e+03 1.640870000000000002e-03
5.865000000000000000e+03 1.658446999999999959e-03
5.871000000000000000e+03 1.653320999999999914e-03
5.877000000000000000e+03 1.669190000000000083e-03
5.883000000000000000e+03 1.624023999999999954e-03
5.889000000000000000e+03 1.666015999999999981e-03
5.894000000000000000e+03 1.679200000000000050e-03
5.900000000000000000e+03 1.624512000000000048e-03
5.906000000000000000e+03 1.635497999999999987e-03
5.912000000000000000e+03 1.654786000000000104e-03
5.918000000000000000e+03 1.632568999999999947e-03
5.923000000000000000e+03 1.645264000000000015e-03
5.929000000000000000e+03 1.658446999999999959e-03
5.935000000000000000e+03 1.654541000000000041e-03
5.941000000000000000e+03 1.670898999999999995e-03
5.947000000000000000e+03 1.642578999999999914e-03
5.953000000000000000e+03 1.657227000000000049e-03
5.958000000000000000e+03 1.619629000000000034e-03
5.964000000000000000e+03 1.663818999999999975e-03
5.970000000000000000e+03 1.662110000000000063e-03
5.976000000000000000e+03 1.666748000000000014e-03
5.982000000000000000e+03 1.632079999999999946e-03
5.987000000000000000e+03 1.644042999999999980e-03
5.993000000000000000e+03 1.653320999999999914e-03
5.999000000000000000e+03 1.624999999999999925e-03
6.000000000000000000e+03 1.668945999999999928e-03
