   10.992       483 
   11.022       118 
   11.052       229 
   11.082       137 
   11.112      -212 
   11.142         7 
   11.172       320 
   11.202       -81 
   11.232      -464 
   11.262      -247 
   11.292       114 
   11.322       163 
   11.352        -2 
   11.382        73 
   11.412       358 
   11.442       300 
   11.472       126 
   11.502       -16 
   11.532      -282 
   11.562       -98 
   11.592        80 
   11.622       287 
   11.652       338 
   11.682       337 
   11.712        70 
   11.742      -148 
   11.772      -102 
   11.802       -40 
   11.832       -24 
   11.862        53 
   11.892        64 
   11.922       169 
   11.952       -14 
   11.982       217 
   12.012       430 
   12.042       298 
   12.072       297 
   12.102       277 
   12.132       174 
   12.162       100 
   12.192       228 
   12.222       497 
   12.252       106 
   12.282        13 
   12.312       101 
   12.342        70 
   12.372        43 
   12.402       -83 
   12.432       -29 
   12.462       177 
   12.492        14 
   12.522      -124 
   12.552      -215 
   12.582        16 
   12.612        28 
   12.642       204 
   12.672       273 
   12.702       255 
   12.732       434 
   12.762       298 
   12.792       117 
   12.822       480 
   12.852       684 
   12.882       521 
   12.912       213 
   12.942         3 
   12.972        70 
   13.002      -108 
   13.032        54 
   13.062        -1 
   13.092      -127 
   13.122        14 
   13.152        90 
   13.182       258 
   13.212       -38 
   13.242        -2 
   13.272        29 
   13.302       -78 
   13.332      -462 
   13.362      -215 
   13.392        94 
   13.422       504 
   13.452       265 
   13.482       -79 
   13.512       136 
   13.542       -69 
   13.572      -166 
   13.602        12 
   13.632       391 
   13.662       333 
   13.692       302 
   13.722       411 
   13.752       206 
   13.782       -60 
   13.812        57 
   13.842       -59 
   13.872        79 
   13.902        96 
   13.932        33 
   13.962      -121 
   13.992      -181 
   14.022        11 
   14.052        59 
   14.082       -79 
   14.112       210 
   14.142       325 
   14.172       294 
   14.202       610 
   14.232       172 
   14.262      -297 
   14.292      -346 
   14.322        21 
   14.352       293 
   14.382       116 
   14.412       193 
   14.442       433 
   14.472        21 
   14.502      -510 
   14.532      -173 
   14.562       310 
   14.592       350 
   14.622       187 
   14.652       433 
   14.682       461 
   14.712       700 
   14.742       727 
   14.772       214 
   14.802       -86 
   14.832       -52 
   14.862       312 
   14.892       213 
   14.922       153 
   14.952        97 
   14.982      -184 
   15.012      -133 
   15.042        95 
   15.072       116 
   15.102       -72 
   15.132      -128 
   15.162        78 
   15.192       219 
   15.222       270 
   15.252       299 
   15.282       141 
   15.312       177 
   15.342      -143 
   15.372       -88 
   15.402       483 
   15.432       405 
   15.462      -114 
   15.492        18 
   15.522       106 
   15.552        14 
   15.582        59 
   15.612      -220 
   15.642      -367 
   15.672      -196 
   15.702         9 
   15.732       191 
   15.762        84 
   15.792        79 
   15.822       -87 
   15.852      -213 
   15.882       219 
   15.912       227 
   15.942       -30 
   15.972       -85 
   16.002      -130 
   16.032       225 
   16.062       331 
   16.092       246 
   16.122       308 
   16.152       462 
   16.182       334 
   16.212        31 
   16.242       270 
   16.272       160 
   16.302       -38 
   16.332        27 
   16.362        -6 
   16.392        46 
   16.422       291 
   16.451       338 
   16.482       214 
   16.512       -79 
   16.542      -205 
   16.572       -35 
   16.602       -93 
   16.632       125 
   16.662      -104 
   16.692      -112 
   16.722      -257 
   16.752       105 
   16.782       547 
   16.812       572 
   16.842       295 
   16.872        52 
   16.902       273 
   16.932        91 
   16.962       201 
   16.992       261 
   17.022       400 
   17.052       451 
   17.082       402 
   17.112       165 
   17.142       210 
   17.172       178 
   17.201        46 
   17.232        58 
   17.262       146 
   17.292       478 
   17.322       451 
   17.352       387 
   17.382       326 
   17.412       482 
   17.442       531 
   17.472       500 
   17.502       298 
   17.532       448 
   17.562       247 
   17.592        61 
   17.622       -17 
   17.652       123 
   17.682       213 
   17.712       268 
   17.742       223 
   17.772       305 
   17.802       108 
   17.832        78 
   17.862       451 
   17.892       493 
   17.922       259 
   17.951       128 
   17.982       187 
   18.012       486 
   18.042       595 
   18.072       244 
   18.102        92 
   18.132       563 
   18.162       315 
   18.192       433 
   18.222       587 
   18.252       462 
   18.282       604 
   18.312       631 
   18.342       150 
   18.372        39 
   18.402       279 
   18.432       628 
   18.462       443 
   18.492       341 
   18.522       156 
   18.552       323 
   18.582       387 
   18.612       636 
   18.642       283 
   18.672       -14 
   18.702        30 
   18.732       309 
   18.762        76 
   18.792       198 
   18.822       578 
   18.852       402 
   18.882       448 
   18.912       205 
   18.942         5 
   18.972       -94 
   19.002       119 
   19.032       305 
   19.062       619 
   19.092       680 
   19.122       229 
   19.152      -307 
   19.182        32 
   19.212       416 
   19.242       635 
   19.272       551 
   19.302       449 
   19.332       244 
   19.361        45 
   19.392       276 
   19.422       539 
   19.451       190 
   19.482       180 
   19.512       -37 
   19.542        49 
   19.572      -236 
   19.602      -358 
   19.632      -164 
   19.662       226 
   19.692       616 
   19.722       548 
   19.752        62 
   19.782      -129 
   19.812       286 
   19.842       376 
   19.872       156 
   19.902       407 
   19.932       591 
   19.962       169 
   19.992      -254 
   20.022       -94 
   20.052       242 
   20.082       271 
   20.112       264 
   20.142       135 
   20.172        41 
   20.201       304 
   20.232       200 
   20.262       -28 
   20.292        50 
   20.322       192 
   20.352       319 
   20.382       177 
   20.412       198 
   20.442        83 
   20.472       283 
   20.502       511 
   20.532       177 
   20.562      -191 
   20.592       -72 
   20.622       181 
   20.652       330 
   20.682       305 
   20.712       191 
   20.742        16 
   20.772      -126 
   20.802       142 
   20.832       181 
   20.862       193 
   20.892       186 
   20.922       167 
   20.951       450 
   20.982       577 
   21.012       200 
   21.042       -51 
   21.072        20 
   21.102       -40 
   21.132       -56 
   21.162       139 
   21.192       100 
   21.222        27 
   21.252       -56 
   21.282        41 
   21.312      -118 
   21.342        95 
   21.372       315 
   21.402       166 
   21.432      -290 
   21.462      -342 
   21.492      -117 
   21.522       237 
   21.552       182 
   21.582        73 
   21.612       202 
   21.642       212 
   21.672        98 
   21.701        47 
   21.732        49 
   21.762      -108 
   21.792        99 
   21.822       141 
   21.852        40 
   21.882       -92 
   21.912      -281 
   21.942       -16 
   21.972       105 
   22.002        37 
   22.032        98 
   22.062        90 
   22.092        17 
   22.122         1 
   22.152       162 
   22.182       475 
   22.212       405 
   22.242        77 
   22.272       322 
   22.302       115 
   22.332      -133 
   22.362      -245 
   22.392       216 
   22.422       215 
   22.451      -303 
   22.482      -267 
   22.512      -188 
   22.542        22 
   22.572       227 
   22.602       425 
   22.632       213 
   22.662       -59 
   22.692        -6 
   22.722       -43 
   22.752        51 
   22.782       168 
   22.812       528 
   22.842       283 
   22.872        42 
   22.902       -52 
   22.932        67 
   22.962        92 
   22.992       -78 
   23.022      -554 
   23.052      -363 
   23.082      -211 
   23.112        48 
   23.142       365 
   23.172       124 
   23.201        47 
   23.232       -41 
   23.262      -176 
   23.292      -219 
   23.322      -215 
   23.352        18 
   23.382        34 
   23.412        59 
   23.442       229 
   23.472       118 
   23.502      -102 
   23.532      -357 
   23.562      -169 
   23.592       -41 
   23.622         0 
   23.652       128 
   23.682       -44 
   23.712      -106 
   23.742      -320 
   23.772      -335 
   23.802        37 
   23.832      -100 
   23.862      -244 
   23.892         6 
   23.922       318 
   23.952       774 
   23.982       895 
   24.012       496 
   24.042       100 
   24.072      -261 
   24.102      -170 
   24.132      -281 
   24.162       -78 
   24.192       227 
   24.222        82 
   24.252        19 
   24.282       181 
   24.312        -2 
   24.342      -192 
   24.372      -157 
   24.402      -145 
   24.432      -302 
   24.462      -171 
   24.492        56 
   24.522        67 
   24.552      -191 
   24.582       -34 
   24.612       124 
   24.642      -111 
   24.672       -63 
   24.702        95 
   24.732        82 
   24.762       -19 
   24.792       181 
   24.822       201 
   24.852      -270 
   24.882      -296 
   24.912      -265 
   24.942      -154 
   24.972      -431 
   25.002      -118 
   25.032       159 
   25.062       161 
   25.092        69 
   25.122      -213 
   25.152        40 
   25.182       590 
   25.212       305 
   25.242       205 
   25.272       131 
   25.302       202 
   25.332       179 
   25.362      -246 
   25.392      -421 
   25.422      -370 
   25.452        21 
   25.482        54 
   25.512       -18 
   25.542         5 
   25.572       247 
   25.602       192 
   25.632       249 
   25.662        57 
   25.692       101 
   25.722       202 
   25.752       -47 
   25.782      -248 
   25.812      -354 
   25.842       -67 
   25.872        85 
   25.902       308 
   25.932        56 
   25.962       394 
   25.992       588 
   26.022       501 
   26.052       409 
   26.082       395 
   26.112       480 
   26.142       247 
   26.172       333 
   26.202       535 
   26.232       250 
   26.262       140 
   26.292        82 
   26.322        10 
   26.352       -25 
   26.382       103 
   26.412        22 
   26.442      -107 
   26.472      -236 
   26.502      -113 
   26.532       107 
   26.562       213 
   26.592        43 
   26.622        76 
   26.652       311 
   26.682       226 
   26.712       315 
   26.742        99 
   26.772        71 
   26.802        45 
   26.832       -14 
   26.862      -165 
   26.892      -147 
   26.922      -337 
   26.952       -82 
   26.982       136 
   27.012       233 
   27.042       129 
   27.072       332 
   27.102        74 
   27.132       -31 
   27.162       -82 
   27.192        19 
   27.222       232 
   27.252       155 
   27.282       -20 
   27.312        35 
   27.342      -102 
   27.372      -307 
   27.402      -187 
   27.432       179 
   27.462        85 
   27.492       158 
   27.522        36 
   27.552        96 
   27.582       -48 
   27.612        59 
   27.642       340 
   27.672       102 
   27.702       -46 
   27.732       -23 
   27.762       162 
   27.792       182 
   27.822      -239 
   27.852      -209 
   27.882       162 
   27.912       205 
   27.942       168 
   27.972       141 
   28.002        19 
   28.032        96 
   28.062       408 
   28.092       449 
   28.122       272 
   28.152        55 
   28.182       -44 
   28.212       141 
   28.242       231 
   28.272       219 
   28.302       188 
   28.332        -1 
   28.362      -296 
   28.392      -102 
   28.422       237 
   28.452       449 
   28.482       322 
   28.512        22 
   28.542      -302 
   28.572      -328 
   28.602       -33 
   28.632       460 
   28.662       252 
   28.692       -48 
   28.722      -138 
   28.752      -107 
   28.782       205 
   28.812       314 
   28.842       185 
   28.872      -102 
   28.902        22 
   28.932        66 
   28.962       277 
   28.992       527 
   29.022       343 
   29.052       172 
   29.082       269 
   29.112       156 
   29.142        75 
   29.172       287 
   29.202       246 
   29.232       233 
   29.262       430 
   29.292       447 
   29.322       139 
   29.352        12 
   29.382        83 
   29.412       -13 
   29.442      -131 
   29.472         8 
   29.502       248 
   29.532        -9 
   29.562      -177 
   29.592      -120 
   29.622       174 
   29.652        95 
   29.682       -37 
   29.712       136 
   29.742       209 
   29.772       225 
   29.802       484 
   29.832       675 
   29.862       729 
   29.892       953 
   29.922      1043 
   29.952       930 
   29.982       438 
   30.012       257 
   30.042       225 
   30.072       309 
   30.102       239 
   30.132       161 
   30.162       163 
   30.192       147 
   30.222       252 
   30.252       403 
   30.282       318 
   30.312       226 
   30.342        49 
   30.372        68 
   30.402        83 
   30.432       127 
   30.462       332 
   30.492       320 
   30.522        60 
   30.552       169 
   30.582       384 
   30.612       296 
   30.642       134 
   30.672      -137 
   30.702      -163 
   30.732      -141 
   30.762      -122 
   30.792       118 
   30.822       163 
   30.852        59 
   30.882       327 
   30.912       184 
   30.942      -285 
   30.972      -190 
   31.002       155 
   31.032       244 
   31.062       105 
   31.092         5 
   31.122       -62 
   31.152        99 
   31.182       135 
   31.212       195 
   31.242       213 
   31.272       205 
   31.302        99 
   31.332        71 
   31.362       -93 
   31.392        -8 
   31.422       131 
   31.452        -4 
   31.482       243 
   31.512       379 
   31.542       208 
   31.572        97 
   31.602       376 
   31.632       235 
   31.662       195 
   31.692        21 
   31.722       -26 
   31.752       -82 
   31.782      -106 
   31.812       203 
   31.842       186 
   31.872       194 
   31.902       340 
   31.932       384 
   31.962       189 
   31.992       -57 
   32.021       -13 
   32.052        33 
   32.082         2 
   32.112        31 
   32.142       -35 
   32.172       186 
   32.201        72 
   32.232       -17 
   32.262       -93 
   32.292         5 
   32.322      -183 
   32.352      -104 
   32.382        77 
   32.411       109 
   32.442        68 
   32.472       124 
   32.502       359 
   32.532       311 
   32.562       156 
   32.591      -187 
   32.622       -43 
   32.652       138 
   32.682       147 
   32.712       164 
   32.742       300 
   32.771       407 
   32.802       441 
   32.832       605 
   32.862       735 
   32.892       724 
   32.922       665 
   32.951       568 
   32.982       395 
   33.012       180 
   33.042       449 
   33.072       410 
   33.102       351 
   33.132       396 
   33.161       131 
   33.192       159 
   33.222       211 
   33.252       111 
   33.282         3 
   33.312       -46 
   33.341       -95 
   33.372       190 
   33.402       116 
   33.432      -277 
   33.462       -54 
   33.492       188 
   33.521       154 
   33.552       -25 
   33.582       -93 
   33.612       -30 
   33.642       212 
   33.672       482 
   33.701       220 
   33.732      -109 
   33.762      -125 
   33.792       201 
   33.822       391 
   33.852       422 
   33.882       331 
   33.911       110 
   33.942      -115 
   33.972       -12 
   34.002      -254 
   34.032      -327 
   34.062         9 
   34.091       135 
   34.122        11 
   34.152        93 
   34.182       384 
   34.212       401 
   34.242       423 
   34.271       -54 
   34.302      -121 
   34.332        67 
   34.362        27 
   34.392       128 
   34.422       172 
   34.451       138 
   34.482       188 
   34.512       408 
   34.542       142 
   34.572      -126 
   34.602       -18 
   34.632       -31 
   34.661       -99 
   34.692       164 
   34.722       148 
   34.752      -169 
   34.782      -173 
   34.812       297 
   34.841       204 
   34.872        33 
   34.902       367 
   34.932       510 
   34.962       410 
   34.992       606 
   35.021       777 
   35.052      1006 
   35.082      1606 
   35.112      2576 
   35.142      3553 
   35.172      4049 
   35.201      3980 
   35.232      3431 
   35.262      2729 
   35.292      2063 
   35.322      1482 
   35.352      1219 
   35.382      1074 
   35.411       830 
   35.442       420 
   35.472       403 
   35.502       249 
   35.532        24 
   35.562        26 
   35.591       233 
   35.622       186 
   35.652       104 
   35.682       217 
   35.712       181 
   35.742       -57 
   35.771      -171 
   35.802      -118 
   35.832       -75 
   35.862        92 
   35.892       108 
   35.922        45 
   35.951       -62 
   35.982        32 
   36.012        22 
   36.042       201 
   36.072       302 
   36.102       376 
   36.132        11 
   36.161      -234 
   36.192        53 
   36.222       367 
   36.252       133 
   36.282       143 
   36.312       234 
   36.341       260 
   36.372       300 
   36.402       193 
   36.432       470 
   36.462       691 
   36.492       692 
   36.521       385 
   36.552       285 
   36.582        59 
   36.612        32 
   36.642        36 
   36.672        60 
   36.701        68 
   36.732       198 
   36.762       598 
   36.792       648 
   36.822       460 
   36.852       314 
   36.882       249 
   36.912       322 
   36.942       189 
   36.972       374 
   37.002       333 
   37.032       -32 
   37.062       -62 
   37.091       -30 
   37.122       -60 
   37.152       151 
   37.182       120 
   37.212       131 
   37.242        79 
   37.271        26 
   37.302        14 
   37.332      -206 
   37.362       -83 
   37.392        -5 
   37.422       -86 
   37.451      -221 
   37.482       -49 
   37.512       334 
   37.542       281 
   37.572      -115 
   37.602      -181 
   37.632      -133 
   37.662       151 
   37.692       169 
   37.722        89 
   37.752       119 
   37.782       146 
   37.812        89 
   37.841        17 
   37.872        51 
   37.902       -20 
   37.932      -302 
   37.962      -128 
   37.992       179 
   38.021      -128 
   38.052      -266 
   38.082       -19 
   38.112       395 
   38.142       559 
   38.172       340 
   38.201        37 
   38.232        11 
   38.262       320 
   38.292       131 
   38.322      -171 
   38.352        93 
   38.382       452 
   38.412       265 
   38.442       109 
   38.472       297 
   38.502       162 
   38.532       131 
   38.562       469 
   38.591       278 
   38.622       320 
   38.652       367 
   38.682       483 
   38.712       342 
   38.742       136 
   38.771       -85 
   38.802      -326 
   38.832      -133 
   38.862       411 
   38.892       484 
   38.922       328 
   38.951       -10 
   38.982      -107 
   39.012       255 
   39.042       565 
   39.072       337 
   39.102       -58 
   39.132      -165 
   39.162        80 
   39.192        31 
   39.222        -6 
   39.252       275 
   39.282       462 
   39.312       219 
   39.341       310 
   39.372       541 
   39.402       308 
   39.432       369 
   39.462       126 
   39.492       198 
   39.521       309 
   39.552       142 
   39.582       110 
   39.612       159 
   39.642       154 
   39.672        70 
   39.701       244 
   39.732       187 
   39.762       173 
   39.792       114 
   39.822       -98 
   39.852      -226 
   39.882      -112 
   39.912        28 
   39.942       -29 
   39.972       -16 
   40.002       107 
   40.032       103 
   40.062        67 
   40.091       203 
   40.122       246 
   40.152       451 
   40.182       390 
   40.212       199 
   40.242       184 
   40.271       315 
   40.302       277 
   40.332        77 
   40.362         5 
   40.392       169 
   40.422       539 
   40.451       463 
   40.482       355 
   40.512       340 
   40.542       508 
   40.572       297 
   40.602       258 
   40.632       247 
   40.662       398 
   40.692       582 
   40.722       498 
   40.752       117 
   40.782        16 
   40.812        60 
   40.841       209 
   40.872       156 
   40.902       316 
   40.932       280 
   40.962        90 
   40.992       106 
   41.021       346 
   41.052       189 
   41.082        54 
   41.112       511 
   41.142       297 
   41.172       -74 
   41.201       374 
   41.232       596 
   41.262       495 
   41.292       317 
   41.322       185 
   41.352        -7 
   41.382        49 
   41.412       228 
   41.442       261 
   41.472       168 
   41.502        63 
   41.532      -141 
   41.562      -373 
   41.591      -201 
   41.622       -25 
   41.652        54 
   41.682      -111 
   41.712        -1 
   41.742       156 
   41.771       183 
   41.802       496 
   41.832       505 
   41.862       312 
   41.892       333 
   41.922       400 
   41.951       351 
   41.982       400 
   42.012       379 
   42.042       565 
   42.072       304 
   42.102       -27 
   42.132       136 
   42.162       183 
   42.192       476 
   42.222       522 
   42.252       453 
   42.282        83 
   42.312        32 
   42.341       179 
   42.372       365 
   42.402       431 
   42.432       460 
   42.462       475 
   42.492       400 
   42.521       -12 
   42.552        92 
   42.582       611 
   42.612       538 
   42.642       467 
   42.672       587 
   42.701       960 
   42.732      1329 
   42.762      1343 
   42.792       859 
   42.822       612 
   42.852       795 
   42.882       917 
   42.912       638 
   42.942       407 
   42.972       551 
   43.002       501 
   43.032       219 
   43.062        30 
   43.092       224 
   43.122       401 
   43.152       360 
   43.182       456 
   43.212       426 
   43.242       241 
   43.272       141 
   43.302       228 
   43.332       215 
   43.362        37 
   43.392        96 
   43.422       186 
   43.452       136 
   43.482       249 
   43.512       161 
   43.542       351 
   43.572       437 
   43.602       257 
   43.632       151 
   43.662       113 
   43.692       458 
   43.722       322 
   43.752       310 
   43.782       311 
   43.812       132 
   43.842       284 
   43.872       115 
   43.902        92 
   43.932       320 
   43.962       475 
   43.992       393 
   44.022       117 
   44.052        43 
   44.082       -12 
   44.112         7 
   44.142       308 
   44.172       430 
   44.202       377 
   44.232       470 
   44.262       630 
   44.292       518 
   44.322       508 
   44.352       753 
   44.382       645 
   44.412       302 
   44.442       352 
   44.472       420 
   44.502       223 
   44.532       270 
   44.562       567 
   44.592       435 
   44.622       479 
   44.652       373 
   44.682        76 
   44.712       -87 
   44.742       -11 
   44.772       140 
   44.802        43 
   44.832        91 
   44.862       225 
   44.892       133 
   44.922       -37 
   44.952       187 
   44.982       264 
   45.012       -10 
   45.042       -78 
   45.072       165 
   45.102       332 
   45.132       420 
   45.162       414 
   45.192       489 
   45.222       428 
   45.252       490 
   45.282       424 
   45.312       292 
   45.342       252 
   45.372       371 
   45.402       597 
   45.432       400 
   45.462       250 
   45.492       326 
   45.522       517 
   45.552       276 
   45.582        93 
   45.612       -28 
   45.642        78 
   45.672        57 
   45.702       118 
   45.732      -156 
   45.762      -365 
   45.792       -96 
   45.822       237 
   45.852       248 
   45.882       223 
   45.912       253 
   45.942       402 
   45.972       247 
   46.002        68 
   46.032       259 
   46.062       481 
   46.092       506 
   46.122       223 
   46.152       209 
   46.182        41 
   46.212       123 
   46.242       226 
   46.272       136 
   46.302         6 
   46.332       249 
   46.362       425 
   46.392       536 
   46.422       319 
   46.452        19 
   46.482       -11 
   46.512       -64 
   46.542      -152 
   46.572         1 
   46.602       108 
   46.632       117 
   46.662       322 
   46.692       311 
   46.722       308 
   46.752       218 
   46.782       195 
   46.812       244 
   46.842       461 
   46.872       282 
   46.902       168 
   46.932       103 
   46.962       121 
   46.992      -121 
   47.022        11 
   47.052       328 
   47.082       186 
   47.112       306 
   47.142       253 
   47.172       404 
   47.202       517 
   47.232       108 
   47.262      -292 
   47.292      -242 
   47.322      -125 
   47.352       -96 
   47.382       -52 
   47.412        71 
   47.442        42 
   47.472        51 
   47.502       256 
   47.532       432 
   47.562       149 
   47.592       310 
   47.622       328 
   47.652       238 
   47.682       266 
   47.712        51 
   47.742       -49 
   47.772       270 
   47.802       316 
   47.832       105 
   47.862        25 
   47.892       183 
   47.922       191 
   47.952       359 
   47.982       251 
   48.012       245 
   48.042       250 
   48.072        82 
   48.102       -47 
   48.132       192 
   48.162       213 
   48.192        27 
   48.222       209 
   48.252       310 
   48.282       314 
   48.312       248 
   48.342       155 
   48.372       246 
   48.402       124 
   48.432      -117 
   48.462      -123 
   48.492        73 
   48.522        16 
   48.552        27 
   48.582       248 
   48.612       341 
   48.642       270 
   48.672       314 
   48.702       128 
   48.732       150 
   48.762       109 
   48.792       376 
   48.822       322 
   48.852       301 
   48.882       585 
   48.912       508 
   48.942       309 
   48.972       269 
   49.002       255 
   49.032       293 
   49.062       309 
   49.092       141 
   49.122       244 
   49.152       350 
   49.182       183 
   49.212        37 
   49.242       315 
   49.272       232 
   49.302        63 
   49.332         9 
   49.362       233 
   49.392       202 
   49.422        12 
   49.452       193 
   49.482       446 
   49.512       488 
   49.542       511 
   49.572       294 
   49.602       511 
   49.632       176 
   49.662        96 
   49.692       404 
   49.722       525 
   49.752       438 
   49.782       223 
   49.812        55 
   49.842       110 
   49.872       183 
   49.902       270 
   49.932        47 
   49.962       -82 
   49.992      -122 
   50.022         6 
   50.052      -153 
   50.082      -202 
   50.112       -64 
   50.142         6 
   50.172      -143 
   50.202      -323 
   50.232       -21 
   50.262       192 
   50.292       223 
   50.322       456 
   50.352       296 
   50.382        99 
   50.412       339 
   50.442       350 
   50.472       199 
   50.502        33 
   50.532        85 
   50.562       159 
   50.592        56 
   50.622        75 
   50.652        60 
   50.682      -154 
   50.712       160 
   50.742       220 
   50.772       134 
   50.802       151 
   50.832       311 
   50.862       224 
   50.892      -208 
   50.922      -201 
   50.952        17 
   50.982       198 
   51.012       149 
   51.042       215 
   51.072       271 
   51.102       258 
   51.132       232 
   51.162       269 
   51.192       212 
   51.222         4 
   51.252        38 
   51.282       -43 
   51.312       176 
   51.342       264 
   51.372        39 
   51.402       -96 
   51.432        84 
   51.462       283 
   51.492        97 
   51.522       167 
   51.552       271 
   51.582       150 
   51.612        38 
   51.642       -45 
   51.672        99 
   51.702       204 
   51.732        16 
   51.762       181 
   51.792       294 
   51.822       210 
   51.852       256 
   51.882       397 
   51.912       232 
   51.942        34 
   51.972        35 
   52.002       175 
   52.032       273 
   52.062       278 
   52.092       399 
   52.122       579 
   52.152       384 
   52.182       150 
   52.212        90 
   52.242       134 
   52.272        91 
   52.302        92 
   52.332        69 
   52.362        80 
   52.392       -95 
   52.422       -25 
   52.452       141 
   52.482        89 
   52.512        85 
   52.542       269 
   52.572       315 
   52.602        92 
   52.632      -136 
   52.662       -70 
   52.692        68 
   52.722       351 
   52.752       521 
   52.782       490 
   52.812       565 
   52.842       437 
   52.872       485 
   52.902       475 
   52.932       686 
   52.962       961 
   52.992       574 
   53.022       305 
   53.052       282 
   53.082       373 
   53.112       457 
   53.142       328 
   53.172       127 
   53.202        70 
   53.232        23 
   53.262       252 
   53.292       464 
   53.322       358 
   53.352       608 
   53.382       810 
   53.412       869 
   53.442       473 
   53.472       357 
   53.502       428 
   53.532       423 
   53.562       438 
   53.592       302 
   53.622       209 
   53.652       327 
   53.682       237 
   53.712       320 
   53.742       383 
   53.772       345 
   53.802       376 
   53.832       295 
   53.862       135 
   53.892       392 
   53.922       386 
   53.952       -95 
   53.982      -234 
   54.012        83 
   54.042       119 
   54.072        72 
   54.102       180 
   54.132       149 
   54.162        47 
   54.192      -160 
   54.222      -280 
   54.252      -172 
   54.282       240 
   54.312         6 
   54.342      -219 
   54.372       -16 
   54.402        78 
   54.432       169 
   54.462       162 
   54.492       -51 
   54.522       309 
   54.552       664 
   54.582       431 
   54.612       168 
   54.642       136 
   54.672       205 
   54.702       249 
   54.732       521 
   54.762       474 
   54.792       479 
   54.822       693 
   54.852       794 
   54.882       472 
   54.912       375 
   54.942       262 
   54.972       193 
   55.002       231 
   55.032        29 
   55.062      -170 
   55.092         6 
   55.122       210 
   55.152       418 
   55.182       437 
   55.212       520 
   55.242       125 
   55.272        89 
   55.302       214 
   55.332       440 
   55.362       311 
   55.392       130 
   55.422       164 
   55.452       115 
   55.482        34 
   55.512       -23 
   55.542       216 
   55.572       143 
   55.602      -125 
   55.632       -10 
   55.662       144 
   55.692       220 
   55.722      -112 
   55.752       -38 
   55.782       259 
   55.812       195 
   55.842       280 
   55.872       395 
   55.902       567 
   55.932       483 
   55.962       245 
   55.992       144 
   56.022        47 
   56.052        38 
   56.082       199 
   56.112       129 
   56.142       293 
   56.172       320 
   56.202       168 
   56.232         2 
   56.262       296 
   56.292       535 
   56.322       470 
   56.352       192 
   56.382       411 
   56.412       727 
   56.442       709 
   56.472       598 
   56.502       778 
   56.532       789 
   56.562      1006 
   56.592       808 
   56.622       450 
   56.652       556 
   56.682       682 
   56.712       431 
   56.742        94 
   56.772      -264 
   56.802      -224 
   56.832        83 
   56.862       142 
   56.892       191 
   56.922       278 
   56.952       215 
   56.982       290 
   57.012       237 
   57.042       203 
   57.072       338 
   57.102        14 
   57.132       165 
   57.162       280 
   57.192        83 
   57.222      -226 
   57.252        42 
   57.282       131 
   57.312       121 
   57.342        37 
   57.372        -9 
   57.402         7 
   57.432        59 
   57.462       171 
   57.492       221 
   57.522       296 
   57.552       225 
   57.582         9 
   57.612      -184 
   57.642      -165 
   57.672       135 
   57.702       367 
   57.732       414 
   57.762       468 
   57.792       361 
   57.822       455 
   57.852       386 
   57.882      -151 
   57.912       -74 
   57.942       171 
   57.972       377 
   58.002       259 
   58.032       216 
   58.062       187 
   58.092       266 
   58.122       280 
   58.152       237 
   58.182        55 
   58.212       133 
   58.242       444 
   58.272       554 
   58.302       245 
   58.332       227 
   58.362        76 
   58.392        46 
   58.422       126 
   58.452       187 
   58.482       266 
   58.512       400 
   58.542       393 
   58.572       148 
   58.602        88 
   58.632       120 
   58.662       263 
   58.692       317 
   58.722       269 
   58.752       487 
   58.782       312 
   58.812         3 
   58.842       159 
   58.872       425 
   58.902       133 
   58.932        62 
   58.962       174 
   58.992       110 
   59.022       287 
   59.052       268 
   59.082       282 
   59.112       262 
   59.142       180 
   59.172       127 
   59.202      -147 
   59.232        54 
   59.262       415 
   59.292       766 
   59.322       566 
   59.352       343 
   59.382       172 
   59.412        91 
   59.442        73 
   59.472       112 
   59.502       130 
   59.532       296 
   59.562       335 
   59.592       295 
   59.622       144 
   59.652       167 
   59.682       354 
   59.712       247 
   59.742        93 
   59.772      -170 
   59.802      -202 
   59.832       -28 
   59.862        25 
   59.892      -100 
   59.922      -191 
   59.952      -189 
   59.982         7 
   60.012       134 
   60.042        70 
   60.072       188 
   60.102       239 
   60.132       413 
   60.162       250 
   60.192        29 
   60.222       544 
   60.252       763 
   60.282       542 
   60.312       556 
   60.342       437 
   60.372       259 
   60.402       294 
   60.432       444 
   60.462       336 
   60.492       211 
   60.522       198 
   60.552       353 
   60.582       625 
   60.612       381 
   60.642       -11 
   60.672        -1 
   60.702       109 
   60.732       150 
   60.762        68 
   60.792       158 
   60.822        88 
   60.852       186 
   60.882       232 
   60.912        99 
   60.942       189 
   60.972       456 
   61.002       484 
   61.032       653 
   61.062       644 
   61.092       578 
   61.122       361 
   61.152       440 
   61.182       561 
   61.212       358 
   61.242       147 
   61.272       102 
   61.302       207 
   61.332       168 
   61.362       150 
   61.392       257 
   61.422        38 
   61.452        60 
   61.482       312 
   61.512       594 
   61.542       639 
   61.572       343 
   61.602       214 
   61.632       246 
   61.662       373 
   61.692       322 
   61.722       385 
   61.752       439 
   61.782       409 
   61.812       396 
   61.842       434 
   61.872       538 
   61.902       728 
   61.932       808 
   61.962       923 
   61.992      1046 
   62.022      1339 
   62.052      1677 
   62.082      1504 
   62.112      1201 
   62.142       959 
   62.172       666 
   62.202       387 
   62.232       148 
   62.262       119 
   62.292       245 
   62.322       477 
   62.352       441 
   62.382       337 
   62.412       377 
   62.442       597 
   62.472       466 
   62.502       275 
   62.532       284 
   62.562       293 
   62.592       116 
   62.622       191 
   62.652       171 
   62.682       302 
   62.712       183 
   62.742       143 
   62.772       107 
   62.802        47 
   62.832       175 
   62.862       290 
   62.892       315 
   62.922       382 
   62.952       454 
   62.982       309 
   63.012       106 
   63.042       -11 
   63.072        75 
   63.102       209 
   63.132       278 
   63.162       243 
   63.192       268 
   63.222       359 
   63.252       312 
   63.282       166 
   63.312       334 
   63.342       176 
   63.372       202 
   63.402       296 
   63.432       239 
   63.462       246 
   63.492       432 
   63.522       432 
   63.552       306 
   63.582       -20 
   63.612       -59 
   63.642        53 
   63.672        80 
   63.702       178 
   63.732        54 
   63.762       -78 
   63.792       150 
   63.822        54 
   63.852        20 
   63.882        48 
   63.912       378 
   63.942       327 
   63.972       108 
   64.002       361 
   64.032       188 
   64.062        87 
   64.092       178 
   64.122        43 
   64.152      -178 
   64.182      -151 
   64.212         6 
   64.242       -52 
   64.271        15 
   64.301       -34 
   64.332       -24 
   64.362       102 
   64.392       146 
   64.422       245 
   64.452       -76 
   64.482      -200 
   64.512        21 
   64.542       114 
   64.572       268 
   64.602       558 
   64.632       291 
   64.661       200 
   64.691       118 
   64.722       211 
   64.752       323 
   64.782        98 
   64.812       172 
   64.842       393 
   64.872       253 
   64.902       140 
   64.932       -76 
   64.962       -40 
   64.992        -7 
   65.021       139 
   65.051       261 
   65.082       157 
   65.112       133 
   65.142       323 
   65.172       231 
   65.202       106 
   65.232       183 
   65.262       266 
   65.292       277 
   65.322       212 
   65.352       347 
   65.382       354 
   65.411       442 
   65.441       293 
   65.472       141 
   65.502       167 
   65.532        97 
   65.562      -128 
   65.592       -70 
   65.622       199 
   65.652       246 
   65.682       -56 
   65.712      -153 
   65.742        88 
   65.771        21 
   65.801      -113 
   65.832       146 
   65.862        53 
   65.892      -102 
   65.922       192 
   65.952        64 
   65.982      -104 
   66.012        75 
   66.042       154 
   66.072       178 
   66.102       178 
   66.132        -6 
   66.161        23 
   66.191       -45 
   66.222      -228 
   66.252      -360 
   66.282        19 
   66.312       252 
   66.342       320 
   66.372       356 
   66.402       305 
   66.432       247 
   66.462       188 
   66.492       132 
   66.521        77 
   66.551       -44 
   66.582      -158 
   66.612      -111 
   66.642       374 
   66.672       467 
   66.702       297 
   66.732       315 
   66.762       169 
   66.792        13 
   66.822       268 
   66.852       323 
   66.882       103 
   66.911       -79 
   66.941        79 
   66.972       125 
   67.002      -106 
   67.032       -81 
   67.062       189 
   67.092       271 
   67.122       460 
   67.152       576 
   67.182       337 
   67.212       256 
   67.242       -65 
   67.271        13 
   67.301       221 
   67.332        39 
   67.362        65 
   67.392        44 
   67.422        91 
   67.452       160 
   67.482       302 
   67.512       436 
   67.542       196 
   67.572       -33 
   67.602        20 
   67.632       251 
   67.661       252 
   67.691       -10 
   67.722      -151 
   67.752       191 
   67.782       103 
   67.812       314 
   67.842       386 
   67.872       153 
   67.902       -18 
   67.932       -53 
   67.962       -58 
   67.992      -126 
   68.021       -56 
   68.051       257 
   68.082       232 
   68.112        90 
   68.142        82 
   68.172       135 
   68.202       231 
   68.232       113 
   68.262       -42 
   68.292       -75 
   68.322      -113 
   68.352      -161 
   68.382       133 
   68.411       500 
   68.441       258 
   68.472        42 
   68.502      -103 
   68.532        -9 
   68.562       240 
   68.592       325 
   68.622       128 
   68.652       -72 
   68.682       -43 
   68.712        76 
   68.742       114 
   68.771       113 
   68.801       152 
   68.832       151 
   68.862       243 
   68.892       325 
   68.922       -10 
   68.952       -97 
   68.982        80 
   69.012       254 
   69.042       290 
   69.072       145 
   69.102       335 
   69.132       223 
   69.161       151 
   69.191       106 
   69.222        24 
   69.252        59 
   69.282       -63 
   69.312      -133 
   69.342       148 
   69.372       190 
   69.402        16 
   69.432        17 
   69.462       165 
   69.492       375 
   69.521       422 
   69.551       246 
   69.582       143 
   69.612        64 
   69.642       115 
   69.672       641 
   69.702       493 
   69.732       428 
   69.762       201 
   69.792       109 
   69.822       412 
   69.852       400 
   69.882        38 
   69.911        -5 
   69.941        -4 
   69.972        67 
   70.002       -56 
   70.032      -167 
   70.062      -253 
   70.092       115 
   70.122       164 
   70.152       129 
   70.182       119 
   70.212       124 
   70.242       110 
   70.271      -109 
   70.301       -22 
   70.332        -4 
   70.362      -169 
   70.392       -54 
   70.422        69 
   70.452        56 
   70.482      -126 
   70.512        52 
   70.542        79 
   70.572       162 
   70.602        70 
   70.632        60 
   70.661        74 
   70.691       224 
   70.722       369 
   70.752       442 
   70.782       331 
   70.812       429 
   70.842       332 
   70.872       176 
   70.902       124 
   70.932       140 
   70.962       345 
   70.992       330 
   71.021       182 
   71.051       169 
   71.082        25 
   71.112      -184 
   71.142       -61 
   71.172       183 
   71.202       405 
   71.232       234 
   71.262       -82 
   71.292      -155 
   71.322      -195 
   71.352      -108 
   71.382       307 
   71.411       349 
   71.441       -14 
   71.472        70 
   71.502       262 
   71.532       251 
   71.562        -1 
   71.592      -128 
   71.622         7 
   71.652       223 
   71.682       248 
   71.712        56 
   71.742       188 
   71.771        83 
   71.801        85 
   71.832       185 
   71.862       377 
   71.892       134 
   71.922       -58 
   71.952       290 
   71.982       113 
   72.012       -82 
   72.042        67 
   72.072        -8 
   72.102        21 
   72.132       185 
   72.161       125 
   72.191        80 
   72.222        34 
   72.252        82 
   72.282       210 
   72.312       259 
   72.342      -123 
   72.372      -267 
   72.402      -335 
   72.432      -101 
   72.462       -18 
   72.492       282 
   72.521       444 
   72.551       334 
   72.582       206 
   72.612       -29 
   72.642       105 
   72.672       137 
   72.702      -307 
   72.732      -349 
   72.762        65 
   72.792        72 
   72.822        -4 
   72.852       -56 
   72.882        52 
   72.911       269 
   72.941       266 
   72.972       135 
   73.002        17 
   73.032        56 
   73.062       206 
   73.092       235 
   73.122       208 
   73.152       193 
   73.182       159 
   73.212       -28 
   73.242      -223 
   73.271       149 
   73.301       212 
   73.332       116 
   73.362       135 
   73.392        91 
   73.422        28 
   73.452        55 
   73.482       184 
   73.512       159 
   73.542       131 
   73.572       515 
   73.602       431 
   73.632        -8 
   73.661        16 
   73.691        60 
   73.722        89 
   73.752       397 
   73.782       220 
   73.812       243 
   73.842       169 
   73.872       286 
   73.902        32 
   73.932       154 
   73.962       124 
   73.992       -39 
   74.021      -143 
   74.051      -137 
   74.082      -199 
   74.112      -126 
   74.142        80 
   74.172       167 
   74.202       -31 
   74.232        65 
   74.262       359 
   74.292       380 
   74.322       425 
   74.352       362 
   74.382       322 
   74.411       436 
   74.441       373 
   74.472         1 
   74.502       -37 
   74.532       -37 
   74.562       105 
   74.592       274 
   74.622       220 
   74.652       269 
   74.682       226 
   74.712      -107 
   74.742      -109 
   74.771        65 
   74.801       193 
   74.832       280 
   74.862       183 
   74.892       149 
   74.922       161 
   74.952       124 
   74.982        26 
   75.012        32 
   75.042       254 
   75.072       453 
   75.102       185 
   75.132      -106 
   75.162       -14 
   75.192       219 
   75.222       349 
   75.252       183 
   75.282        65 
   75.312       -29 
   75.342      -123 
   75.372        19 
   75.402      -109 
   75.432      -116 
   75.462        14 
   75.492       -21 
   75.521        42 
   75.552       242 
   75.582       199 
   75.612       145 
   75.642        27 
   75.672       -78 
   75.701      -100 
   75.732      -138 
   75.762      -149 
   75.792        -9 
   75.822       180 
   75.852       364 
   75.882       305 
   75.912       282 
   75.942       464 
   75.972        48 
   76.002      -109 
   76.032        77 
   76.062        66 
   76.092       -55 
   76.122      -308 
   76.152        10 
   76.182       317 
   76.212       313 
   76.242        71 
   76.271       159 
   76.302        83 
   76.332       114 
   76.362        65 
   76.392       -82 
   76.422       181 
   76.451       344 
   76.482       345 
   76.512       338 
   76.542       173 
   76.572         7 
   76.602       -79 
   76.632       146 
   76.662        60 
   76.692       103 
   76.722       147 
   76.752       489 
   76.782       426 
   76.812       285 
   76.842       123 
   76.872       175 
   76.902       226 
   76.932       210 
   76.962       337 
   76.992       101 
   77.022       -15 
   77.052       348 
   77.082       556 
   77.112        16 
   77.142      -473 
   77.172      -415 
   77.201       -31 
   77.232        90 
   77.262       115 
   77.292       203 
   77.322        53 
   77.352        54 
   77.382       -36 
   77.412      -190 
   77.442       -70 
   77.472        27 
   77.502       116 
   77.532       295 
   77.562       121 
   77.592       214 
   77.622       513 
   77.652       425 
   77.682       448 
   77.712       334 
   77.742       241 
   77.772       273 
   77.802       472 
   77.832       577 
   77.862       368 
   77.892       198 
   77.922       356 
   77.951       273 
   77.982       172 
   78.012       199 
   78.042       277 
   78.072       343 
   78.102       135 
   78.132       215 
   78.162       438 
   78.192       648 
   78.222       640 
   78.252       516 
   78.282       484 
   78.312       495 
   78.342       266 
   78.372       228 
   78.402       239 
   78.432       343 
   78.462        54 
   78.492        72 
   78.522       339 
   78.552       452 
   78.582       190 
   78.612       144 
   78.642       138 
   78.672       -19 
   78.701      -108 
   78.732        32 
   78.762       154 
   78.792       476 
   78.822       519 
   78.852       291 
   78.882       -74 
   78.912      -235 
   78.942      -130 
   78.972       109 
   79.002        74 
   79.032       -77 
   79.062       154 
   79.092         4 
   79.122      -164 
   79.152        26 
   79.182       -74 
   79.212         6 
   79.242        29 
   79.272       -86 
   79.302      -116 
   79.332        78 
   79.362       300 
   79.392       210 
   79.422       200 
   79.451       109 
   79.482      -161 
   79.512       -97 
   79.542       158 
   79.572        26 
   79.602      -246 
   79.632      -434 
   79.662      -308 
   79.692        88 
   79.722       165 
   79.752        71 
   79.782        72 
   79.812       -25 
   79.842      -214 
   79.872      -319 
   79.902      -233 
   79.932         2 
   79.962       150 
   79.992        33 
