   11.000        0
   11.020        0
   11.040        0
   11.060        0
   11.080        0
   11.100        0
   11.120        0
   11.140        0
   11.160        0
   11.180        0
   11.200        0
   11.220        0
   11.240        0
   11.260        0
   11.280        0
   11.300        0
   11.320        0
   11.340        0
   11.360        0
   11.380        0
   11.400        0
   11.420        0
   11.440        0
   11.460        0
   11.480        0
   11.500        0
   11.520        0
   11.540        0
   11.560        0
   11.580        0
   11.600        0
   11.620        0
   11.640        0
   11.660        0
   11.680        0
   11.700        0
   11.720        0
   11.740        0
   11.760        0
   11.780        0
   11.800        0
   11.820        0
   11.840        0
   11.860        0
   11.880        0
   11.900        0
   11.920        0
   11.940        0
   11.960        0
   11.980        0
   12.000        0
   12.020        0
   12.040        0
   12.060        0
   12.080        0
   12.100        0
   12.120        0
   12.140        0
   12.160        0
   12.180        0
   12.200        0
   12.220        0
   12.240        0
   12.260        0
   12.280        0
   12.300        0
   12.320        0
   12.340        0
   12.360        0
   12.380        0
   12.400        0
   12.420        0
   12.440        0
   12.460        0
   12.480        0
   12.500        0
   12.520        0
   12.540        0
   12.560        0
   12.580        0
   12.600        0
   12.620        0
   12.640        0
   12.660        0
   12.680        0
   12.700        0
   12.720        0
   12.740        0
   12.760        0
   12.780        0
   12.800        0
   12.820        0
   12.840        0
   12.860        0
   12.880        0
   12.900        0
   12.920        0
   12.940        0
   12.960        0
   12.980        0
   13.000        0
   13.020        0
   13.040        0
   13.060        0
   13.080        0
   13.100        0
   13.120        0
   13.140        0
   13.160        0
   13.180        0
   13.200        0
   13.220        0
   13.240        0
   13.260        0
   13.280        0
   13.300        0
   13.320        0
   13.340        0
   13.360        0
   13.380        0
   13.400        0
   13.420        0
   13.440        0
   13.460        0
   13.480        0
   13.500        0
   13.520        0
   13.540        0
   13.560        0
   13.580        0
   13.600        0
   13.620        0
   13.640        0
   13.660        0
   13.680        0
   13.700        0
   13.720        0
   13.740        0
   13.760        0
   13.780        0
   13.800        0
   13.820        0
   13.840        0
   13.860        0
   13.880        0
   13.900        0
   13.920        0
   13.940        0
   13.960        0
   13.980        0
   14.000        0
   14.020        0
   14.040        0
   14.060        0
   14.080        0
   14.100        0
   14.120        0
   14.140        0
   14.160        0
   14.180        0
   14.200        0
   14.220        0
   14.240        0
   14.260        0
   14.280        0
   14.300        0
   14.320        0
   14.340        0
   14.360        0
   14.380        0
   14.400        0
   14.420        0
   14.440        0
   14.460        0
   14.480        0
   14.500        0
   14.520        0
   14.540        0
   14.560        0
   14.580        0
   14.600        0
   14.620        0
   14.640        0
   14.660        0
   14.680        0
   14.700        0
   14.720        0
   14.740        0
   14.760        0
   14.780        0
   14.800        0
   14.820        0
   14.840        0
   14.860        0
   14.880        0
   14.900        0
   14.920        0
   14.940        0
   14.960        0
   14.980        0
   15.000        0
   15.020        0
   15.040        0
   15.060        0
   15.080        0
   15.100        0
   15.120        0
   15.140        0
   15.160        0
   15.180        0
   15.200        0
   15.220        0
   15.240        0
   15.260        0
   15.280        0
   15.300        0
   15.320        0
   15.340        0
   15.360        0
   15.380        0
   15.400        0
   15.420        0
   15.440        0
   15.460        0
   15.480        0
   15.500        0
   15.520        0
   15.540        0
   15.560        0
   15.580        0
   15.600        0
   15.620        0
   15.640        0
   15.660        0
   15.680        0
   15.700        0
   15.720        0
   15.740        0
   15.760        0
   15.780        0
   15.800        0
   15.820        0
   15.840        0
   15.860        0
   15.880        0
   15.900        0
   15.920        0
   15.940        0
   15.960        0
   15.980        0
   16.000        0
   16.020        0
   16.040        0
   16.060        0
   16.080        0
   16.100        0
   16.120        0
   16.140        0
   16.160        0
   16.180        0
   16.200        0
   16.220        0
   16.240        0
   16.260        0
   16.280        0
   16.300        0
   16.320        0
   16.340        0
   16.360        0
   16.380        0
   16.400        0
   16.420        0
   16.440        0
   16.460        0
   16.480        0
   16.500        0
   16.520        0
   16.540        0
   16.560        0
   16.580        0
   16.600        0
   16.620        0
   16.640        0
   16.660        0
   16.680        0
   16.700        0
   16.720        0
   16.740        0
   16.760        0
   16.780        0
   16.800        0
   16.820        0
   16.840        0
   16.860        0
   16.880        0
   16.900        0
   16.920        0
   16.940        0
   16.960        0
   16.980        0
   17.000        0
   17.020        0
   17.040        0
   17.060        0
   17.080        0
   17.100        0
   17.120        0
   17.140        0
   17.160        0
   17.180        0
   17.200        0
   17.220        0
   17.240        0
   17.260        0
   17.280        0
   17.300        0
   17.320        0
   17.340        0
   17.360        0
   17.380        0
   17.400        0
   17.420        0
   17.440        0
   17.460        0
   17.480        0
   17.500        0
   17.520        0
   17.540        0
   17.560        0
   17.580        0
   17.600        0
   17.620        0
   17.640        0
   17.660        0
   17.680        0
   17.700        0
   17.720        0
   17.740        0
   17.760        0
   17.780        0
   17.800        0
   17.820        0
   17.840        0
   17.860        0
   17.880        0
   17.900        0
   17.920        0
   17.940        0
   17.960        0
   17.980        0
   18.000        0
   18.020        0
   18.040        0
   18.060        0
   18.080        0
   18.100        0
   18.120        0
   18.140        0
   18.160        0
   18.180       -1
   18.200       -1
   18.220       -2
   18.240       -3
   18.260       -4
   18.280       -6
   18.300       -6
   18.320       -5
   18.340       -3
   18.360       -2
   18.380       -1
   18.400       -1
   18.420        0
   18.440        0
   18.460        0
   18.480        0
   18.500        0
   18.520        0
   18.540        0
   18.560        0
   18.580        0
   18.600        0
   18.620        0
   18.640        0
   18.660        0
   18.680        0
   18.700        0
   18.720        0
   18.740        0
   18.760        0
   18.780        0
   18.800        0
   18.820        0
   18.840        0
   18.860        0
   18.880        0
   18.900        0
   18.920        0
   18.940        0
   18.960        0
   18.980        0
   19.000        0
   19.020        0
   19.040        0
   19.060        0
   19.080        0
   19.100        0
   19.120        0
   19.140        0
   19.160        0
   19.180        0
   19.200        0
   19.220        0
   19.240        0
   19.260        0
   19.280        0
   19.300        0
   19.320        0
   19.340        0
   19.360        0
   19.380        0
   19.400        0
   19.420        0
   19.440        0
   19.460        0
   19.480        0
   19.500        0
   19.520        0
   19.540        0
   19.560        0
   19.580        0
   19.600        0
   19.620        0
   19.640        0
   19.660        0
   19.680        0
   19.700        0
   19.720        0
   19.740        0
   19.760        0
   19.780        0
   19.800        0
   19.820        0
   19.840        0
   19.860        0
   19.880        0
   19.900        0
   19.920        0
   19.940        0
   19.960        0
   19.980        0
   20.000        0
   20.020        0
   20.040        0
   20.060        0
   20.080        0
   20.100        0
   20.120        0
   20.140        0
   20.160        0
   20.180        0
   20.200        0
   20.220        0
   20.240        0
   20.260        0
   20.280        0
   20.300        0
   20.320        0
   20.340        0
   20.360        0
   20.380        0
   20.400        0
   20.420        0
   20.440        0
   20.460        0
   20.480        0
   20.500        0
   20.520        0
   20.540        0
   20.560        0
   20.580        0
   20.600        0
   20.620        0
   20.640        0
   20.660        0
   20.680        0
   20.700        0
   20.720        0
   20.740        0
   20.760        0
   20.780        0
   20.800        0
   20.820        0
   20.840        0
   20.860        0
   20.880        0
   20.900        0
   20.920        0
   20.940        0
   20.960        0
   20.980        0
   21.000        0
   21.020        0
   21.040        0
   21.060        0
   21.080        0
   21.100        0
   21.120        0
   21.140        0
   21.160        0
   21.180        0
   21.200        0
   21.220        0
   21.240        0
   21.260        0
   21.280        0
   21.300        0
   21.320        0
   21.340        0
   21.360        0
   21.380        0
   21.400        0
   21.420        0
   21.440        0
   21.460        0
   21.480        0
   21.500        0
   21.520        0
   21.540        0
   21.560        0
   21.580        0
   21.600        0
   21.620        0
   21.640        0
   21.660        0
   21.680        0
   21.700        0
   21.720        0
   21.740        0
   21.760        0
   21.780        0
   21.800        0
   21.820        0
   21.840        0
   21.860        0
   21.880        0
   21.900        0
   21.920        0
   21.940        0
   21.960        0
   21.980        0
   22.000        0
   22.020        0
   22.040        0
   22.060        0
   22.080        0
   22.100        0
   22.120        0
   22.140        0
   22.160        0
   22.180        0
   22.200        0
   22.220        0
   22.240        0
   22.260        0
   22.280        0
   22.300        0
   22.320        0
   22.340        0
   22.360        0
   22.380        0
   22.400        0
   22.420        0
   22.440        0
   22.460        0
   22.480        0
   22.500        0
   22.520        0
   22.540        0
   22.560        0
   22.580        0
   22.600        0
   22.620        0
   22.640        0
   22.660        0
   22.680        0
   22.700        0
   22.720        0
   22.740        0
   22.760        0
   22.780        0
   22.800        0
   22.820        0
   22.840        0
   22.860        0
   22.880        0
   22.900        0
   22.920        0
   22.940        0
   22.960        0
   22.980        0
   23.000        0
   23.020        0
   23.040        0
   23.060        0
   23.080        0
   23.100        0
   23.120        0
   23.140        0
   23.160        0
   23.180        0
   23.200        0
   23.220        0
   23.240        0
   23.260        0
   23.280        0
   23.300        0
   23.320        0
   23.340        0
   23.360        0
   23.380        0
   23.400        0
   23.420        0
   23.440        0
   23.460        0
   23.480        0
   23.500        0
   23.520        0
   23.540        0
   23.560        0
   23.580        0
   23.600        0
   23.620        0
   23.640        0
   23.660        0
   23.680        0
   23.700        0
   23.720        0
   23.740        0
   23.760        0
   23.780        0
   23.800        0
   23.820        0
   23.840        0
   23.860        0
   23.880        0
   23.900        0
   23.920        0
   23.940        0
   23.960        0
   23.980        0
   24.000        0
   24.020        0
   24.040        0
   24.060        0
   24.080        0
   24.100        0
   24.120        0
   24.140        0
   24.160        0
   24.180        0
   24.200        0
   24.220        0
   24.240        0
   24.260        0
   24.280        0
   24.300        0
   24.320        0
   24.340        0
   24.360        0
   24.380        0
   24.400        0
   24.420        0
   24.440        0
   24.460        0
   24.480        0
   24.500        0
   24.520        0
   24.540        0
   24.560        0
   24.580        0
   24.600        0
   24.620        0
   24.640        0
   24.660        0
   24.680        0
   24.700        0
   24.720        0
   24.740        0
   24.760        0
   24.780        0
   24.800        0
   24.820        0
   24.840        0
   24.860        0
   24.880        0
   24.900        0
   24.920        0
   24.940        0
   24.960        0
   24.980        0
   25.000        0
   25.020        0
   25.040        0
   25.060        0
   25.080        0
   25.100        0
   25.120        0
   25.140        0
   25.160        0
   25.180        0
   25.200        0
   25.220        0
   25.240        0
   25.260        0
   25.280        0
   25.300        0
   25.320        0
   25.340        0
   25.360        0
   25.380        0
   25.400        0
   25.420        0
   25.440        0
   25.460        0
   25.480        0
   25.500        0
   25.520        0
   25.540        0
   25.560        0
   25.580        0
   25.600        0
   25.620        0
   25.640        0
   25.660        0
   25.680        0
   25.700        0
   25.720        0
   25.740        0
   25.760        0
   25.780        0
   25.800        0
   25.820        0
   25.840        0
   25.860        0
   25.880        0
   25.900        0
   25.920        0
   25.940        0
   25.960        0
   25.980        0
   26.000        0
   26.020        0
   26.040        0
   26.060        0
   26.080        0
   26.100        0
   26.120        0
   26.140        0
   26.160        0
   26.180        0
   26.200        0
   26.220        0
   26.240        0
   26.260        0
   26.280        0
   26.300        0
   26.320        0
   26.340        0
   26.360        0
   26.380        0
   26.400        0
   26.420        0
   26.440        0
   26.460        0
   26.480        0
   26.500        0
   26.520        0
   26.540        0
   26.560        0
   26.580        0
   26.600        0
   26.620        0
   26.640        0
   26.660        0
   26.680        0
   26.700        0
   26.720        0
   26.740        0
   26.760        0
   26.780        0
   26.800        0
   26.820        0
   26.840        0
   26.860        0
   26.880        0
   26.900        0
   26.920        0
   26.940        0
   26.960        0
   26.980        0
   27.000        0
   27.020        0
   27.040        0
   27.060        0
   27.080        0
   27.100        0
   27.120        0
   27.140        0
   27.160        0
   27.180        0
   27.200        0
   27.220        0
   27.240        0
   27.260        0
   27.280        0
   27.300        0
   27.320        0
   27.340        0
   27.360        0
   27.380        0
   27.400        0
   27.420        0
   27.440        0
   27.460        0
   27.480        0
   27.500        0
   27.520        0
   27.540        0
   27.560        0
   27.580        0
   27.600        0
   27.620        0
   27.640        0
   27.660        0
   27.680        0
   27.700        0
   27.720        0
   27.740        0
   27.760        0
   27.780        0
   27.800        0
   27.820        0
   27.840        0
   27.860        0
   27.880        0
   27.900        0
   27.920        0
   27.940        0
   27.960        0
   27.980        0
   28.000        0
   28.020        0
   28.040        0
   28.060        0
   28.080        0
   28.100        0
   28.120        0
   28.140        0
   28.160        0
   28.180        0
   28.200        0
   28.220        0
   28.240        0
   28.260        0
   28.280        0
   28.300        0
   28.320        0
   28.340        0
   28.360        0
   28.380        0
   28.400        0
   28.420        0
   28.440        0
   28.460        0
   28.480        0
   28.500        0
   28.520        0
   28.540        0
   28.560        0
   28.580        0
   28.600        0
   28.620        0
   28.640        0
   28.660        0
   28.680        0
   28.700        0
   28.720        0
   28.740        0
   28.760        0
   28.780        0
   28.800        0
   28.820        0
   28.840        0
   28.860        0
   28.880        0
   28.900        0
   28.920        0
   28.940        0
   28.960        0
   28.980        0
   29.000        0
   29.020        0
   29.040        0
   29.060        0
   29.080        0
   29.100        0
   29.120        0
   29.140        0
   29.160        0
   29.180        0
   29.200        0
   29.220        0
   29.240        0
   29.260        0
   29.280        0
   29.300        0
   29.320        0
   29.340        0
   29.360        0
   29.380        0
   29.400        0
   29.420        0
   29.440        0
   29.460        0
   29.480        0
   29.500        0
   29.520        0
   29.540        0
   29.560        0
   29.580        0
   29.600        0
   29.620        0
   29.640        0
   29.660        0
   29.680        0
   29.700        0
   29.720        0
   29.740        0
   29.760        0
   29.780        0
   29.800        0
   29.820        0
   29.840        0
   29.860        0
   29.880        0
   29.900       -1
   29.920       -1
   29.940       -1
   29.960       -2
   29.980       -3
   30.000       -5
   30.020       -9
   30.040      -14
   30.060      -22
   30.080      -27
   30.100      -26
   30.120      -20
   30.140      -13
   30.160       -8
   30.180       -5
   30.200       -3
   30.220       -2
   30.240       -1
   30.260       -1
   30.280       -1
   30.300        0
   30.320        0
   30.340        0
   30.360        0
   30.380        0
   30.400        0
   30.420        0
   30.440        0
   30.460        0
   30.480        0
   30.500        0
   30.520        0
   30.540        0
   30.560        0
   30.580        0
   30.600        0
   30.620        0
   30.640        0
   30.660        0
   30.680        0
   30.700        0
   30.720        0
   30.740        0
   30.760        0
   30.780        0
   30.800        0
   30.820        0
   30.840        0
   30.860        0
   30.880        0
   30.900        0
   30.920        0
   30.940        0
   30.960        0
   30.980        0
   31.000        0
   31.020        0
   31.040        0
   31.060        0
   31.080        0
   31.100        0
   31.120        0
   31.140        0
   31.160        0
   31.180        0
   31.200        0
   31.220        0
   31.240        0
   31.260        0
   31.280        0
   31.300        0
   31.320        0
   31.340        0
   31.360        0
   31.380        0
   31.400        0
   31.420        0
   31.440        0
   31.460        0
   31.480        0
   31.500        0
   31.520        0
   31.540        0
   31.560        0
   31.580        0
   31.600        0
   31.620        0
   31.640        0
   31.660        0
   31.680        0
   31.700        0
   31.720        0
   31.740        0
   31.760        0
   31.780        0
   31.800        0
   31.820        0
   31.840        0
   31.860        0
   31.880        0
   31.900        0
   31.920        0
   31.940        0
   31.960        0
   31.980        0
   32.000        0
   32.020        0
   32.040        0
   32.060        0
   32.080        0
   32.100        0
   32.120        0
   32.140        0
   32.160        0
   32.180        0
   32.200        0
   32.220        0
   32.240        0
   32.260        0
   32.280        0
   32.300        0
   32.320        0
   32.340        0
   32.360        0
   32.380        0
   32.400        0
   32.420        0
   32.440        0
   32.460        0
   32.480        0
   32.500        0
   32.520        0
   32.540        0
   32.560        0
   32.580        0
   32.600        0
   32.620        0
   32.640        0
   32.660        0
   32.680        0
   32.700        0
   32.720        0
   32.740        0
   32.760        0
   32.780        0
   32.800        0
   32.820        0
   32.840        0
   32.860        0
   32.880        0
   32.900        0
   32.920        0
   32.940        0
   32.960        0
   32.980        0
   33.000        0
   33.020        0
   33.040        0
   33.060        0
   33.080        0
   33.100        0
   33.120        0
   33.140        0
   33.160        0
   33.180        0
   33.200        0
   33.220        0
   33.240        0
   33.260        0
   33.280        0
   33.300        0
   33.320        0
   33.340        0
   33.360        0
   33.380        0
   33.400        0
   33.420        0
   33.440        0
   33.460        0
   33.480        0
   33.500        0
   33.520        0
   33.540        0
   33.560        0
   33.580        0
   33.600        0
   33.620        0
   33.640        0
   33.660        0
   33.680        0
   33.700        0
   33.720        0
   33.740        0
   33.760        0
   33.780        0
   33.800        0
   33.820        0
   33.840        0
   33.860        0
   33.880        0
   33.900        0
   33.920        0
   33.940        0
   33.960        0
   33.980        0
   34.000        0
   34.020        0
   34.040        0
   34.060        0
   34.080        0
   34.100        0
   34.120        0
   34.140        0
   34.160        0
   34.180        0
   34.200        0
   34.220        0
   34.240        0
   34.260        0
   34.280        0
   34.300        0
   34.320        0
   34.340        0
   34.360        0
   34.380        0
   34.400        0
   34.420        0
   34.440        0
   34.460        0
   34.480        0
   34.500        0
   34.520        0
   34.540        0
   34.560        0
   34.580        0
   34.600        0
   34.620        0
   34.640        0
   34.660        0
   34.680        0
   34.700        0
   34.720        0
   34.740        0
   34.760        0
   34.780        0
   34.800        0
   34.820        0
   34.840        0
   34.860        0
   34.880        0
   34.900        0
   34.920        0
   34.940        0
   34.960        0
   34.980        0
   35.000        0
   35.020        0
   35.040        0
   35.060        0
   35.080        0
   35.100        0
   35.120        0
   35.140        0
   35.160       -1
   35.180       -1
   35.200       -1
   35.220       -1
   35.240       -2
   35.260       -3
   35.280       -4
   35.300       -6
   35.320       -9
   35.340      -14
   35.360      -24
   35.380      -40
   35.400      -63
   35.420      -89
   35.440     -100
   35.460      -87
   35.480      -62
   35.500      -39
   35.520      -23
   35.540      -14
   35.560       -9
   35.580       -5
   35.600       -4
   35.620       -2
   35.640       -2
   35.660       -1
   35.680       -1
   35.700       -1
   35.720       -1
   35.740        0
   35.760        0
   35.780        0
   35.800        0
   35.820        0
   35.840        0
   35.860        0
   35.880        0
   35.900        0
   35.920        0
   35.940        0
   35.960        0
   35.980        0
   36.000        0
   36.020        0
   36.040        0
   36.060        0
   36.080        0
   36.100        0
   36.120        0
   36.140        0
   36.160        0
   36.180        0
   36.200        0
   36.220        0
   36.240        0
   36.260        0
   36.280        0
   36.300        0
   36.320        0
   36.340        0
   36.360        0
   36.380        0
   36.400        0
   36.420        0
   36.440        0
   36.460        0
   36.480        0
   36.500        0
   36.520        0
   36.540        0
   36.560        0
   36.580        0
   36.600        0
   36.620        0
   36.640        0
   36.660        0
   36.680        0
   36.700        0
   36.720        0
   36.740        0
   36.760        0
   36.780        0
   36.800        0
   36.820        0
   36.840        0
   36.860        0
   36.880        0
   36.900        0
   36.920        0
   36.940        0
   36.960       -1
   36.980       -1
   37.000       -2
   37.020       -3
   37.040       -4
   37.060       -6
   37.080       -6
   37.100       -4
   37.120       -3
   37.140       -2
   37.160       -1
   37.180       -1
   37.200        0
   37.220        0
   37.240        0
   37.260        0
   37.280        0
   37.300        0
   37.320        0
   37.340        0
   37.360        0
   37.380        0
   37.400        0
   37.420        0
   37.440        0
   37.460        0
   37.480        0
   37.500        0
   37.520        0
   37.540        0
   37.560        0
   37.580        0
   37.600        0
   37.620        0
   37.640        0
   37.660        0
   37.680        0
   37.700        0
   37.720        0
   37.740        0
   37.760        0
   37.780        0
   37.800        0
   37.820        0
   37.840        0
   37.860        0
   37.880        0
   37.900        0
   37.920        0
   37.940        0
   37.960        0
   37.980        0
   38.000        0
   38.020        0
   38.040        0
   38.060        0
   38.080        0
   38.100        0
   38.120        0
   38.140        0
   38.160        0
   38.180        0
   38.200        0
   38.220        0
   38.240        0
   38.260        0
   38.280        0
   38.300        0
   38.320        0
   38.340        0
   38.360        0
   38.380        0
   38.400        0
   38.420        0
   38.440        0
   38.460        0
   38.480        0
   38.500        0
   38.520        0
   38.540        0
   38.560        0
   38.580        0
   38.600        0
   38.620        0
   38.640        0
   38.660        0
   38.680        0
   38.700        0
   38.720        0
   38.740        0
   38.760        0
   38.780        0
   38.800        0
   38.820        0
   38.840        0
   38.860        0
   38.880        0
   38.900        0
   38.920        0
   38.940        0
   38.960        0
   38.980        0
   39.000        0
   39.020        0
   39.040        0
   39.060        0
   39.080        0
   39.100        0
   39.120        0
   39.140        0
   39.160        0
   39.180        0
   39.200        0
   39.220        0
   39.240        0
   39.260        0
   39.280        0
   39.300        0
   39.320        0
   39.340        0
   39.360        0
   39.380        0
   39.400        0
   39.420        0
   39.440        0
   39.460        0
   39.480        0
   39.500        0
   39.520        0
   39.540        0
   39.560        0
   39.580        0
   39.600        0
   39.620        0
   39.640        0
   39.660        0
   39.680        0
   39.700        0
   39.720        0
   39.740        0
   39.760        0
   39.780        0
   39.800        0
   39.820        0
   39.840        0
   39.860        0
   39.880        0
   39.900        0
   39.920        0
   39.940        0
   39.960        0
   39.980        0
   40.000        0
   40.020        0
   40.040        0
   40.060        0
   40.080        0
   40.100        0
   40.120        0
   40.140        0
   40.160        0
   40.180        0
   40.200        0
   40.220        0
   40.240        0
   40.260        0
   40.280        0
   40.300        0
   40.320        0
   40.340        0
   40.360        0
   40.380        0
   40.400        0
   40.420        0
   40.440        0
   40.460        0
   40.480        0
   40.500        0
   40.520        0
   40.540        0
   40.560        0
   40.580        0
   40.600        0
   40.620        0
   40.640        0
   40.660        0
   40.680        0
   40.700        0
   40.720        0
   40.740        0
   40.760        0
   40.780        0
   40.800        0
   40.820        0
   40.840        0
   40.860        0
   40.880        0
   40.900        0
   40.920        0
   40.940        0
   40.960        0
   40.980        0
   41.000        0
   41.020        0
   41.040        0
   41.060        0
   41.080        0
   41.100        0
   41.120        0
   41.140        0
   41.160        0
   41.180        0
   41.200        0
   41.220        0
   41.240        0
   41.260        0
   41.280        0
   41.300        0
   41.320        0
   41.340        0
   41.360        0
   41.380        0
   41.400        0
   41.420        0
   41.440        0
   41.460        0
   41.480        0
   41.500        0
   41.520        0
   41.540        0
   41.560        0
   41.580        0
   41.600        0
   41.620        0
   41.640        0
   41.660        0
   41.680        0
   41.700        0
   41.720        0
   41.740        0
   41.760        0
   41.780        0
   41.800        0
   41.820        0
   41.840        0
   41.860        0
   41.880        0
   41.900        0
   41.920        0
   41.940        0
   41.960        0
   41.980        0
   42.000        0
   42.020        0
   42.040        0
   42.060        0
   42.080        0
   42.100        0
   42.120        0
   42.140        0
   42.160        0
   42.180        0
   42.200        0
   42.220        0
   42.240        0
   42.260        0
   42.280        0
   42.300        0
   42.320        0
   42.340        0
   42.360        0
   42.380        0
   42.400        0
   42.420        0
   42.440        0
   42.460        0
   42.480        0
   42.500        0
   42.520        0
   42.540        0
   42.560        0
   42.580        0
   42.600        0
   42.620        0
   42.640        0
   42.660        0
   42.680        0
   42.700        0
   42.720        0
   42.740        0
   42.760        0
   42.780        0
   42.800        0
   42.820        0
   42.840        0
   42.860        0
   42.880        0
   42.900       -1
   42.920       -1
   42.940       -2
   42.960       -3
   42.980       -4
   43.000       -7
   43.020      -11
   43.040      -17
   43.060      -22
   43.080      -22
   43.100      -17
   43.120      -11
   43.140       -7
   43.160       -4
   43.180       -3
   43.200       -2
   43.220       -1
   43.240       -1
   43.260        0
   43.280        0
   43.300        0
   43.320        0
   43.340        0
   43.360        0
   43.380        0
   43.400        0
   43.420        0
   43.440        0
   43.460        0
   43.480        0
   43.500        0
   43.520        0
   43.540        0
   43.560        0
   43.580        0
   43.600        0
   43.620        0
   43.640        0
   43.660        0
   43.680        0
   43.700        0
   43.720        0
   43.740        0
   43.760        0
   43.780        0
   43.800        0
   43.820        0
   43.840        0
   43.860        0
   43.880        0
   43.900        0
   43.920        0
   43.940        0
   43.960        0
   43.980        0
   44.000        0
   44.020        0
   44.040        0
   44.060        0
   44.080        0
   44.100        0
   44.120        0
   44.140        0
   44.160        0
   44.180        0
   44.200        0
   44.220        0
   44.240        0
   44.260        0
   44.280        0
   44.300        0
   44.320        0
   44.340        0
   44.360        0
   44.380        0
   44.400        0
   44.420        0
   44.440        0
   44.460        0
   44.480        0
   44.500        0
   44.520        0
   44.540        0
   44.560        0
   44.580        0
   44.600        0
   44.620        0
   44.640        0
   44.660        0
   44.680        0
   44.700        0
   44.720        0
   44.740        0
   44.760        0
   44.780        0
   44.800        0
   44.820        0
   44.840        0
   44.860        0
   44.880        0
   44.900        0
   44.920        0
   44.940        0
   44.960        0
   44.980        0
   45.000        0
   45.020        0
   45.040        0
   45.060        0
   45.080        0
   45.100        0
   45.120        0
   45.140        0
   45.160        0
   45.180        0
   45.200        0
   45.220        0
   45.240        0
   45.260        0
   45.280        0
   45.300        0
   45.320        0
   45.340        0
   45.360        0
   45.380        0
   45.400        0
   45.420        0
   45.440        0
   45.460        0
   45.480        0
   45.500        0
   45.520        0
   45.540        0
   45.560        0
   45.580        0
   45.600        0
   45.620        0
   45.640        0
   45.660        0
   45.680        0
   45.700        0
   45.720        0
   45.740        0
   45.760        0
   45.780        0
   45.800        0
   45.820        0
   45.840        0
   45.860        0
   45.880        0
   45.900        0
   45.920        0
   45.940        0
   45.960        0
   45.980        0
   46.000        0
   46.020        0
   46.040        0
   46.060        0
   46.080        0
   46.100        0
   46.120        0
   46.140        0
   46.160        0
   46.180        0
   46.200        0
   46.220        0
   46.240        0
   46.260        0
   46.280        0
   46.300        0
   46.320        0
   46.340        0
   46.360        0
   46.380        0
   46.400        0
   46.420        0
   46.440        0
   46.460        0
   46.480        0
   46.500        0
   46.520        0
   46.540        0
   46.560        0
   46.580        0
   46.600        0
   46.620        0
   46.640        0
   46.660        0
   46.680        0
   46.700        0
   46.720        0
   46.740        0
   46.760        0
   46.780        0
   46.800        0
   46.820        0
   46.840        0
   46.860        0
   46.880        0
   46.900        0
   46.920        0
   46.940        0
   46.960        0
   46.980        0
   47.000        0
   47.020        0
   47.040        0
   47.060        0
   47.080        0
   47.100        0
   47.120       -1
   47.140       -1
   47.160       -1
   47.180       -1
   47.200       -1
   47.220        0
   47.240        0
   47.260        0
   47.280        0
   47.300        0
   47.320        0
   47.340        0
   47.360        0
   47.380        0
   47.400        0
   47.420        0
   47.440        0
   47.460        0
   47.480        0
   47.500        0
   47.520        0
   47.540        0
   47.560        0
   47.580        0
   47.600        0
   47.620        0
   47.640        0
   47.660        0
   47.680        0
   47.700        0
   47.720        0
   47.740        0
   47.760        0
   47.780        0
   47.800        0
   47.820        0
   47.840        0
   47.860        0
   47.880        0
   47.900        0
   47.920        0
   47.940        0
   47.960        0
   47.980        0
   48.000        0
   48.020        0
   48.040        0
   48.060        0
   48.080        0
   48.100        0
   48.120        0
   48.140        0
   48.160        0
   48.180        0
   48.200        0
   48.220        0
   48.240        0
   48.260        0
   48.280        0
   48.300        0
   48.320        0
   48.340        0
   48.360        0
   48.380        0
   48.400        0
   48.420        0
   48.440        0
   48.460        0
   48.480        0
   48.500        0
   48.520        0
   48.540        0
   48.560        0
   48.580        0
   48.600        0
   48.620        0
   48.640        0
   48.660        0
   48.680        0
   48.700        0
   48.720        0
   48.740        0
   48.760        0
   48.780        0
   48.800        0
   48.820        0
   48.840        0
   48.860        0
   48.880        0
   48.900        0
   48.920        0
   48.940        0
   48.960        0
   48.980        0
   49.000        0
   49.020        0
   49.040        0
   49.060        0
   49.080        0
   49.100        0
   49.120        0
   49.140        0
   49.160        0
   49.180        0
   49.200        0
   49.220        0
   49.240        0
   49.260        0
   49.280        0
   49.300        0
   49.320        0
   49.340        0
   49.360        0
   49.380        0
   49.400        0
   49.420        0
   49.440        0
   49.460        0
   49.480        0
   49.500        0
   49.520        0
   49.540        0
   49.560        0
   49.580        0
   49.600        0
   49.620        0
   49.640        0
   49.660        0
   49.680        0
   49.700        0
   49.720        0
   49.740        0
   49.760        0
   49.780        0
   49.800        0
   49.820        0
   49.840        0
   49.860        0
   49.880        0
   49.900        0
   49.920        0
   49.940        0
   49.960        0
   49.980        0
   50.000        0
   50.020        0
   50.040        0
   50.060        0
   50.080        0
   50.100        0
   50.120        0
   50.140        0
   50.160        0
   50.180        0
   50.200        0
   50.220        0
   50.240        0
   50.260        0
   50.280        0
   50.300        0
   50.320        0
   50.340        0
   50.360        0
   50.380        0
   50.400        0
   50.420        0
   50.440        0
   50.460        0
   50.480        0
   50.500        0
   50.520        0
   50.540        0
   50.560        0
   50.580        0
   50.600        0
   50.620        0
   50.640        0
   50.660        0
   50.680        0
   50.700        0
   50.720        0
   50.740        0
   50.760        0
   50.780        0
   50.800        0
   50.820        0
   50.840        0
   50.860        0
   50.880        0
   50.900        0
   50.920        0
   50.940        0
   50.960        0
   50.980        0
   51.000        0
   51.020        0
   51.040        0
   51.060        0
   51.080        0
   51.100        0
   51.120        0
   51.140        0
   51.160        0
   51.180        0
   51.200        0
   51.220        0
   51.240        0
   51.260        0
   51.280        0
   51.300        0
   51.320        0
   51.340        0
   51.360        0
   51.380        0
   51.400        0
   51.420        0
   51.440        0
   51.460        0
   51.480        0
   51.500        0
   51.520        0
   51.540        0
   51.560        0
   51.580        0
   51.600        0
   51.620        0
   51.640        0
   51.660        0
   51.680        0
   51.700        0
   51.720        0
   51.740        0
   51.760        0
   51.780        0
   51.800        0
   51.820        0
   51.840        0
   51.860        0
   51.880        0
   51.900        0
   51.920        0
   51.940        0
   51.960        0
   51.980        0
   52.000        0
   52.020        0
   52.040        0
   52.060        0
   52.080        0
   52.100        0
   52.120        0
   52.140        0
   52.160        0
   52.180        0
   52.200        0
   52.220        0
   52.240        0
   52.260        0
   52.280        0
   52.300        0
   52.320        0
   52.340        0
   52.360        0
   52.380        0
   52.400        0
   52.420        0
   52.440        0
   52.460        0
   52.480        0
   52.500        0
   52.520        0
   52.540        0
   52.560        0
   52.580        0
   52.600        0
   52.620        0
   52.640        0
   52.660        0
   52.680        0
   52.700        0
   52.720        0
   52.740        0
   52.760        0
   52.780        0
   52.800        0
   52.820        0
   52.840        0
   52.860        0
   52.880        0
   52.900        0
   52.920        0
   52.940        0
   52.960        0
   52.980        0
   53.000        0
   53.020        0
   53.040        0
   53.060        0
   53.080        0
   53.100        0
   53.120        0
   53.140        0
   53.160        0
   53.180        0
   53.200        0
   53.220        0
   53.240        0
   53.260        0
   53.280        0
   53.300       -1
   53.320       -1
   53.340       -2
   53.360       -3
   53.380       -4
   53.400       -7
   53.420       -9
   53.440       -9
   53.460       -7
   53.480       -5
   53.500       -3
   53.520       -2
   53.540       -1
   53.560       -1
   53.580        0
   53.600        0
   53.620        0
   53.640        0
   53.660        0
   53.680        0
   53.700        0
   53.720        0
   53.740        0
   53.760        0
   53.780        0
   53.800        0
   53.820        0
   53.840        0
   53.860        0
   53.880        0
   53.900        0
   53.920        0
   53.940        0
   53.960        0
   53.980        0
   54.000        0
   54.020        0
   54.040        0
   54.060        0
   54.080        0
   54.100        0
   54.120        0
   54.140        0
   54.160        0
   54.180        0
   54.200        0
   54.220        0
   54.240        0
   54.260        0
   54.280        0
   54.300        0
   54.320        0
   54.340        0
   54.360        0
   54.380        0
   54.400        0
   54.420        0
   54.440        0
   54.460        0
   54.480        0
   54.500        0
   54.520        0
   54.540        0
   54.560        0
   54.580        0
   54.600        0
   54.620        0
   54.640        0
   54.660        0
   54.680        0
   54.700        0
   54.720        0
   54.740        0
   54.760        0
   54.780        0
   54.800        0
   54.820        0
   54.840        0
   54.860        0
   54.880        0
   54.900        0
   54.920        0
   54.940        0
   54.960        0
   54.980        0
   55.000        0
   55.020        0
   55.040        0
   55.060        0
   55.080        0
   55.100        0
   55.120        0
   55.140        0
   55.160        0
   55.180        0
   55.200        0
   55.220        0
   55.240        0
   55.260        0
   55.280        0
   55.300        0
   55.320        0
   55.340        0
   55.360        0
   55.380        0
   55.400        0
   55.420        0
   55.440        0
   55.460        0
   55.480        0
   55.500        0
   55.520        0
   55.540        0
   55.560        0
   55.580        0
   55.600        0
   55.620        0
   55.640        0
   55.660        0
   55.680        0
   55.700        0
   55.720        0
   55.740        0
   55.760        0
   55.780        0
   55.800        0
   55.820        0
   55.840        0
   55.860        0
   55.880        0
   55.900        0
   55.920        0
   55.940        0
   55.960        0
   55.980        0
   56.000        0
   56.020        0
   56.040        0
   56.060        0
   56.080        0
   56.100        0
   56.120        0
   56.140        0
   56.160        0
   56.180        0
   56.200        0
   56.220        0
   56.240        0
   56.260        0
   56.280        0
   56.300        0
   56.320        0
   56.340        0
   56.360        0
   56.380        0
   56.400        0
   56.420        0
   56.440        0
   56.460        0
   56.480        0
   56.500        0
   56.520        0
   56.540        0
   56.560        0
   56.580        0
   56.600        0
   56.620        0
   56.640        0
   56.660        0
   56.680        0
   56.700        0
   56.720        0
   56.740        0
   56.760       -1
   56.780       -1
   56.800       -1
   56.820       -2
   56.840       -3
   56.860       -4
   56.880       -7
   56.900      -12
   56.920      -18
   56.940      -25
   56.960      -28
   56.980      -24
   57.000      -17
   57.020      -11
   57.040       -6
   57.060       -4
   57.080       -2
   57.100       -2
   57.120       -1
   57.140       -1
   57.160        0
   57.180        0
   57.200        0
   57.220        0
   57.240        0
   57.260        0
   57.280        0
   57.300        0
   57.320        0
   57.340        0
   57.360        0
   57.380        0
   57.400        0
   57.420        0
   57.440        0
   57.460        0
   57.480        0
   57.500        0
   57.520        0
   57.540        0
   57.560        0
   57.580        0
   57.600        0
   57.620        0
   57.640        0
   57.660        0
   57.680        0
   57.700        0
   57.720        0
   57.740        0
   57.760        0
   57.780        0
   57.800        0
   57.820        0
   57.840        0
   57.860        0
   57.880        0
   57.900        0
   57.920        0
   57.940        0
   57.960        0
   57.980        0
   58.000        0
   58.020        0
   58.040        0
   58.060        0
   58.080        0
   58.100        0
   58.120        0
   58.140        0
   58.160        0
   58.180        0
   58.200        0
   58.220        0
   58.240        0
   58.260        0
   58.280        0
   58.300        0
   58.320        0
   58.340        0
   58.360        0
   58.380        0
   58.400        0
   58.420        0
   58.440        0
   58.460        0
   58.480        0
   58.500        0
   58.520        0
   58.540        0
   58.560        0
   58.580        0
   58.600        0
   58.620        0
   58.640        0
   58.660        0
   58.680        0
   58.700        0
   58.720        0
   58.740        0
   58.760        0
   58.780        0
   58.800        0
   58.820        0
   58.840        0
   58.860        0
   58.880        0
   58.900        0
   58.920        0
   58.940        0
   58.960        0
   58.980        0
   59.000        0
   59.020        0
   59.040        0
   59.060        0
   59.080        0
   59.100        0
   59.120        0
   59.140        0
   59.160        0
   59.180        0
   59.200        0
   59.220        0
   59.240        0
   59.260        0
   59.280        0
   59.300        0
   59.320        0
   59.340        0
   59.360        0
   59.380        0
   59.400        0
   59.420        0
   59.440        0
   59.460        0
   59.480        0
   59.500        0
   59.520        0
   59.540        0
   59.560        0
   59.580        0
   59.600        0
   59.620        0
   59.640        0
   59.660        0
   59.680        0
   59.700        0
   59.720        0
   59.740        0
   59.760        0
   59.780        0
   59.800        0
   59.820        0
   59.840        0
   59.860        0
   59.880        0
   59.900        0
   59.920        0
   59.940        0
   59.960        0
   59.980        0
   60.000        0
   60.020        0
   60.040        0
   60.060        0
   60.080        0
   60.100        0
   60.120        0
   60.140        0
   60.160        0
   60.180        0
   60.200        0
   60.220        0
   60.240        0
   60.260        0
   60.280        0
   60.300        0
   60.320        0
   60.340        0
   60.360        0
   60.380        0
   60.400        0
   60.420        0
   60.440        0
   60.460        0
   60.480        0
   60.500        0
   60.520        0
   60.540        0
   60.560        0
   60.580        0
   60.600        0
   60.620        0
   60.640        0
   60.660        0
   60.680        0
   60.700        0
   60.720        0
   60.740        0
   60.760        0
   60.780        0
   60.800        0
   60.820        0
   60.840        0
   60.860        0
   60.880        0
   60.900        0
   60.920        0
   60.940        0
   60.960        0
   60.980        0
   61.000        0
   61.020        0
   61.040        0
   61.060        0
   61.080        0
   61.100        0
   61.120        0
   61.140        0
   61.160        0
   61.180        0
   61.200        0
   61.220        0
   61.240        0
   61.260        0
   61.280        0
   61.300        0
   61.320        0
   61.340        0
   61.360        0
   61.380        0
   61.400        0
   61.420        0
   61.440        0
   61.460        0
   61.480        0
   61.500        0
   61.520        0
   61.540        0
   61.560        0
   61.580        0
   61.600        0
   61.620        0
   61.640        0
   61.660        0
   61.680        0
   61.700        0
   61.720        0
   61.740        0
   61.760        0
   61.780        0
   61.800        0
   61.820        0
   61.840        0
   61.860        0
   61.880        0
   61.900        0
   61.920        0
   61.940        0
   61.960        0
   61.980        0
   62.000        0
   62.020        0
   62.040        0
   62.060        0
   62.080        0
   62.100        0
   62.120        0
   62.140        0
   62.160        0
   62.180        0
   62.200        0
   62.220        0
   62.240        0
   62.260        0
   62.280        0
   62.300        0
   62.320        0
   62.340       -1
   62.360       -1
   62.380       -1
   62.400       -2
   62.420       -3
   62.440       -5
   62.460       -8
   62.480      -14
   62.500      -22
   62.520      -33
   62.540      -40
   62.560      -38
   62.580      -29
   62.600      -18
   62.620      -11
   62.640       -7
   62.660       -4
   62.680       -3
   62.700       -2
   62.720       -1
   62.740       -1
   62.760       -1
   62.780        0
   62.800        0
   62.820        0
   62.840        0
   62.860        0
   62.880        0
   62.900        0
   62.920        0
   62.940        0
   62.960        0
   62.980        0
   63.000        0
   63.020        0
   63.040        0
   63.060        0
   63.080        0
   63.100        0
   63.120        0
   63.140        0
   63.160        0
   63.180        0
   63.200        0
   63.220        0
   63.240        0
   63.260        0
   63.280        0
   63.300        0
   63.320        0
   63.340        0
   63.360        0
   63.380        0
   63.400        0
   63.420        0
   63.440        0
   63.460        0
   63.480        0
   63.500        0
   63.520        0
   63.540        0
   63.560        0
   63.580        0
   63.600        0
   63.620        0
   63.640        0
   63.660        0
   63.680        0
   63.700        0
   63.720        0
   63.740        0
   63.760        0
   63.780        0
   63.800        0
   63.820        0
   63.840        0
   63.860        0
   63.880        0
   63.900        0
   63.920        0
   63.940        0
   63.960        0
   63.980        0
   64.000        0
   64.020        0
   64.040        0
   64.060        0
   64.080        0
   64.100        0
   64.120        0
   64.140        0
   64.160        0
   64.180        0
   64.200        0
   64.220        0
   64.240        0
   64.260        0
   64.280        0
   64.300        0
   64.320        0
   64.340        0
   64.360        0
   64.380        0
   64.400        0
   64.420        0
   64.440        0
   64.460        0
   64.480        0
   64.500        0
   64.520        0
   64.540        0
   64.560        0
   64.580        0
   64.600        0
   64.620        0
   64.640        0
   64.660        0
   64.680        0
   64.700        0
   64.720        0
   64.740        0
   64.760        0
   64.780        0
   64.800        0
   64.820        0
   64.840        0
   64.860        0
   64.880        0
   64.900        0
   64.920        0
   64.940        0
   64.960        0
   64.980        0
   65.000        0
   65.020        0
   65.040        0
   65.060        0
   65.080        0
   65.100        0
   65.120        0
   65.140        0
   65.160        0
   65.180        0
   65.200        0
   65.220        0
   65.240        0
   65.260        0
   65.280        0
   65.300        0
   65.320        0
   65.340        0
   65.360        0
   65.380        0
   65.400        0
   65.420        0
   65.440        0
   65.460        0
   65.480        0
   65.500        0
   65.520        0
   65.540        0
   65.560        0
   65.580        0
   65.600        0
   65.620        0
   65.640        0
   65.660        0
   65.680        0
   65.700        0
   65.720        0
   65.740       -1
   65.760       -1
   65.780       -1
   65.800       -1
   65.820        0
   65.840        0
   65.860        0
   65.880        0
   65.900        0
   65.920        0
   65.940        0
   65.960        0
   65.980        0
   66.000        0
   66.020        0
   66.040        0
   66.060        0
   66.080        0
   66.100        0
   66.120        0
   66.140        0
   66.160        0
   66.180        0
   66.200        0
   66.220        0
   66.240        0
   66.260        0
   66.280        0
   66.300        0
   66.320        0
   66.340        0
   66.360        0
   66.380        0
   66.400        0
   66.420        0
   66.440        0
   66.460        0
   66.480        0
   66.500        0
   66.520        0
   66.540        0
   66.560        0
   66.580        0
   66.600        0
   66.620        0
   66.640        0
   66.660        0
   66.680        0
   66.700        0
   66.720        0
   66.740        0
   66.760        0
   66.780        0
   66.800        0
   66.820        0
   66.840        0
   66.860        0
   66.880        0
   66.900        0
   66.920        0
   66.940        0
   66.960        0
   66.980        0
   67.000        0
   67.020        0
   67.040        0
   67.060        0
   67.080        0
   67.100        0
   67.120        0
   67.140        0
   67.160        0
   67.180        0
   67.200        0
   67.220        0
   67.240        0
   67.260        0
   67.280        0
   67.300        0
   67.320        0
   67.340        0
   67.360        0
   67.380        0
   67.400        0
   67.420        0
   67.440        0
   67.460        0
   67.480        0
   67.500        0
   67.520        0
   67.540        0
   67.560        0
   67.580        0
   67.600        0
   67.620        0
   67.640        0
   67.660        0
   67.680        0
   67.700        0
   67.720        0
   67.740        0
   67.760        0
   67.780        0
   67.800        0
   67.820        0
   67.840        0
   67.860        0
   67.880        0
   67.900        0
   67.920        0
   67.940        0
   67.960        0
   67.980        0
   68.000        0
   68.020        0
   68.040        0
   68.060        0
   68.080        0
   68.100        0
   68.120        0
   68.140        0
   68.160        0
   68.180        0
   68.200        0
   68.220        0
   68.240        0
   68.260        0
   68.280        0
   68.300        0
   68.320        0
   68.340        0
   68.360        0
   68.380        0
   68.400        0
   68.420        0
   68.440        0
   68.460        0
   68.480        0
   68.500        0
   68.520        0
   68.540        0
   68.560        0
   68.580        0
   68.600        0
   68.620        0
   68.640        0
   68.660        0
   68.680        0
   68.700        0
   68.720        0
   68.740        0
   68.760        0
   68.780        0
   68.800        0
   68.820        0
   68.840        0
   68.860        0
   68.880        0
   68.900        0
   68.920        0
   68.940        0
   68.960        0
   68.980        0
   69.000        0
   69.020        0
   69.040        0
   69.060        0
   69.080        0
   69.100        0
   69.120        0
   69.140        0
   69.160        0
   69.180        0
   69.200        0
   69.220        0
   69.240        0
   69.260        0
   69.280        0
   69.300        0
   69.320        0
   69.340        0
   69.360        0
   69.380        0
   69.400        0
   69.420        0
   69.440        0
   69.460        0
   69.480        0
   69.500        0
   69.520        0
   69.540        0
   69.560        0
   69.580        0
   69.600        0
   69.620        0
   69.640        0
   69.660        0
   69.680        0
   69.700        0
   69.720        0
   69.740        0
   69.760        0
   69.780        0
   69.800        0
   69.820        0
   69.840        0
   69.860        0
   69.880        0
   69.900        0
   69.920        0
   69.940        0
   69.960        0
   69.980        0
   70.000        0
   70.020        0
   70.040        0
   70.060        0
   70.080        0
   70.100        0
   70.120        0
   70.140        0
   70.160        0
   70.180        0
   70.200        0
   70.220        0
   70.240        0
   70.260        0
   70.280        0
   70.300        0
   70.320        0
   70.340        0
   70.360        0
   70.380        0
   70.400        0
   70.420        0
   70.440        0
   70.460        0
   70.480        0
   70.500        0
   70.520        0
   70.540        0
   70.560        0
   70.580        0
   70.600        0
   70.620        0
   70.640        0
   70.660        0
   70.680        0
   70.700        0
   70.720        0
   70.740        0
   70.760        0
   70.780        0
   70.800        0
   70.820        0
   70.840        0
   70.860        0
   70.880       -1
   70.900       -1
   70.920       -2
   70.940       -3
   70.960       -3
   70.980       -3
   71.000       -2
   71.020       -1
   71.040       -1
   71.060        0
   71.080        0
   71.100        0
   71.120        0
   71.140        0
   71.160        0
   71.180        0
   71.200        0
   71.220        0
   71.240        0
   71.260        0
   71.280        0
   71.300        0
   71.320        0
   71.340        0
   71.360        0
   71.380        0
   71.400        0
   71.420        0
   71.440        0
   71.460        0
   71.480        0
   71.500        0
   71.520        0
   71.540        0
   71.560        0
   71.580        0
   71.600        0
   71.620        0
   71.640        0
   71.660        0
   71.680        0
   71.700        0
   71.720        0
   71.740        0
   71.760        0
   71.780        0
   71.800        0
   71.820        0
   71.840        0
   71.860        0
   71.880        0
   71.900        0
   71.920        0
   71.940        0
   71.960        0
   71.980        0
   72.000        0
   72.020        0
   72.040        0
   72.060        0
   72.080        0
   72.100        0
   72.120        0
   72.140        0
   72.160        0
   72.180        0
   72.200        0
   72.220        0
   72.240        0
   72.260        0
   72.280        0
   72.300        0
   72.320        0
   72.340        0
   72.360        0
   72.380        0
   72.400        0
   72.420        0
   72.440        0
   72.460        0
   72.480        0
   72.500        0
   72.520        0
   72.540        0
   72.560        0
   72.580        0
   72.600        0
   72.620        0
   72.640        0
   72.660        0
   72.680        0
   72.700        0
   72.720        0
   72.740        0
   72.760        0
   72.780        0
   72.800        0
   72.820        0
   72.840        0
   72.860        0
   72.880        0
   72.900        0
   72.920        0
   72.940        0
   72.960        0
   72.980        0
   73.000        0
   73.020        0
   73.040        0
   73.060        0
   73.080        0
   73.100        0
   73.120        0
   73.140        0
   73.160        0
   73.180        0
   73.200        0
   73.220        0
   73.240        0
   73.260        0
   73.280        0
   73.300        0
   73.320        0
   73.340        0
   73.360        0
   73.380        0
   73.400        0
   73.420        0
   73.440        0
   73.460        0
   73.480        0
   73.500        0
   73.520        0
   73.540        0
   73.560        0
   73.580        0
   73.600        0
   73.620        0
   73.640        0
   73.660        0
   73.680        0
   73.700        0
   73.720        0
   73.740        0
   73.760        0
   73.780        0
   73.800        0
   73.820        0
   73.840        0
   73.860       -1
   73.880       -1
   73.900       -1
   73.920       -2
   73.940       -4
   73.960       -6
   73.980       -8
   74.000       -8
   74.020       -6
   74.040       -4
   74.060       -3
   74.080       -2
   74.100       -1
   74.120       -1
   74.140        0
   74.160        0
   74.180        0
   74.200        0
   74.220        0
   74.240        0
   74.260        0
   74.280        0
   74.300        0
   74.320        0
   74.340        0
   74.360        0
   74.380        0
   74.400        0
   74.420        0
   74.440        0
   74.460        0
   74.480        0
   74.500        0
   74.520        0
   74.540        0
   74.560        0
   74.580        0
   74.600        0
   74.620        0
   74.640        0
   74.660        0
   74.680        0
   74.700        0
   74.720        0
   74.740        0
   74.760        0
   74.780        0
   74.800        0
   74.820        0
   74.840        0
   74.860        0
   74.880        0
   74.900       -1
   74.920       -1
   74.940       -1
   74.960       -2
   74.980       -3
   75.000       -3
   75.020       -3
   75.040       -2
   75.060       -1
   75.080       -1
   75.100        0
   75.120        0
   75.140        0
   75.160        0
   75.180        0
   75.200        0
   75.220        0
   75.240        0
   75.260        0
   75.280        0
   75.300        0
   75.320        0
   75.340        0
   75.360        0
   75.380        0
   75.400        0
   75.420        0
   75.440        0
   75.460        0
   75.480        0
   75.500        0
   75.520        0
   75.540        0
   75.560        0
   75.580        0
   75.600        0
   75.620        0
   75.640        0
   75.660        0
   75.680        0
   75.700        0
   75.720        0
   75.740        0
   75.760        0
   75.780        0
   75.800        0
   75.820        0
   75.840        0
   75.860        0
   75.880        0
   75.900        0
   75.920        0
   75.940        0
   75.960        0
   75.980        0
   76.000        0
   76.020        0
   76.040        0
   76.060        0
   76.080        0
   76.100        0
   76.120        0
   76.140        0
   76.160        0
   76.180        0
   76.200        0
   76.220        0
   76.240        0
   76.260        0
   76.280        0
   76.300        0
   76.320        0
   76.340        0
   76.360        0
   76.380        0
   76.400        0
   76.420        0
   76.440        0
   76.460        0
   76.480        0
   76.500        0
   76.520        0
   76.540        0
   76.560        0
   76.580        0
   76.600        0
   76.620        0
   76.640        0
   76.660        0
   76.680        0
   76.700        0
   76.720        0
   76.740        0
   76.760        0
   76.780        0
   76.800        0
   76.820        0
   76.840        0
   76.860        0
   76.880        0
   76.900        0
   76.920        0
   76.940        0
   76.960        0
   76.980        0
   77.000        0
   77.020        0
   77.040        0
   77.060        0
   77.080        0
   77.100        0
   77.120        0
   77.140        0
   77.160        0
   77.180        0
   77.200        0
   77.220        0
   77.240        0
   77.260        0
   77.280        0
   77.300        0
   77.320        0
   77.340        0
   77.360        0
   77.380        0
   77.400        0
   77.420        0
   77.440        0
   77.460        0
   77.480        0
   77.500        0
   77.520        0
   77.540        0
   77.560        0
   77.580        0
   77.600        0
   77.620        0
   77.640        0
   77.660        0
   77.680        0
   77.700        0
   77.720        0
   77.740        0
   77.760        0
   77.780        0
   77.800        0
   77.820        0
   77.840        0
   77.860        0
   77.880        0
   77.900        0
   77.920        0
   77.940        0
   77.960        0
   77.980        0
   78.000        0
   78.020        0
   78.040        0
   78.060        0
   78.080        0
   78.100        0
   78.120        0
   78.140        0
   78.160        0
   78.180        0
   78.200        0
   78.220        0
   78.240        0
   78.260        0
   78.280        0
   78.300        0
   78.320        0
   78.340        0
   78.360        0
   78.380        0
   78.400        0
   78.420        0
   78.440        0
   78.460        0
   78.480        0
   78.500        0
   78.520        0
   78.540        0
   78.560        0
   78.580        0
   78.600        0
   78.620        0
   78.640        0
   78.660        0
   78.680        0
   78.700        0
   78.720        0
   78.740        0
   78.760        0
   78.780        0
   78.800        0
   78.820        0
   78.840        0
   78.860        0
   78.880       -1
   78.900       -1
   78.920       -2
   78.940       -2
   78.960       -3
   78.980       -2
   79.000       -2
   79.020       -1
   79.040       -1
   79.060        0
   79.080        0
   79.100        0
   79.120        0
   79.140        0
   79.160        0
   79.180        0
   79.200        0
   79.220        0
   79.240        0
   79.260        0
   79.280        0
   79.300        0
   79.320        0
   79.340        0
   79.360        0
   79.380        0
   79.400        0
   79.420        0
   79.440        0
   79.460        0
   79.480        0
   79.500        0
   79.520        0
   79.540        0
   79.560        0
   79.580        0
   79.600        0
   79.620        0
   79.640        0
   79.660        0
   79.680        0
   79.700        0
   79.720        0
   79.740        0
   79.760        0
   79.780        0
   79.800        0
   79.820        0
   79.840        0
   79.860        0
   79.880        0
   79.900        0
   79.920        0
   79.940        0
   79.960        0
   79.980        0
   80.000        0
