[Info]
Created	20.11.2023 20:05:44
by	Nadja
	
NoStds	0
NoSamples	1
NoScanDims	1
NoScanPoints(1)	801

[Setup]
CalibType	None
StartOn	Keyboard
Ordinate	T
Scan Start	1000
Scan End	200
Scan Step	1,0
Scan Speed	480
Slit Width	2
LampUV	On
LampVIS	On
LampChange	326
Wl	1000

[Sample Info]
SamplePos	2	
SampleID	Sample 1	
Required	false	

[SampleData]
Wl	T(Sample 1)	
200,0	0,01	
201,0	0,00	
202,0	0,00	
203,0	0,00	
204,0	0,00	
205,0	0,00	
206,0	0,00	
207,0	0,00	
208,0	0,00	
209,0	0,00	
210,0	0,00	
211,0	0,01	
212,0	0,00	
213,0	0,00	
214,0	0,00	
215,0	0,01	
216,0	0,00	
217,0	0,00	
218,0	0,01	
219,0	0,00	
220,0	0,00	
221,0	0,00	
222,0	0,00	
223,0	0,00	
224,0	0,00	
225,0	0,00	
226,0	0,00	
227,0	0,00	
228,0	0,00	
229,0	0,00	
230,0	0,00	
231,0	0,00	
232,0	0,00	
233,0	0,00	
234,0	0,00	
235,0	0,00	
236,0	0,00	
237,0	0,00	
238,0	0,00	
239,0	0,00	
240,0	0,01	
241,0	0,00	
242,0	0,00	
243,0	0,00	
244,0	0,00	
245,0	0,00	
246,0	0,00	
247,0	0,01	
248,0	0,00	
249,0	0,00	
250,0	0,00	
251,0	0,01	
252,0	0,02	
253,0	0,06	
254,0	0,17	
255,0	0,38	
256,0	0,72	
257,0	1,17	
258,0	1,66	
259,0	2,07	
260,0	2,34	
261,0	2,57	
262,0	2,93	
263,0	3,60	
264,0	4,38	
265,0	5,03	
266,0	5,49	
267,0	5,79	
268,0	5,98	
269,0	6,11	
270,0	6,20	
271,0	6,28	
272,0	6,32	
273,0	6,35	
274,0	6,35	
275,0	6,36	
276,0	6,35	
277,0	6,33	
278,0	6,29	
279,0	6,26	
280,0	6,21	
281,0	6,14	
282,0	6,09	
283,0	6,01	
284,0	5,93	
285,0	5,84	
286,0	5,76	
287,0	5,63	
288,0	5,44	
289,0	5,12	
290,0	4,70	
291,0	4,32	
292,0	4,13	
293,0	4,15	
294,0	4,34	
295,0	4,65	
296,0	4,88	
297,0	5,00	
298,0	4,89	
299,0	4,51	
300,0	4,03	
301,0	3,76	
302,0	3,78	
303,0	4,01	
304,0	4,28	
305,0	4,64	
306,0	5,18	
307,0	5,84	
308,0	6,48	
309,0	7,06	
310,0	7,57	
311,0	8,07	
312,0	8,63	
313,0	9,18	
314,0	9,83	
315,0	10,58	
316,0	11,46	
317,0	12,41	
318,0	13,42	
319,0	14,38	
320,0	15,12	
321,0	15,43	
322,0	15,13	
323,0	14,23	
324,0	12,95	
325,0	11,62	
326,0	10,35	
327,0	9,50	
328,0	9,12	
329,0	9,15	
330,0	9,63	
331,0	10,51	
332,0	11,81	
333,0	13,78	
334,0	16,38	
335,0	19,48	
336,0	22,76	
337,0	25,81	
338,0	28,25	
339,0	29,81	
340,0	30,60	
341,0	30,97	
342,0	31,02	
343,0	30,58	
344,0	28,51	
345,0	23,12	
346,0	14,13	
347,0	5,60	
348,0	1,48	
349,0	0,41	
350,0	0,29	
351,0	0,30	
352,0	0,40	
353,0	0,46	
354,0	0,43	
355,0	0,23	
356,0	0,09	
357,0	0,06	
358,0	0,06	
359,0	0,26	
360,0	1,24	
361,0	4,66	
362,0	12,55	
363,0	24,78	
364,0	38,80	
365,0	52,03	
366,0	63,16	
367,0	71,71	
368,0	77,20	
369,0	80,26	
370,0	81,87	
371,0	82,60	
372,0	82,91	
373,0	83,20	
374,0	83,41	
375,0	83,59	
376,0	83,66	
377,0	83,62	
378,0	83,32	
379,0	82,81	
380,0	82,02	
381,0	81,09	
382,0	79,34	
383,0	78,48	
384,0	79,94	
385,0	81,87	
386,0	83,06	
387,0	83,83	
388,0	84,29	
389,0	84,62	
390,0	84,88	
391,0	85,07	
392,0	85,24	
393,0	85,31	
394,0	85,42	
395,0	85,50	
396,0	85,53	
397,0	85,52	
398,0	85,57	
399,0	85,59	
400,0	85,62	
401,0	85,63	
402,0	85,68	
403,0	85,67	
404,0	85,69	
405,0	85,70	
406,0	85,66	
407,0	85,66	
408,0	85,66	
409,0	85,58	
410,0	85,47	
411,0	85,29	
412,0	85,00	
413,0	84,57	
414,0	83,97	
415,0	83,01	
416,0	81,66	
417,0	80,07	
418,0	78,79	
419,0	78,18	
420,0	77,62	
421,0	76,24	
422,0	74,92	
423,0	74,73	
424,0	75,24	
425,0	75,09	
426,0	72,80	
427,0	64,65	
428,0	47,25	
429,0	29,79	
430,0	24,99	
431,0	29,08	
432,0	32,95	
433,0	33,77	
434,0	31,72	
435,0	27,78	
436,0	23,09	
437,0	18,53	
438,0	14,70	
439,0	11,70	
440,0	9,62	
441,0	8,42	
442,0	7,84	
443,0	7,69	
444,0	7,71	
445,0	7,73	
446,0	7,70	
447,0	7,84	
448,0	8,41	
449,0	9,51	
450,0	11,03	
451,0	12,74	
452,0	14,35	
453,0	15,70	
454,0	16,63	
455,0	17,07	
456,0	17,04	
457,0	16,63	
458,0	16,03	
459,0	15,38	
460,0	14,73	
461,0	14,12	
462,0	13,55	
463,0	13,11	
464,0	12,72	
465,0	12,36	
466,0	11,90	
467,0	11,26	
468,0	10,44	
469,0	9,47	
470,0	8,36	
471,0	7,43	
472,0	7,15	
473,0	7,80	
474,0	9,09	
475,0	10,39	
476,0	11,63	
477,0	13,05	
478,0	14,45	
479,0	15,00	
480,0	14,31	
481,0	13,09	
482,0	12,52	
483,0	13,49	
484,0	16,35	
485,0	20,83	
486,0	26,40	
487,0	32,23	
488,0	38,05	
489,0	43,44	
490,0	47,99	
491,0	51,31	
492,0	53,28	
493,0	53,87	
494,0	53,20	
495,0	51,50	
496,0	49,06	
497,0	46,06	
498,0	42,87	
499,0	39,59	
500,0	36,35	
501,0	33,17	
502,0	29,99	
503,0	26,70	
504,0	23,17	
505,0	19,42	
506,0	15,38	
507,0	11,47	
508,0	7,99	
509,0	5,42	
510,0	3,69	
511,0	2,74	
512,0	2,36	
513,0	2,50	
514,0	3,09	
515,0	4,04	
516,0	5,06	
517,0	5,83	
518,0	6,00	
519,0	5,36	
520,0	3,91	
521,0	2,20	
522,0	0,98	
523,0	0,39	
524,0	0,18	
525,0	0,12	
526,0	0,13	
527,0	0,23	
528,0	0,52	
529,0	1,16	
530,0	2,40	
531,0	4,40	
532,0	7,30	
533,0	11,05	
534,0	15,49	
535,0	20,37	
536,0	25,38	
537,0	30,44	
538,0	35,62	
539,0	41,11	
540,0	46,58	
541,0	51,96	
542,0	56,89	
543,0	61,21	
544,0	64,78	
545,0	67,62	
546,0	69,70	
547,0	71,11	
548,0	71,99	
549,0	72,51	
550,0	72,77	
551,0	72,87	
552,0	72,79	
553,0	72,67	
554,0	72,32	
555,0	71,83	
556,0	71,09	
557,0	70,02	
558,0	68,55	
559,0	66,63	
560,0	64,02	
561,0	60,49	
562,0	55,78	
563,0	49,34	
564,0	40,88	
565,0	30,40	
566,0	19,18	
567,0	9,59	
568,0	3,51	
569,0	0,94	
570,0	0,20	
571,0	0,07	
572,0	0,04	
573,0	0,04	
574,0	0,04	
575,0	0,04	
576,0	0,04	
577,0	0,04	
578,0	0,03	
579,0	0,03	
580,0	0,03	
581,0	0,03	
582,0	0,03	
583,0	0,04	
584,0	0,03	
585,0	0,03	
586,0	0,03	
587,0	0,03	
588,0	0,03	
589,0	0,04	
590,0	0,04	
591,0	0,04	
592,0	0,06	
593,0	0,11	
594,0	0,23	
595,0	0,49	
596,0	0,97	
597,0	1,73	
598,0	2,85	
599,0	4,43	
600,0	6,60	
601,0	9,60	
602,0	13,48	
603,0	18,38	
604,0	24,09	
605,0	30,56	
606,0	37,50	
607,0	44,70	
608,0	51,83	
609,0	58,47	
610,0	64,33	
611,0	69,18	
612,0	72,98	
613,0	75,77	
614,0	77,65	
615,0	78,82	
616,0	79,27	
617,0	79,02	
618,0	77,93	
619,0	75,90	
620,0	73,01	
621,0	69,80	
622,0	67,12	
623,0	65,55	
624,0	64,93	
625,0	64,33	
626,0	63,70	
627,0	63,99	
628,0	65,59	
629,0	67,72	
630,0	69,56	
631,0	71,16	
632,0	72,90	
633,0	74,74	
634,0	76,29	
635,0	77,32	
636,0	78,11	
637,0	78,90	
638,0	79,71	
639,0	80,42	
640,0	80,92	
641,0	81,44	
642,0	81,98	
643,0	82,61	
644,0	83,31	
645,0	84,02	
646,0	84,52	
647,0	84,94	
648,0	85,26	
649,0	85,52	
650,0	85,78	
651,0	85,84	
652,0	85,96	
653,0	86,00	
654,0	85,92	
655,0	85,85	
656,0	85,68	
657,0	85,48	
658,0	85,18	
659,0	84,78	
660,0	84,22	
661,0	83,46	
662,0	82,43	
663,0	81,05	
664,0	79,30	
665,0	77,12	
666,0	74,53	
667,0	71,52	
668,0	68,28	
669,0	64,73	
670,0	61,10	
671,0	57,38	
672,0	53,81	
673,0	50,43	
674,0	47,15	
675,0	43,97	
676,0	40,89	
677,0	38,19	
678,0	35,85	
679,0	33,94	
680,0	32,48	
681,0	31,90	
682,0	32,56	
683,0	34,58	
684,0	37,49	
685,0	40,66	
686,0	43,53	
687,0	46,11	
688,0	48,47	
689,0	50,90	
690,0	53,45	
691,0	56,07	
692,0	58,69	
693,0	61,25	
694,0	63,79	
695,0	66,17	
696,0	68,49	
697,0	70,53	
698,0	72,46	
699,0	74,16	
700,0	75,59	
701,0	76,78	
702,0	77,78	
703,0	78,53	
704,0	79,14	
705,0	79,56	
706,0	79,86	
707,0	80,00	
708,0	79,99	
709,0	79,85	
710,0	79,58	
711,0	79,09	
712,0	78,51	
713,0	77,74	
714,0	76,85	
715,0	75,74	
716,0	74,37	
717,0	72,82	
718,0	70,90	
719,0	68,75	
720,0	66,09	
721,0	62,99	
722,0	59,21	
723,0	54,69	
724,0	49,24	
725,0	42,73	
726,0	35,32	
727,0	27,06	
728,0	18,69	
729,0	10,96	
730,0	5,34	
731,0	2,05	
732,0	0,66	
733,0	0,21	
734,0	0,10	
735,0	0,08	
736,0	0,07	
737,0	0,07	
738,0	0,06	
739,0	0,06	
740,0	0,06	
741,0	0,06	
742,0	0,06	
743,0	0,06	
744,0	0,06	
745,0	0,06	
746,0	0,06	
747,0	0,06	
748,0	0,06	
749,0	0,06	
750,0	0,06	
751,0	0,07	
752,0	0,08	
753,0	0,09	
754,0	0,12	
755,0	0,17	
756,0	0,28	
757,0	0,48	
758,0	0,87	
759,0	1,52	
760,0	2,46	
761,0	3,68	
762,0	5,24	
763,0	7,18	
764,0	9,65	
765,0	12,75	
766,0	16,43	
767,0	20,52	
768,0	24,65	
769,0	28,54	
770,0	31,88	
771,0	34,49	
772,0	36,21	
773,0	37,01	
774,0	36,80	
775,0	35,70	
776,0	33,85	
777,0	31,45	
778,0	28,72	
779,0	25,87	
780,0	22,96	
781,0	20,09	
782,0	17,18	
783,0	14,25	
784,0	11,25	
785,0	8,39	
786,0	5,82	
787,0	3,73	
788,0	2,19	
789,0	1,18	
790,0	0,60	
791,0	0,31	
792,0	0,19	
793,0	0,15	
794,0	0,09	
795,0	0,08	
796,0	0,08	
797,0	0,07	
798,0	0,06	
799,0	0,06	
800,0	0,06	
801,0	0,05	
802,0	0,04	
803,0	0,05	
804,0	0,04	
805,0	0,05	
806,0	0,05	
807,0	0,05	
808,0	0,04	
809,0	0,05	
810,0	0,07	
811,0	0,10	
812,0	0,16	
813,0	0,27	
814,0	0,47	
815,0	0,79	
816,0	1,24	
817,0	1,87	
818,0	2,70	
819,0	3,77	
820,0	5,17	
821,0	6,90	
822,0	9,00	
823,0	11,39	
824,0	14,11	
825,0	16,94	
826,0	19,95	
827,0	23,10	
828,0	26,46	
829,0	30,02	
830,0	33,76	
831,0	37,72	
832,0	41,71	
833,0	45,69	
834,0	49,46	
835,0	53,00	
836,0	56,20	
837,0	59,05	
838,0	61,59	
839,0	63,82	
840,0	65,72	
841,0	67,25	
842,0	68,47	
843,0	69,37	
844,0	69,88	
845,0	69,99	
846,0	69,67	
847,0	68,79	
848,0	67,32	
849,0	65,11	
850,0	62,00	
851,0	57,95	
852,0	52,97	
853,0	47,16	
854,0	40,89	
855,0	34,52	
856,0	28,47	
857,0	22,91	
858,0	18,27	
859,0	14,55	
860,0	11,73	
861,0	9,73	
862,0	8,44	
863,0	7,72	
864,0	7,44	
865,0	7,50	
866,0	7,74	
867,0	7,99	
868,0	8,01	
869,0	7,58	
870,0	6,61	
871,0	5,27	
872,0	3,88	
873,0	2,77	
874,0	2,07	
875,0	1,74	
876,0	1,73	
877,0	2,02	
878,0	2,67	
879,0	3,71	
880,0	5,14	
881,0	6,88	
882,0	8,79	
883,0	10,75	
884,0	12,64	
885,0	14,37	
886,0	15,93	
887,0	17,24	
888,0	18,39	
889,0	19,55	
890,0	20,91	
891,0	22,59	
892,0	24,66	
893,0	27,07	
894,0	29,67	
895,0	32,28	
896,0	34,71	
897,0	36,95	
898,0	38,90	
899,0	40,75	
900,0	42,48	
901,0	44,24	
902,0	46,13	
903,0	48,07	
904,0	50,17	
905,0	52,32	
906,0	54,57	
907,0	56,75	
908,0	58,90	
909,0	60,92	
910,0	62,75	
911,0	64,49	
912,0	66,05	
913,0	67,51	
914,0	68,83	
915,0	70,13	
916,0	71,35	
917,0	72,60	
918,0	73,74	
919,0	74,99	
920,0	76,10	
921,0	77,21	
922,0	78,27	
923,0	79,31	
924,0	80,27	
925,0	81,13	
926,0	81,96	
927,0	82,67	
928,0	83,29	
929,0	83,85	
930,0	84,28	
931,0	84,65	
932,0	85,00	
933,0	85,27	
934,0	85,49	
935,0	85,61	
936,0	85,75	
937,0	85,82	
938,0	85,88	
939,0	85,94	
940,0	86,03	
941,0	85,97	
942,0	85,99	
943,0	85,94	
944,0	85,91	
945,0	85,92	
946,0	85,88	
947,0	85,79	
948,0	85,71	
949,0	85,67	
950,0	85,60	
951,0	85,51	
952,0	85,46	
953,0	85,31	
954,0	85,26	
955,0	85,14	
956,0	85,02	
957,0	84,89	
958,0	84,77	
959,0	84,68	
960,0	84,53	
961,0	84,40	
962,0	84,23	
963,0	84,16	
964,0	83,99	
965,0	83,82	
966,0	83,67	
967,0	83,54	
968,0	83,32	
969,0	83,13	
970,0	82,87	
971,0	82,55	
972,0	81,99	
973,0	81,40	
974,0	80,65	
975,0	80,12	
976,0	80,01	
977,0	80,26	
978,0	80,46	
979,0	80,71	
980,0	80,88	
981,0	80,89	
982,0	80,95	
983,0	80,91	
984,0	80,84	
985,0	80,78	
986,0	80,65	
987,0	80,54	
988,0	80,46	
989,0	80,43	
990,0	80,35	
991,0	80,22	
992,0	80,13	
993,0	80,09	
994,0	79,97	
995,0	79,93	
996,0	79,83	
997,0	79,79	
998,0	79,72	
999,0	79,67	
1000,0	79,62	
