3.000000000000000000e+00 1.674560999999999975e-03
8.000000000000000000e+00 1.680419999999999961e-03
1.200000000000000000e+01 1.651368000000000063e-03
1.700000000000000000e+01 1.656249999999999953e-03
2.300000000000000000e+01 1.687256000000000042e-03
2.900000000000000000e+01 1.677001999999999920e-03
3.400000000000000000e+01 1.670410999999999901e-03
4.000000000000000000e+01 1.687499999999999981e-03
4.600000000000000000e+01 1.667724999999999893e-03
5.200000000000000000e+01 1.671631000000000028e-03
5.800000000000000000e+01 1.668945999999999928e-03
6.300000000000000000e+01 1.656006000000000014e-03
6.900000000000000000e+01 1.656006000000000014e-03
7.500000000000000000e+01 1.680176000000000022e-03
8.100000000000000000e+01 1.701171999999999927e-03
8.700000000000000000e+01 1.689942000000000050e-03
9.200000000000000000e+01 1.660156000000000088e-03
9.800000000000000000e+01 1.651368000000000063e-03
1.040000000000000000e+02 1.670410999999999901e-03
1.100000000000000000e+02 1.696533999999999976e-03
1.160000000000000000e+02 1.670410999999999901e-03
1.220000000000000000e+02 1.658935999999999961e-03
1.270000000000000000e+02 1.652587999999999974e-03
1.330000000000000000e+02 1.692626999999999934e-03
1.390000000000000000e+02 1.670655000000000057e-03
1.450000000000000000e+02 1.670166000000000055e-03
1.510000000000000000e+02 1.658692000000000022e-03
1.560000000000000000e+02 1.680663999999999899e-03
1.620000000000000000e+02 1.679200000000000050e-03
1.680000000000000000e+02 1.658935999999999961e-03
1.740000000000000000e+02 1.667969000000000049e-03
1.800000000000000000e+02 1.671142999999999934e-03
1.860000000000000000e+02 1.645020000000000076e-03
1.910000000000000000e+02 1.689208999999999893e-03
1.970000000000000000e+02 1.688232999999999921e-03
2.030000000000000000e+02 1.671387000000000090e-03
2.090000000000000000e+02 1.677001999999999920e-03
2.150000000000000000e+02 1.700195999999999956e-03
2.200000000000000000e+02 1.682129000000000089e-03
2.260000000000000000e+02 1.667724999999999893e-03
2.320000000000000000e+02 1.702881000000000056e-03
2.380000000000000000e+02 1.664794999999999947e-03
2.440000000000000000e+02 1.692626999999999934e-03
2.490000000000000000e+02 1.658446999999999959e-03
2.550000000000000000e+02 1.657227000000000049e-03
2.610000000000000000e+02 1.673828000000000035e-03
2.670000000000000000e+02 1.664307000000000069e-03
2.730000000000000000e+02 1.686280000000000071e-03
2.790000000000000000e+02 1.694336000000000063e-03
2.840000000000000000e+02 1.699463000000000015e-03
2.900000000000000000e+02 1.680908000000000055e-03
2.960000000000000000e+02 1.676270000000000104e-03
3.020000000000000000e+02 1.658692000000000022e-03
3.080000000000000000e+02 1.669190000000000083e-03
3.130000000000000000e+02 1.647948999999999898e-03
3.190000000000000000e+02 1.691650999999999962e-03
3.250000000000000000e+02 1.648437999999999900e-03
3.310000000000000000e+02 1.691407000000000023e-03
3.370000000000000000e+02 1.637206999999999898e-03
3.420000000000000000e+02 1.657470999999999988e-03
3.480000000000000000e+02 1.664551000000000008e-03
3.540000000000000000e+02 1.650390999999999967e-03
3.600000000000000000e+02 1.644286999999999919e-03
3.660000000000000000e+02 1.659424000000000055e-03
3.720000000000000000e+02 1.679687999999999928e-03
3.770000000000000000e+02 1.694580000000000001e-03
3.830000000000000000e+02 1.644042999999999980e-03
3.890000000000000000e+02 1.636962999999999960e-03
3.950000000000000000e+02 1.655030000000000043e-03
4.010000000000000000e+02 1.654052999999999947e-03
4.060000000000000000e+02 1.704833999999999907e-03
4.120000000000000000e+02 1.686035000000000008e-03
4.180000000000000000e+02 1.676757999999999981e-03
4.240000000000000000e+02 1.672607999999999907e-03
4.300000000000000000e+02 1.703857999999999935e-03
4.350000000000000000e+02 1.682860999999999906e-03
4.410000000000000000e+02 1.680663999999999899e-03
4.470000000000000000e+02 1.676514000000000042e-03
4.530000000000000000e+02 1.684327000000000003e-03
4.590000000000000000e+02 1.682373000000000028e-03
4.650000000000000000e+02 1.673584000000000096e-03
4.700000000000000000e+02 1.693847999999999968e-03
4.760000000000000000e+02 1.674317000000000036e-03
4.820000000000000000e+02 1.677246000000000075e-03
4.880000000000000000e+02 1.690918000000000022e-03
4.940000000000000000e+02 1.681152999999999901e-03
4.990000000000000000e+02 1.664794999999999947e-03
5.050000000000000000e+02 1.655762000000000076e-03
5.110000000000000000e+02 1.661621000000000061e-03
5.170000000000000000e+02 1.722655999999999927e-03
5.230000000000000000e+02 1.693847999999999968e-03
5.280000000000000000e+02 1.669190000000000083e-03
5.340000000000000000e+02 1.681397000000000056e-03
5.400000000000000000e+02 1.667724999999999893e-03
5.460000000000000000e+02 1.693847999999999968e-03
5.520000000000000000e+02 1.697509999999999948e-03
5.580000000000000000e+02 1.695069000000000003e-03
5.630000000000000000e+02 1.695557000000000097e-03
5.690000000000000000e+02 1.658446999999999959e-03
5.750000000000000000e+02 1.682129000000000089e-03
5.810000000000000000e+02 1.732910000000000049e-03
5.870000000000000000e+02 1.677246000000000075e-03
5.920000000000000000e+02 1.656493999999999892e-03
5.980000000000000000e+02 1.713134999999999962e-03
6.040000000000000000e+02 1.682129000000000089e-03
6.100000000000000000e+02 1.683105999999999968e-03
6.160000000000000000e+02 1.710694000000000017e-03
6.220000000000000000e+02 1.694336000000000063e-03
6.270000000000000000e+02 1.671874999999999967e-03
6.330000000000000000e+02 1.679443999999999989e-03
6.390000000000000000e+02 1.648437999999999900e-03
6.450000000000000000e+02 1.687256000000000042e-03
6.510000000000000000e+02 1.689453000000000048e-03
6.560000000000000000e+02 1.660645000000000090e-03
6.620000000000000000e+02 1.708251999999999948e-03
6.680000000000000000e+02 1.648925999999999994e-03
6.740000000000000000e+02 1.677979000000000016e-03
6.800000000000000000e+02 1.693115000000000028e-03
6.850000000000000000e+02 1.682373000000000028e-03
6.910000000000000000e+02 1.676270000000000104e-03
6.970000000000000000e+02 1.673828000000000035e-03
7.030000000000000000e+02 1.668945999999999928e-03
7.090000000000000000e+02 1.654541000000000041e-03
7.150000000000000000e+02 1.682373000000000028e-03
7.200000000000000000e+02 1.665039000000000102e-03
7.260000000000000000e+02 1.684081999999999940e-03
7.320000000000000000e+02 1.677246000000000075e-03
7.380000000000000000e+02 1.700439999999999894e-03
7.440000000000000000e+02 1.674804999999999914e-03
7.490000000000000000e+02 1.653320999999999914e-03
7.550000000000000000e+02 1.680663999999999899e-03
7.610000000000000000e+02 1.672852000000000063e-03
7.670000000000000000e+02 1.679932000000000083e-03
7.730000000000000000e+02 1.671142999999999934e-03
7.780000000000000000e+02 1.689208999999999893e-03
7.840000000000000000e+02 1.737304999999999969e-03
7.900000000000000000e+02 1.739501999999999975e-03
7.960000000000000000e+02 1.689942000000000050e-03
8.020000000000000000e+02 1.719482999999999949e-03
8.080000000000000000e+02 1.721923999999999894e-03
8.130000000000000000e+02 1.678466999999999893e-03
8.190000000000000000e+02 1.681152999999999901e-03
8.250000000000000000e+02 1.706299000000000097e-03
8.310000000000000000e+02 1.658935999999999961e-03
8.370000000000000000e+02 1.710205000000000015e-03
8.420000000000000000e+02 1.707275999999999976e-03
8.480000000000000000e+02 1.697998000000000042e-03
8.540000000000000000e+02 1.790771999999999937e-03
8.600000000000000000e+02 1.662110000000000063e-03
8.660000000000000000e+02 1.689697999999999894e-03
8.710000000000000000e+02 1.753662999999999923e-03
8.770000000000000000e+02 1.697022000000000070e-03
8.830000000000000000e+02 1.701171999999999927e-03
8.890000000000000000e+02 1.687256000000000042e-03
8.950000000000000000e+02 1.672852000000000063e-03
9.010000000000000000e+02 1.685546999999999913e-03
9.060000000000000000e+02 1.679443999999999989e-03
9.120000000000000000e+02 1.691407000000000023e-03
9.180000000000000000e+02 1.703857999999999935e-03
9.240000000000000000e+02 1.690674000000000083e-03
9.300000000000000000e+02 1.669677999999999961e-03
9.350000000000000000e+02 1.696044999999999974e-03
9.410000000000000000e+02 1.671874999999999967e-03
9.470000000000000000e+02 1.696533999999999976e-03
9.530000000000000000e+02 1.718261999999999914e-03
9.590000000000000000e+02 1.691650999999999962e-03
9.650000000000000000e+02 1.703370000000000058e-03
9.700000000000000000e+02 1.700195999999999956e-03
9.760000000000000000e+02 1.695312999999999942e-03
9.820000000000000000e+02 1.750000000000000036e-03
9.880000000000000000e+02 1.680908000000000055e-03
9.940000000000000000e+02 1.664062999999999914e-03
9.990000000000000000e+02 1.667969000000000049e-03
1.005000000000000000e+03 1.651612000000000002e-03
1.011000000000000000e+03 1.673096000000000002e-03
1.017000000000000000e+03 1.679443999999999989e-03
1.023000000000000000e+03 1.653320999999999914e-03
1.028000000000000000e+03 1.667237000000000016e-03
1.034000000000000000e+03 1.666748000000000014e-03
1.040000000000000000e+03 1.680176000000000022e-03
1.046000000000000000e+03 1.751221000000000071e-03
1.052000000000000000e+03 1.695557000000000097e-03
1.058000000000000000e+03 1.674073000000000097e-03
1.063000000000000000e+03 1.717774000000000037e-03
1.069000000000000000e+03 1.662354000000000002e-03
1.075000000000000000e+03 1.694825000000000064e-03
1.081000000000000000e+03 1.683594000000000063e-03
1.087000000000000000e+03 1.672852000000000063e-03
1.092000000000000000e+03 1.688721000000000015e-03
1.098000000000000000e+03 1.688721000000000015e-03
1.104000000000000000e+03 1.668945999999999928e-03
1.110000000000000000e+03 1.701416000000000083e-03
1.116000000000000000e+03 1.698974999999999921e-03
1.121000000000000000e+03 1.669434000000000022e-03
1.127000000000000000e+03 1.685059000000000036e-03
1.133000000000000000e+03 1.706054999999999941e-03
1.139000000000000000e+03 1.699463000000000015e-03
1.145000000000000000e+03 1.665283000000000041e-03
1.151000000000000000e+03 1.710205000000000015e-03
1.156000000000000000e+03 1.694336000000000063e-03
1.162000000000000000e+03 1.682860999999999906e-03
1.168000000000000000e+03 1.752442000000000106e-03
1.174000000000000000e+03 1.803710999999999943e-03
1.180000000000000000e+03 1.678711000000000049e-03
1.185000000000000000e+03 1.694091999999999907e-03
1.191000000000000000e+03 1.751953000000000104e-03
1.197000000000000000e+03 1.688232999999999921e-03
1.203000000000000000e+03 1.676757999999999981e-03
1.209000000000000000e+03 1.714599999999999935e-03
1.214000000000000000e+03 1.680663999999999899e-03
1.220000000000000000e+03 1.696533999999999976e-03
1.226000000000000000e+03 1.740479000000000071e-03
1.232000000000000000e+03 1.727538999999999941e-03
1.238000000000000000e+03 1.811034999999999902e-03
1.244000000000000000e+03 1.778564999999999964e-03
1.249000000000000000e+03 1.814941999999999944e-03
1.255000000000000000e+03 1.842286000000000054e-03
1.261000000000000000e+03 1.808593999999999957e-03
1.267000000000000000e+03 1.747314999999999936e-03
1.273000000000000000e+03 1.747314999999999936e-03
1.278000000000000000e+03 1.750732999999999977e-03
1.284000000000000000e+03 1.744628999999999928e-03
1.290000000000000000e+03 1.856201999999999939e-03
1.296000000000000000e+03 1.898682000000000061e-03
1.302000000000000000e+03 1.919190000000000089e-03
1.308000000000000000e+03 1.872315000000000047e-03
1.313000000000000000e+03 1.810547000000000024e-03
1.319000000000000000e+03 1.914551000000000013e-03
1.325000000000000000e+03 1.884765999999999959e-03
1.331000000000000000e+03 2.000977000000000137e-03
1.337000000000000000e+03 1.926025999999999953e-03
1.342000000000000000e+03 1.916259999999999925e-03
1.348000000000000000e+03 2.017577999999999906e-03
1.354000000000000000e+03 2.010741999999999825e-03
1.360000000000000000e+03 2.012206999999999798e-03
1.366000000000000000e+03 2.073975000000000037e-03
1.371000000000000000e+03 1.998047000000000191e-03
1.377000000000000000e+03 1.929687999999999933e-03
1.383000000000000000e+03 2.089112000000000174e-03
1.389000000000000000e+03 2.103760000000000092e-03
1.395000000000000000e+03 2.032715000000000043e-03
1.401000000000000000e+03 2.154785000000000207e-03
1.406000000000000000e+03 2.042237000000000132e-03
1.412000000000000000e+03 2.022705999999999983e-03
1.418000000000000000e+03 2.117676000000000194e-03
1.424000000000000000e+03 2.117920000000000132e-03
1.430000000000000000e+03 2.304200000000000172e-03
1.435000000000000000e+03 2.201415999999999876e-03
1.441000000000000000e+03 2.245850000000000190e-03
1.447000000000000000e+03 2.384522000000000030e-03
1.453000000000000000e+03 2.273925999999999899e-03
1.459000000000000000e+03 2.288819000000000096e-03
1.464000000000000000e+03 2.313964999999999859e-03
1.470000000000000000e+03 2.153809000000000019e-03
1.476000000000000000e+03 2.376464999999999914e-03
1.482000000000000000e+03 2.389160999999999889e-03
1.488000000000000000e+03 2.397704999999999975e-03
1.494000000000000000e+03 2.470948000000000155e-03
1.499000000000000000e+03 2.319825000000000186e-03
1.505000000000000000e+03 2.352540000000000187e-03
1.511000000000000000e+03 2.316650999999999867e-03
1.517000000000000000e+03 2.187988999999999993e-03
1.523000000000000000e+03 2.299073000000000002e-03
1.528000000000000000e+03 2.405029999999999842e-03
1.534000000000000000e+03 2.370849999999999867e-03
1.540000000000000000e+03 2.495116999999999821e-03
1.546000000000000000e+03 2.413819000000000208e-03
1.552000000000000000e+03 2.521484999999999959e-03
1.557000000000000000e+03 2.700196000000000193e-03
1.563000000000000000e+03 2.540527999999999797e-03
1.569000000000000000e+03 2.627686000000000171e-03
1.575000000000000000e+03 2.645751999999999913e-03
1.581000000000000000e+03 2.519288000000000170e-03
1.587000000000000000e+03 2.458007999999999808e-03
1.592000000000000000e+03 2.440186000000000004e-03
1.598000000000000000e+03 2.477051000000000079e-03
1.604000000000000000e+03 2.584716999999999831e-03
1.610000000000000000e+03 2.610107999999999873e-03
1.616000000000000000e+03 2.593261999999999824e-03
1.621000000000000000e+03 2.648437999999999921e-03
1.627000000000000000e+03 2.561523999999999919e-03
1.633000000000000000e+03 2.564697999999999804e-03
1.639000000000000000e+03 2.629151000000000144e-03
1.645000000000000000e+03 2.542725000000000020e-03
1.650000000000000000e+03 2.570801000000000162e-03
1.656000000000000000e+03 2.528077000000000102e-03
1.662000000000000000e+03 2.391845999999999989e-03
1.668000000000000000e+03 2.545411000000000028e-03
1.674000000000000000e+03 2.536621000000000188e-03
1.680000000000000000e+03 2.541016000000000108e-03
1.685000000000000000e+03 2.632812999999999907e-03
1.691000000000000000e+03 2.646729000000000009e-03
1.697000000000000000e+03 2.775390999999999882e-03
1.703000000000000000e+03 2.717040999999999901e-03
1.709000000000000000e+03 2.630615000000000210e-03
1.714000000000000000e+03 2.608886999999999838e-03
1.720000000000000000e+03 2.743164000000000192e-03
1.726000000000000000e+03 2.694825000000000085e-03
1.732000000000000000e+03 2.762695999999999815e-03
1.738000000000000000e+03 2.791259999999999835e-03
1.744000000000000000e+03 2.753662999999999944e-03
1.749000000000000000e+03 2.857422000000000087e-03
1.755000000000000000e+03 2.817383000000000127e-03
1.761000000000000000e+03 2.894532000000000008e-03
1.767000000000000000e+03 2.902588000000000217e-03
1.773000000000000000e+03 2.798339999999999855e-03
1.778000000000000000e+03 2.875489000000000170e-03
1.784000000000000000e+03 2.918945999999999954e-03
1.790000000000000000e+03 2.829102000000000006e-03
1.796000000000000000e+03 2.804931999999999998e-03
1.802000000000000000e+03 2.765870000000000134e-03
1.807000000000000000e+03 2.708985000000000126e-03
1.813000000000000000e+03 2.827880999999999971e-03
1.819000000000000000e+03 2.761475000000000214e-03
1.825000000000000000e+03 2.803954999999999902e-03
1.831000000000000000e+03 2.920898999999999805e-03
1.837000000000000000e+03 2.869873000000000215e-03
1.842000000000000000e+03 2.822509999999999863e-03
1.848000000000000000e+03 3.012208000000000160e-03
1.854000000000000000e+03 2.954589999999999994e-03
1.860000000000000000e+03 3.094482999999999869e-03
1.866000000000000000e+03 3.170411000000000149e-03
1.871000000000000000e+03 3.104737000000000208e-03
1.877000000000000000e+03 2.979981000000000036e-03
1.883000000000000000e+03 2.989259000000000187e-03
1.889000000000000000e+03 2.930909000000000205e-03
1.895000000000000000e+03 3.047607999999999828e-03
1.900000000000000000e+03 3.044433999999999942e-03
1.906000000000000000e+03 3.045898999999999916e-03
1.912000000000000000e+03 3.016113999999999861e-03
1.918000000000000000e+03 2.909667999999999803e-03
1.924000000000000000e+03 3.027833000000000174e-03
1.930000000000000000e+03 3.056885999999999978e-03
1.935000000000000000e+03 3.037597999999999861e-03
1.941000000000000000e+03 3.162597999999999972e-03
1.947000000000000000e+03 3.042481000000000092e-03
1.953000000000000000e+03 3.065918999999999849e-03
1.959000000000000000e+03 3.101562999999999889e-03
1.964000000000000000e+03 3.122559000000000012e-03
1.970000000000000000e+03 3.119873999999999911e-03
1.976000000000000000e+03 3.304200000000000192e-03
1.982000000000000000e+03 3.357666999999999943e-03
1.988000000000000000e+03 3.368409000000000160e-03
1.993000000000000000e+03 3.195800999999999850e-03
1.999000000000000000e+03 3.269043000000000122e-03
2.005000000000000000e+03 3.257813000000000028e-03
2.011000000000000000e+03 3.236329000000000029e-03
2.017000000000000000e+03 3.251220999999999885e-03
2.023000000000000000e+03 3.383301000000000017e-03
2.028000000000000000e+03 3.253906999999999893e-03
2.034000000000000000e+03 3.249999999999999851e-03
2.040000000000000000e+03 3.336670999999999821e-03
2.046000000000000000e+03 3.385499000000000147e-03
2.052000000000000000e+03 3.465089000000000190e-03
2.057000000000000000e+03 3.434327000000000039e-03
2.063000000000000000e+03 3.378907000000000004e-03
2.069000000000000000e+03 3.444337000000000006e-03
2.075000000000000000e+03 3.385255000000000208e-03
2.081000000000000000e+03 3.367919999999999942e-03
2.087000000000000000e+03 3.560302999999999905e-03
2.092000000000000000e+03 3.521484999999999980e-03
2.098000000000000000e+03 3.481202000000000081e-03
2.104000000000000000e+03 3.521241000000000041e-03
2.110000000000000000e+03 3.528077000000000123e-03
2.116000000000000000e+03 3.655274000000000023e-03
2.121000000000000000e+03 3.526612000000000149e-03
2.127000000000000000e+03 3.532472000000000042e-03
2.133000000000000000e+03 3.671632000000000194e-03
2.139000000000000000e+03 3.646972999999999968e-03
2.145000000000000000e+03 3.729492999999999957e-03
2.150000000000000000e+03 3.726563000000000011e-03
2.156000000000000000e+03 3.716065000000000167e-03
2.162000000000000000e+03 3.753175000000000087e-03
2.168000000000000000e+03 3.863038000000000062e-03
2.174000000000000000e+03 3.827881999999999899e-03
2.180000000000000000e+03 3.923583999999999926e-03
2.185000000000000000e+03 3.985106999999999886e-03
2.191000000000000000e+03 3.961670999999999943e-03
2.197000000000000000e+03 4.009277999999999800e-03
2.203000000000000000e+03 3.951905000000000348e-03
2.209000000000000000e+03 3.926269999999999934e-03
2.214000000000000000e+03 3.918946000000000408e-03
2.220000000000000000e+03 3.857666000000000046e-03
2.226000000000000000e+03 3.944580999999999955e-03
2.232000000000000000e+03 4.035645000000000031e-03
2.238000000000000000e+03 3.914062999999999744e-03
2.243000000000000000e+03 4.079102000000000249e-03
2.249000000000000000e+03 4.026367999999999787e-03
2.255000000000000000e+03 4.048096999999999633e-03
2.261000000000000000e+03 4.281006999999999868e-03
2.267000000000000000e+03 4.177979000000000068e-03
2.273000000000000000e+03 4.050292999999999949e-03
2.278000000000000000e+03 4.104980999999999734e-03
2.284000000000000000e+03 4.156250000000000222e-03
2.290000000000000000e+03 4.057861999999999754e-03
2.296000000000000000e+03 4.083741000000000107e-03
2.302000000000000000e+03 4.102783999999999945e-03
2.307000000000000000e+03 4.114503000000000257e-03
2.313000000000000000e+03 4.226563000000000021e-03
2.319000000000000000e+03 4.164550999999999843e-03
2.325000000000000000e+03 4.390625000000000430e-03
2.331000000000000000e+03 4.247314999999999771e-03
2.336000000000000000e+03 4.259765999999999900e-03
2.342000000000000000e+03 4.369140999999999997e-03
2.348000000000000000e+03 4.209718000000000314e-03
2.354000000000000000e+03 4.333252000000000111e-03
2.360000000000000000e+03 4.480958000000000163e-03
2.366000000000000000e+03 4.353759999999999922e-03
2.371000000000000000e+03 4.390625000000000430e-03
2.377000000000000000e+03 4.414795000000000004e-03
2.383000000000000000e+03 4.448243000000000162e-03
2.389000000000000000e+03 4.527833000000000205e-03
2.395000000000000000e+03 4.498290999999999748e-03
2.400000000000000000e+03 4.452148000000000390e-03
2.406000000000000000e+03 4.536621999999999703e-03
2.412000000000000000e+03 4.432618000000000148e-03
2.418000000000000000e+03 4.514648999999999919e-03
2.424000000000000000e+03 4.515869999999999954e-03
2.429000000000000000e+03 4.391603000000000000e-03
2.435000000000000000e+03 4.421142999999999774e-03
2.441000000000000000e+03 4.526856000000000109e-03
2.447000000000000000e+03 4.542725000000000062e-03
2.453000000000000000e+03 4.548341000000000016e-03
2.459000000000000000e+03 4.450685000000000231e-03
2.464000000000000000e+03 4.457520000000000406e-03
2.470000000000000000e+03 4.592040999999999831e-03
2.476000000000000000e+03 4.426270000000000378e-03
2.482000000000000000e+03 4.489258000000000311e-03
2.488000000000000000e+03 4.462159000000000264e-03
2.493000000000000000e+03 4.372314999999999882e-03
2.499000000000000000e+03 4.507569000000000332e-03
2.505000000000000000e+03 4.400391000000000025e-03
2.511000000000000000e+03 4.411133999999999715e-03
2.517000000000000000e+03 4.411866000000000398e-03
2.523000000000000000e+03 4.303956000000000275e-03
2.528000000000000000e+03 4.292968999999999778e-03
2.534000000000000000e+03 4.302247000000000363e-03
2.540000000000000000e+03 4.152587999999999592e-03
2.546000000000000000e+03 4.167970000000000008e-03
2.552000000000000000e+03 4.191407000000000292e-03
2.557000000000000000e+03 4.105957999999999830e-03
2.563000000000000000e+03 4.087892000000000088e-03
2.569000000000000000e+03 4.046143000000000309e-03
2.575000000000000000e+03 4.036134000000000249e-03
2.581000000000000000e+03 4.028076999999999699e-03
2.586000000000000000e+03 3.931396999999999670e-03
2.592000000000000000e+03 3.787842000000000032e-03
2.598000000000000000e+03 3.933838999999999739e-03
2.604000000000000000e+03 3.893310999999999994e-03
2.610000000000000000e+03 3.996582999999999733e-03
2.616000000000000000e+03 4.125244999999999607e-03
2.621000000000000000e+03 4.004151000000000064e-03
2.627000000000000000e+03 4.056152999999999842e-03
2.633000000000000000e+03 4.035645000000000031e-03
2.639000000000000000e+03 4.112549000000000066e-03
2.645000000000000000e+03 4.054687999999999869e-03
2.650000000000000000e+03 4.019042999999999921e-03
2.656000000000000000e+03 4.032960000000000364e-03
2.662000000000000000e+03 4.087158999999999931e-03
2.668000000000000000e+03 4.033204000000000303e-03
2.674000000000000000e+03 4.049315999999999853e-03
2.679000000000000000e+03 4.149169999999999768e-03
2.685000000000000000e+03 4.124756000000000256e-03
2.691000000000000000e+03 4.189453999999999574e-03
2.697000000000000000e+03 4.284668000000000157e-03
2.703000000000000000e+03 4.423340999999999905e-03
2.709000000000000000e+03 4.403320999999999971e-03
2.714000000000000000e+03 4.299317000000000416e-03
2.720000000000000000e+03 4.265381000000000380e-03
2.726000000000000000e+03 4.266602999999999889e-03
2.732000000000000000e+03 4.258056999999999988e-03
2.738000000000000000e+03 4.385499000000000168e-03
2.743000000000000000e+03 4.541993000000000245e-03
2.749000000000000000e+03 4.406006999999999979e-03
2.755000000000000000e+03 4.520508999999999812e-03
2.761000000000000000e+03 4.540772000000000211e-03
2.767000000000000000e+03 4.490235000000000407e-03
2.772000000000000000e+03 4.493409000000000292e-03
2.778000000000000000e+03 4.362549999999999761e-03
2.784000000000000000e+03 4.399171000000000331e-03
2.790000000000000000e+03 4.493165000000000353e-03
2.796000000000000000e+03 4.407715000000000417e-03
2.802000000000000000e+03 4.411866000000000398e-03
2.807000000000000000e+03 4.454345999999999653e-03
2.813000000000000000e+03 4.327148999999999752e-03
2.819000000000000000e+03 4.379395000000000336e-03
2.825000000000000000e+03 4.361328999999999727e-03
2.831000000000000000e+03 4.447022000000000128e-03
2.836000000000000000e+03 4.509522000000000183e-03
2.842000000000000000e+03 4.460450000000000352e-03
2.848000000000000000e+03 4.501708999999999572e-03
2.854000000000000000e+03 4.440918000000000296e-03
2.860000000000000000e+03 4.355224999999999895e-03
2.866000000000000000e+03 4.514404999999999980e-03
2.871000000000000000e+03 4.596923999999999629e-03
2.877000000000000000e+03 4.480714000000000224e-03
2.883000000000000000e+03 4.509522000000000183e-03
2.889000000000000000e+03 4.652589000000000377e-03
2.895000000000000000e+03 4.573975000000000089e-03
2.900000000000000000e+03 4.797852000000000020e-03
2.906000000000000000e+03 4.578857999999999887e-03
2.912000000000000000e+03 4.606690000000000090e-03
2.918000000000000000e+03 4.783691999999999979e-03
2.924000000000000000e+03 4.680176000000000301e-03
2.929000000000000000e+03 4.618897000000000280e-03
2.935000000000000000e+03 4.704835000000000093e-03
2.941000000000000000e+03 4.602784000000000389e-03
2.947000000000000000e+03 4.607177999999999968e-03
2.953000000000000000e+03 4.776612000000000392e-03
2.959000000000000000e+03 4.745118000000000426e-03
2.964000000000000000e+03 4.826417000000000380e-03
2.970000000000000000e+03 4.647705999999999713e-03
2.976000000000000000e+03 4.692627000000000430e-03
2.982000000000000000e+03 4.760742999999999572e-03
2.988000000000000000e+03 4.573975000000000089e-03
2.993000000000000000e+03 4.682618000000000370e-03
2.999000000000000000e+03 4.686036000000000194e-03
3.005000000000000000e+03 4.645752999999999862e-03
3.011000000000000000e+03 4.806396999999999579e-03
3.017000000000000000e+03 4.914308000000000044e-03
3.022000000000000000e+03 4.793702000000000379e-03
3.028000000000000000e+03 4.911134000000000159e-03
3.034000000000000000e+03 4.776367999999999586e-03
3.040000000000000000e+03 4.717530000000000161e-03
3.046000000000000000e+03 4.858155000000000286e-03
3.052000000000000000e+03 4.743408999999999646e-03
3.057000000000000000e+03 4.690185999999999834e-03
3.063000000000000000e+03 4.755859999999999775e-03
3.069000000000000000e+03 4.605958000000000274e-03
3.075000000000000000e+03 4.589844000000000042e-03
3.081000000000000000e+03 4.720460000000000107e-03
3.086000000000000000e+03 4.651856000000000220e-03
3.092000000000000000e+03 4.854492999999999656e-03
3.098000000000000000e+03 4.638671999999999934e-03
3.104000000000000000e+03 4.681641000000000274e-03
3.110000000000000000e+03 4.760742999999999572e-03
3.115000000000000000e+03 4.602539999999999583e-03
3.121000000000000000e+03 4.630859999999999664e-03
3.127000000000000000e+03 4.743164999999999708e-03
3.133000000000000000e+03 4.718751000000000195e-03
3.139000000000000000e+03 4.700684999999999586e-03
3.145000000000000000e+03 4.668702000000000268e-03
3.150000000000000000e+03 4.656739000000000017e-03
3.156000000000000000e+03 4.688722000000000202e-03
3.162000000000000000e+03 4.613525999999999738e-03
3.168000000000000000e+03 4.656005999999999860e-03
3.174000000000000000e+03 4.847413000000000069e-03
3.179000000000000000e+03 4.745850000000000242e-03
3.185000000000000000e+03 4.716065000000000187e-03
3.191000000000000000e+03 4.823731000000000373e-03
3.197000000000000000e+03 4.809815000000000271e-03
3.203000000000000000e+03 4.796876000000000265e-03
3.208000000000000000e+03 4.805176999999999886e-03
3.214000000000000000e+03 4.814942000000000007e-03
3.220000000000000000e+03 4.847900999999999946e-03
3.226000000000000000e+03 4.768066999999999965e-03
3.232000000000000000e+03 4.779786000000000278e-03
3.238000000000000000e+03 4.846437000000000314e-03
3.243000000000000000e+03 4.757812999999999626e-03
3.249000000000000000e+03 4.717286000000000222e-03
3.255000000000000000e+03 4.884277999999999710e-03
3.261000000000000000e+03 4.772949999999999762e-03
3.267000000000000000e+03 4.771728999999999728e-03
3.272000000000000000e+03 4.788330999999999837e-03
3.278000000000000000e+03 4.703126000000000181e-03
3.284000000000000000e+03 4.729737000000000351e-03
3.290000000000000000e+03 4.671144000000000338e-03
3.296000000000000000e+03 4.552734999999999595e-03
3.302000000000000000e+03 4.582031999999999772e-03
3.307000000000000000e+03 4.553467000000000278e-03
3.313000000000000000e+03 4.555909000000000347e-03
3.319000000000000000e+03 4.670411000000000180e-03
3.325000000000000000e+03 4.566650999999999697e-03
3.331000000000000000e+03 4.603028000000000328e-03
3.336000000000000000e+03 4.627441999999999840e-03
3.342000000000000000e+03 4.539063000000000299e-03
3.348000000000000000e+03 4.644043999999999950e-03
3.354000000000000000e+03 4.571534000000000361e-03
3.360000000000000000e+03 4.520996999999999690e-03
3.365000000000000000e+03 4.520996999999999690e-03
3.371000000000000000e+03 4.502441999999999729e-03
3.377000000000000000e+03 4.417237000000000073e-03
3.383000000000000000e+03 4.393066999999999632e-03
3.389000000000000000e+03 4.332032000000000417e-03
3.395000000000000000e+03 4.466798000000000123e-03
3.400000000000000000e+03 4.426025999999999572e-03
3.406000000000000000e+03 4.431397000000000114e-03
3.412000000000000000e+03 4.529542000000000117e-03
3.418000000000000000e+03 4.410156999999999619e-03
3.424000000000000000e+03 4.433349999999999964e-03
3.429000000000000000e+03 4.559327000000000171e-03
3.435000000000000000e+03 4.381836000000000064e-03
3.441000000000000000e+03 4.336425999999999996e-03
3.447000000000000000e+03 4.519775999999999655e-03
3.453000000000000000e+03 4.396729000000000262e-03
3.458000000000000000e+03 4.498048000000000150e-03
3.464000000000000000e+03 4.531494999999999967e-03
3.470000000000000000e+03 4.403564999999999910e-03
3.476000000000000000e+03 4.540528000000000272e-03
3.482000000000000000e+03 4.466310000000000245e-03
3.488000000000000000e+03 4.369874000000000154e-03
3.493000000000000000e+03 4.561036000000000083e-03
3.499000000000000000e+03 4.396729000000000262e-03
3.505000000000000000e+03 4.391357999999999720e-03
3.511000000000000000e+03 4.358644000000000060e-03
3.517000000000000000e+03 4.289794999999999893e-03
3.522000000000000000e+03 4.326904999999999814e-03
3.528000000000000000e+03 4.281738999999999684e-03
3.534000000000000000e+03 4.242188000000000035e-03
3.540000000000000000e+03 4.398438000000000174e-03
3.546000000000000000e+03 4.319092000000000070e-03
3.551000000000000000e+03 4.328613999999999726e-03
3.557000000000000000e+03 4.396241000000000385e-03
3.563000000000000000e+03 4.257813000000000049e-03
3.569000000000000000e+03 4.265136999999999574e-03
3.575000000000000000e+03 4.386476000000000264e-03
3.581000000000000000e+03 4.265381000000000380e-03
3.586000000000000000e+03 4.242921000000000192e-03
3.592000000000000000e+03 4.250244999999999718e-03
3.598000000000000000e+03 4.227784000000000056e-03
3.604000000000000000e+03 4.251953999999999630e-03
3.610000000000000000e+03 4.231689999999999757e-03
3.615000000000000000e+03 4.184082999999999899e-03
3.621000000000000000e+03 4.348877999999999598e-03
3.627000000000000000e+03 4.227294999999999837e-03
3.633000000000000000e+03 4.159180999999999642e-03
3.639000000000000000e+03 4.138183999999999613e-03
3.645000000000000000e+03 4.105957999999999830e-03
3.650000000000000000e+03 4.107422999999999803e-03
3.656000000000000000e+03 4.155029999999999661e-03
3.662000000000000000e+03 4.067872000000000154e-03
3.668000000000000000e+03 4.132812999999999938e-03
3.674000000000000000e+03 4.094727999999999736e-03
3.679000000000000000e+03 4.044189999999999591e-03
3.685000000000000000e+03 4.110596000000000215e-03
3.691000000000000000e+03 3.886230999999999974e-03
3.697000000000000000e+03 3.822266999999999852e-03
3.703000000000000000e+03 3.979248999999999807e-03
3.708000000000000000e+03 3.932373999999999765e-03
3.714000000000000000e+03 3.973632999999999853e-03
3.720000000000000000e+03 4.021241000000000052e-03
3.726000000000000000e+03 3.881593000000000022e-03
3.732000000000000000e+03 4.028809000000000383e-03
3.738000000000000000e+03 3.915283999999999778e-03
3.743000000000000000e+03 3.908692000000000069e-03
3.749000000000000000e+03 4.002442000000000152e-03
3.755000000000000000e+03 3.766845999999999910e-03
3.761000000000000000e+03 3.765870000000000155e-03
3.767000000000000000e+03 3.870362000000000021e-03
3.772000000000000000e+03 3.793945999999999864e-03
3.778000000000000000e+03 3.843019000000000036e-03
3.784000000000000000e+03 3.862061999999999874e-03
3.790000000000000000e+03 3.824951999999999953e-03
3.796000000000000000e+03 3.946533999999999806e-03
3.801000000000000000e+03 3.874023999999999784e-03
3.807000000000000000e+03 3.796875999999999810e-03
3.813000000000000000e+03 3.875733000000000129e-03
3.819000000000000000e+03 3.783935999999999897e-03
3.825000000000000000e+03 3.753662999999999965e-03
3.831000000000000000e+03 3.805909000000000115e-03
3.836000000000000000e+03 3.753418000000000119e-03
3.842000000000000000e+03 3.715820999999999794e-03
3.848000000000000000e+03 3.733643000000000031e-03
3.854000000000000000e+03 3.620361999999999799e-03
3.860000000000000000e+03 3.752929999999999808e-03
3.865000000000000000e+03 3.703857999999999977e-03
3.871000000000000000e+03 3.557617999999999805e-03
3.877000000000000000e+03 3.716065000000000167e-03
3.883000000000000000e+03 3.647950000000000064e-03
3.889000000000000000e+03 3.649658999999999976e-03
3.894000000000000000e+03 3.650390999999999792e-03
3.900000000000000000e+03 3.637696000000000159e-03
3.906000000000000000e+03 3.566895000000000048e-03
3.912000000000000000e+03 3.609132000000000139e-03
3.918000000000000000e+03 3.616943999999999975e-03
3.924000000000000000e+03 3.641357999999999921e-03
3.929000000000000000e+03 3.556885000000000081e-03
3.935000000000000000e+03 3.456055999999999885e-03
3.941000000000000000e+03 3.538331000000000028e-03
3.947000000000000000e+03 3.506347999999999843e-03
3.953000000000000000e+03 3.481933999999999897e-03
3.958000000000000000e+03 3.586914999999999982e-03
3.964000000000000000e+03 3.513183999999999925e-03
3.970000000000000000e+03 3.469483000000000202e-03
3.976000000000000000e+03 3.577392999999999892e-03
3.982000000000000000e+03 3.458497000000000047e-03
3.987000000000000000e+03 3.589600000000000082e-03
3.993000000000000000e+03 3.433593999999999882e-03
3.999000000000000000e+03 3.315675000000000133e-03
4.005000000000000000e+03 3.436279999999999890e-03
4.011000000000000000e+03 3.299316999999999962e-03
4.017000000000000000e+03 3.247070999999999812e-03
4.022000000000000000e+03 3.392823000000000106e-03
4.028000000000000000e+03 3.349609999999999827e-03
4.034000000000000000e+03 3.347900999999999915e-03
4.040000000000000000e+03 3.404541000000000078e-03
4.046000000000000000e+03 3.279297999999999935e-03
4.051000000000000000e+03 3.348878000000000011e-03
4.057000000000000000e+03 3.322021999999999996e-03
4.063000000000000000e+03 3.177001999999999951e-03
4.069000000000000000e+03 3.214355999999999811e-03
4.075000000000000000e+03 3.195800999999999850e-03
4.081000000000000000e+03 3.210450000000000109e-03
4.086000000000000000e+03 3.207275999999999790e-03
4.092000000000000000e+03 3.118164999999999999e-03
4.098000000000000000e+03 3.080078999999999890e-03
4.104000000000000000e+03 3.192626999999999965e-03
4.110000000000000000e+03 3.087402999999999849e-03
4.115000000000000000e+03 3.172120000000000061e-03
4.121000000000000000e+03 3.150880000000000000e-03
4.127000000000000000e+03 3.105225000000000086e-03
4.133000000000000000e+03 3.037843000000000140e-03
4.139000000000000000e+03 2.958984999999999914e-03
4.144000000000000000e+03 2.928955999999999921e-03
4.150000000000000000e+03 3.062744999999999964e-03
4.156000000000000000e+03 2.942384000000000145e-03
4.162000000000000000e+03 2.979248999999999786e-03
4.168000000000000000e+03 3.115235000000000053e-03
4.174000000000000000e+03 3.052001999999999840e-03
4.179000000000000000e+03 3.013183999999999915e-03
4.185000000000000000e+03 2.861572000000000161e-03
4.191000000000000000e+03 2.836669999999999903e-03
4.197000000000000000e+03 2.799804999999999829e-03
4.203000000000000000e+03 2.703857999999999956e-03
4.208000000000000000e+03 2.816163000000000000e-03
4.214000000000000000e+03 2.843995000000000203e-03
4.220000000000000000e+03 2.739989999999999874e-03
4.226000000000000000e+03 2.693847999999999989e-03
4.232000000000000000e+03 2.758789000000000206e-03
4.237000000000000000e+03 2.598145000000000055e-03
4.243000000000000000e+03 2.770752000000000024e-03
4.249000000000000000e+03 2.699463000000000036e-03
4.255000000000000000e+03 2.695312999999999962e-03
4.261000000000000000e+03 2.716553000000000023e-03
4.267000000000000000e+03 2.638671999999999893e-03
4.272000000000000000e+03 2.610840000000000122e-03
4.278000000000000000e+03 2.677979000000000036e-03
4.284000000000000000e+03 2.621337999999999967e-03
4.290000000000000000e+03 2.557128999999999999e-03
4.296000000000000000e+03 2.568360000000000001e-03
4.301000000000000000e+03 2.668456999999999947e-03
4.307000000000000000e+03 2.664306999999999873e-03
4.313000000000000000e+03 2.519042999999999890e-03
4.319000000000000000e+03 2.530273999999999891e-03
4.325000000000000000e+03 2.612061000000000157e-03
4.330000000000000000e+03 2.491455999999999966e-03
4.336000000000000000e+03 2.481201000000000153e-03
4.342000000000000000e+03 2.609619999999999995e-03
4.348000000000000000e+03 2.569824999999999974e-03
4.354000000000000000e+03 2.622802999999999940e-03
4.360000000000000000e+03 2.589356000000000123e-03
4.365000000000000000e+03 2.524903000000000217e-03
4.371000000000000000e+03 2.610107999999999873e-03
4.377000000000000000e+03 2.572266000000000136e-03
4.383000000000000000e+03 2.513916000000000154e-03
4.389000000000000000e+03 2.557128999999999999e-03
4.394000000000000000e+03 2.388428000000000165e-03
4.400000000000000000e+03 2.339111999999999962e-03
4.406000000000000000e+03 2.399903000000000106e-03
4.412000000000000000e+03 2.325928000000000110e-03
4.418000000000000000e+03 2.317627000000000055e-03
4.424000000000000000e+03 2.442871000000000105e-03
4.429000000000000000e+03 2.445068999999999802e-03
4.435000000000000000e+03 2.391845999999999989e-03
4.441000000000000000e+03 2.388183999999999793e-03
4.447000000000000000e+03 2.322753999999999791e-03
4.453000000000000000e+03 2.362793000000000185e-03
4.458000000000000000e+03 2.209229000000000054e-03
4.464000000000000000e+03 2.188476999999999870e-03
4.470000000000000000e+03 2.299804999999999818e-03
4.476000000000000000e+03 1.992676000000000083e-03
4.482000000000000000e+03 2.036621000000000178e-03
4.487000000000000000e+03 2.088135000000000078e-03
4.493000000000000000e+03 2.103516000000000153e-03
4.499000000000000000e+03 2.202392999999999972e-03
4.505000000000000000e+03 2.186280000000000081e-03
4.511000000000000000e+03 2.100586000000000206e-03
4.517000000000000000e+03 2.187745000000000054e-03
4.522000000000000000e+03 2.097412999999999795e-03
4.528000000000000000e+03 2.094238999999999910e-03
4.534000000000000000e+03 2.146728999999999998e-03
4.540000000000000000e+03 2.083741000000000065e-03
4.546000000000000000e+03 1.952636999999999906e-03
4.551000000000000000e+03 2.118896999999999795e-03
4.557000000000000000e+03 2.152832999999999830e-03
4.563000000000000000e+03 2.141113999999999951e-03
4.569000000000000000e+03 2.110351999999999801e-03
4.575000000000000000e+03 2.118896999999999795e-03
4.580000000000000000e+03 2.106690000000000038e-03
4.586000000000000000e+03 2.045166000000000171e-03
4.592000000000000000e+03 2.000244999999999888e-03
4.598000000000000000e+03 2.028321000000000030e-03
4.604000000000000000e+03 1.909179999999999905e-03
4.610000000000000000e+03 1.991455000000000048e-03
4.615000000000000000e+03 2.025635000000000022e-03
4.621000000000000000e+03 1.870116999999999917e-03
4.627000000000000000e+03 1.938232999999999926e-03
4.633000000000000000e+03 1.926025999999999953e-03
4.639000000000000000e+03 1.815673999999999977e-03
4.644000000000000000e+03 1.918701999999999994e-03
4.650000000000000000e+03 1.842286000000000054e-03
4.656000000000000000e+03 1.845702999999999970e-03
4.662000000000000000e+03 1.990234999999999921e-03
4.668000000000000000e+03 1.781739000000000066e-03
4.673000000000000000e+03 1.715088000000000029e-03
4.679000000000000000e+03 1.833495999999999997e-03
4.685000000000000000e+03 1.801758000000000092e-03
4.691000000000000000e+03 1.802978999999999910e-03
4.697000000000000000e+03 1.837890999999999917e-03
4.703000000000000000e+03 1.769776000000000031e-03
4.708000000000000000e+03 1.790771999999999937e-03
4.714000000000000000e+03 1.773438000000000011e-03
4.720000000000000000e+03 1.707032000000000037e-03
4.726000000000000000e+03 1.769776000000000031e-03
4.732000000000000000e+03 1.783691999999999916e-03
4.737000000000000000e+03 1.691894999999999901e-03
4.743000000000000000e+03 1.877930000000000094e-03
4.749000000000000000e+03 1.681397000000000056e-03
4.755000000000000000e+03 1.789550999999999902e-03
4.761000000000000000e+03 1.825928000000000100e-03
4.767000000000000000e+03 1.780518000000000031e-03
4.772000000000000000e+03 1.789063000000000025e-03
4.778000000000000000e+03 1.738280999999999941e-03
4.784000000000000000e+03 1.683105999999999968e-03
4.790000000000000000e+03 1.883300999999999985e-03
4.796000000000000000e+03 1.790038999999999996e-03
4.801000000000000000e+03 1.657227000000000049e-03
4.807000000000000000e+03 1.811034999999999902e-03
4.813000000000000000e+03 1.726073999999999968e-03
4.819000000000000000e+03 1.665772000000000043e-03
4.825000000000000000e+03 1.747803000000000030e-03
4.830000000000000000e+03 1.698974999999999921e-03
4.836000000000000000e+03 1.739258000000000037e-03
4.842000000000000000e+03 1.724854000000000057e-03
4.848000000000000000e+03 1.686524000000000009e-03
4.854000000000000000e+03 1.760010000000000003e-03
4.860000000000000000e+03 1.698487000000000044e-03
4.865000000000000000e+03 1.677001999999999920e-03
4.871000000000000000e+03 1.745849999999999963e-03
4.877000000000000000e+03 1.753173999999999922e-03
4.883000000000000000e+03 1.756835999999999901e-03
4.889000000000000000e+03 1.721923999999999894e-03
4.894000000000000000e+03 1.684081999999999940e-03
4.900000000000000000e+03 1.754883000000000050e-03
4.906000000000000000e+03 1.710448999999999954e-03
4.912000000000000000e+03 1.686280000000000071e-03
4.918000000000000000e+03 1.730224999999999949e-03
4.923000000000000000e+03 1.693847999999999968e-03
4.929000000000000000e+03 1.691894999999999901e-03
4.935000000000000000e+03 1.699706999999999954e-03
4.941000000000000000e+03 1.707275999999999976e-03
4.947000000000000000e+03 1.701171999999999927e-03
4.953000000000000000e+03 1.716796999999999941e-03
4.958000000000000000e+03 1.687012000000000103e-03
4.964000000000000000e+03 1.694091999999999907e-03
4.970000000000000000e+03 1.684327000000000003e-03
4.976000000000000000e+03 1.685546999999999913e-03
4.982000000000000000e+03 1.728759999999999976e-03
4.987000000000000000e+03 1.705567000000000064e-03
4.993000000000000000e+03 1.663329999999999973e-03
4.999000000000000000e+03 1.701416000000000083e-03
5.005000000000000000e+03 1.679200000000000050e-03
5.011000000000000000e+03 1.699706999999999954e-03
5.016000000000000000e+03 1.720947999999999922e-03
5.022000000000000000e+03 1.698487000000000044e-03
5.028000000000000000e+03 1.689942000000000050e-03
5.034000000000000000e+03 1.670898999999999995e-03
5.040000000000000000e+03 1.658692000000000022e-03
5.046000000000000000e+03 1.690674000000000083e-03
5.051000000000000000e+03 1.677246000000000075e-03
5.057000000000000000e+03 1.668456999999999926e-03
5.063000000000000000e+03 1.659667999999999994e-03
5.069000000000000000e+03 1.680176000000000022e-03
5.075000000000000000e+03 1.689942000000000050e-03
5.080000000000000000e+03 1.711669999999999988e-03
5.086000000000000000e+03 1.654541000000000041e-03
5.092000000000000000e+03 1.689697999999999894e-03
5.098000000000000000e+03 1.663086000000000035e-03
5.104000000000000000e+03 1.669921999999999900e-03
5.110000000000000000e+03 1.665528000000000104e-03
5.115000000000000000e+03 1.678711000000000049e-03
5.121000000000000000e+03 1.684081999999999940e-03
5.127000000000000000e+03 1.669190000000000083e-03
5.133000000000000000e+03 1.675782000000000009e-03
5.139000000000000000e+03 1.680419999999999961e-03
5.144000000000000000e+03 1.675536999999999947e-03
5.150000000000000000e+03 1.664062999999999914e-03
5.156000000000000000e+03 1.663818999999999975e-03
5.162000000000000000e+03 1.678954999999999987e-03
5.168000000000000000e+03 1.663086000000000035e-03
5.173000000000000000e+03 1.665528000000000104e-03
5.179000000000000000e+03 1.657714999999999926e-03
5.185000000000000000e+03 1.690918000000000022e-03
5.191000000000000000e+03 1.649658999999999934e-03
5.197000000000000000e+03 1.661132999999999967e-03
5.203000000000000000e+03 1.651855999999999941e-03
5.208000000000000000e+03 1.672852000000000063e-03
5.214000000000000000e+03 1.656249999999999953e-03
5.220000000000000000e+03 1.653076999999999975e-03
5.226000000000000000e+03 1.677979000000000016e-03
5.232000000000000000e+03 1.671142999999999934e-03
5.237000000000000000e+03 1.663575000000000036e-03
5.243000000000000000e+03 1.661865000000000000e-03
5.249000000000000000e+03 1.663329999999999973e-03
5.255000000000000000e+03 1.655030000000000043e-03
5.261000000000000000e+03 1.698730999999999982e-03
5.266000000000000000e+03 1.683349999999999907e-03
5.272000000000000000e+03 1.662842000000000096e-03
5.278000000000000000e+03 1.650390999999999967e-03
5.284000000000000000e+03 1.655517999999999920e-03
5.290000000000000000e+03 1.673828000000000035e-03
5.296000000000000000e+03 1.665039000000000102e-03
5.301000000000000000e+03 1.673339999999999940e-03
5.307000000000000000e+03 1.681397000000000056e-03
5.313000000000000000e+03 1.677979000000000016e-03
5.319000000000000000e+03 1.666504000000000076e-03
5.325000000000000000e+03 1.673096000000000002e-03
5.330000000000000000e+03 1.665528000000000104e-03
5.336000000000000000e+03 1.647948999999999898e-03
5.342000000000000000e+03 1.668701000000000082e-03
5.348000000000000000e+03 1.652831999999999912e-03
5.354000000000000000e+03 1.647948999999999898e-03
5.359000000000000000e+03 1.677246000000000075e-03
5.365000000000000000e+03 1.645020000000000076e-03
5.371000000000000000e+03 1.691650999999999962e-03
5.377000000000000000e+03 1.670166000000000055e-03
5.383000000000000000e+03 1.663575000000000036e-03
5.389000000000000000e+03 1.682129000000000089e-03
5.394000000000000000e+03 1.659179999999999900e-03
5.400000000000000000e+03 1.646972999999999927e-03
5.406000000000000000e+03 1.643555000000000103e-03
5.412000000000000000e+03 1.680419999999999961e-03
5.418000000000000000e+03 1.641845999999999974e-03
5.423000000000000000e+03 1.665528000000000104e-03
5.429000000000000000e+03 1.664062999999999914e-03
5.435000000000000000e+03 1.672120000000000030e-03
5.441000000000000000e+03 1.674317000000000036e-03
5.447000000000000000e+03 1.666015999999999981e-03
5.452000000000000000e+03 1.666015999999999981e-03
5.458000000000000000e+03 1.678954999999999987e-03
5.464000000000000000e+03 1.686280000000000071e-03
5.470000000000000000e+03 1.697998000000000042e-03
5.476000000000000000e+03 1.666748000000000014e-03
5.482000000000000000e+03 1.667480999999999955e-03
5.487000000000000000e+03 1.676025999999999948e-03
5.493000000000000000e+03 1.660400999999999934e-03
5.499000000000000000e+03 1.673339999999999940e-03
5.505000000000000000e+03 1.654297000000000102e-03
5.511000000000000000e+03 1.700195999999999956e-03
5.516000000000000000e+03 1.680908000000000055e-03
5.522000000000000000e+03 1.657959000000000082e-03
5.528000000000000000e+03 1.714112000000000057e-03
5.534000000000000000e+03 1.670410999999999901e-03
5.540000000000000000e+03 1.707032000000000037e-03
5.546000000000000000e+03 1.655517999999999920e-03
5.551000000000000000e+03 1.669677999999999961e-03
5.557000000000000000e+03 1.664551000000000008e-03
5.563000000000000000e+03 1.679932000000000083e-03
5.569000000000000000e+03 1.660889000000000029e-03
5.575000000000000000e+03 1.684570000000000034e-03
5.580000000000000000e+03 1.676025999999999948e-03
5.586000000000000000e+03 1.673339999999999940e-03
5.592000000000000000e+03 1.697998000000000042e-03
5.598000000000000000e+03 1.664551000000000008e-03
5.604000000000000000e+03 1.683594000000000063e-03
5.609000000000000000e+03 1.666015999999999981e-03
5.615000000000000000e+03 1.664794999999999947e-03
5.621000000000000000e+03 1.666259999999999920e-03
5.627000000000000000e+03 1.689453000000000048e-03
5.633000000000000000e+03 1.645264000000000015e-03
5.639000000000000000e+03 1.687988999999999983e-03
5.644000000000000000e+03 1.654786000000000104e-03
5.650000000000000000e+03 1.663086000000000035e-03
5.656000000000000000e+03 1.650879000000000062e-03
5.662000000000000000e+03 1.662597999999999940e-03
5.668000000000000000e+03 1.657714999999999926e-03
5.673000000000000000e+03 1.673584000000000096e-03
5.679000000000000000e+03 1.651855999999999941e-03
5.685000000000000000e+03 1.648925999999999994e-03
5.691000000000000000e+03 1.655273999999999981e-03
5.697000000000000000e+03 1.659911999999999933e-03
5.702000000000000000e+03 1.683838000000000001e-03
5.708000000000000000e+03 1.669921999999999900e-03
5.714000000000000000e+03 1.666259999999999920e-03
5.720000000000000000e+03 1.636230999999999927e-03
5.726000000000000000e+03 1.672120000000000030e-03
5.732000000000000000e+03 1.677735000000000077e-03
5.737000000000000000e+03 1.686280000000000071e-03
5.743000000000000000e+03 1.652344000000000035e-03
5.749000000000000000e+03 1.681640999999999995e-03
5.755000000000000000e+03 1.678222999999999954e-03
5.761000000000000000e+03 1.667237000000000016e-03
5.766000000000000000e+03 1.645507999999999953e-03
5.772000000000000000e+03 1.686280000000000071e-03
5.778000000000000000e+03 1.681397000000000056e-03
5.784000000000000000e+03 1.672607999999999907e-03
5.790000000000000000e+03 1.638916000000000027e-03
5.795000000000000000e+03 1.680663999999999899e-03
5.801000000000000000e+03 1.631836000000000007e-03
5.807000000000000000e+03 1.634522000000000015e-03
5.813000000000000000e+03 1.687012000000000103e-03
5.819000000000000000e+03 1.706543000000000036e-03
5.825000000000000000e+03 1.657714999999999926e-03
5.830000000000000000e+03 1.657227000000000049e-03
5.836000000000000000e+03 1.676757999999999981e-03
5.842000000000000000e+03 1.658446999999999959e-03
5.848000000000000000e+03 1.661865000000000000e-03
5.854000000000000000e+03 1.670166000000000055e-03
5.859000000000000000e+03 1.670410999999999901e-03
5.865000000000000000e+03 1.651855999999999941e-03
5.871000000000000000e+03 1.652100000000000096e-03
5.877000000000000000e+03 1.680176000000000022e-03
5.883000000000000000e+03 1.674560999999999975e-03
5.888000000000000000e+03 1.660400999999999934e-03
5.894000000000000000e+03 1.681640999999999995e-03
5.900000000000000000e+03 1.668456999999999926e-03
5.906000000000000000e+03 1.641358000000000096e-03
5.912000000000000000e+03 1.650634999999999906e-03
5.918000000000000000e+03 1.652344000000000035e-03
5.923000000000000000e+03 1.645996000000000048e-03
5.929000000000000000e+03 1.658692000000000022e-03
5.935000000000000000e+03 1.658446999999999959e-03
5.941000000000000000e+03 1.632568999999999947e-03
5.947000000000000000e+03 1.642823000000000070e-03
5.952000000000000000e+03 1.651368000000000063e-03
5.958000000000000000e+03 1.667237000000000016e-03
5.964000000000000000e+03 1.660645000000000090e-03
5.970000000000000000e+03 1.674317000000000036e-03
5.976000000000000000e+03 1.672363999999999969e-03
5.982000000000000000e+03 1.681884999999999934e-03
5.987000000000000000e+03 1.665039000000000102e-03
5.993000000000000000e+03 1.680419999999999961e-03
5.999000000000000000e+03 1.658203999999999928e-03
6.000000000000000000e+03 1.648682000000000055e-03
