4.000000000000000000e+00 1.665528000000000104e-03
9.000000000000000000e+00 1.681152999999999901e-03
1.300000000000000000e+01 1.665283000000000041e-03
1.800000000000000000e+01 1.665283000000000041e-03
2.400000000000000000e+01 1.671387000000000090e-03
3.000000000000000000e+01 1.658935999999999961e-03
3.500000000000000000e+01 1.656249999999999953e-03
4.100000000000000000e+01 1.670898999999999995e-03
4.700000000000000000e+01 1.635986999999999988e-03
5.300000000000000000e+01 1.667237000000000016e-03
5.900000000000000000e+01 1.688477000000000077e-03
6.400000000000000000e+01 1.667237000000000016e-03
7.000000000000000000e+01 1.682860999999999906e-03
7.600000000000000000e+01 1.667237000000000016e-03
8.200000000000000000e+01 1.673828000000000035e-03
8.800000000000000000e+01 1.661376999999999906e-03
9.300000000000000000e+01 1.646728999999999988e-03
9.900000000000000000e+01 1.663818999999999975e-03
1.050000000000000000e+02 1.689453000000000048e-03
1.110000000000000000e+02 1.675293000000000008e-03
1.170000000000000000e+02 1.650390999999999967e-03
1.230000000000000000e+02 1.674073000000000097e-03
1.280000000000000000e+02 1.654052999999999947e-03
1.340000000000000000e+02 1.660645000000000090e-03
1.400000000000000000e+02 1.680176000000000022e-03
1.460000000000000000e+02 1.688721000000000015e-03
1.520000000000000000e+02 1.659911999999999933e-03
1.570000000000000000e+02 1.665283000000000041e-03
1.630000000000000000e+02 1.648682000000000055e-03
1.690000000000000000e+02 1.687256000000000042e-03
1.750000000000000000e+02 1.677246000000000075e-03
1.810000000000000000e+02 1.662110000000000063e-03
1.860000000000000000e+02 1.676757999999999981e-03
1.920000000000000000e+02 1.666015999999999981e-03
1.980000000000000000e+02 1.682129000000000089e-03
2.040000000000000000e+02 1.658692000000000022e-03
2.100000000000000000e+02 1.661132999999999967e-03
2.160000000000000000e+02 1.644531999999999982e-03
2.210000000000000000e+02 1.676757999999999981e-03
2.270000000000000000e+02 1.653809000000000008e-03
2.330000000000000000e+02 1.658446999999999959e-03
2.390000000000000000e+02 1.683349999999999907e-03
2.450000000000000000e+02 1.659424000000000055e-03
2.500000000000000000e+02 1.647948999999999898e-03
2.560000000000000000e+02 1.629395000000000062e-03
2.620000000000000000e+02 1.667480999999999955e-03
2.680000000000000000e+02 1.656738999999999955e-03
2.740000000000000000e+02 1.650879000000000062e-03
2.800000000000000000e+02 1.668701000000000082e-03
2.850000000000000000e+02 1.652100000000000096e-03
2.910000000000000000e+02 1.644531999999999982e-03
2.970000000000000000e+02 1.651123000000000000e-03
3.030000000000000000e+02 1.654786000000000104e-03
3.090000000000000000e+02 1.650390999999999967e-03
3.140000000000000000e+02 1.639648999999999968e-03
3.200000000000000000e+02 1.656249999999999953e-03
3.260000000000000000e+02 1.667480999999999955e-03
3.320000000000000000e+02 1.658203999999999928e-03
3.380000000000000000e+02 1.661621000000000061e-03
3.430000000000000000e+02 1.648925999999999994e-03
3.490000000000000000e+02 1.634522000000000015e-03
3.550000000000000000e+02 1.674560999999999975e-03
3.610000000000000000e+02 1.660645000000000090e-03
3.670000000000000000e+02 1.680419999999999961e-03
3.730000000000000000e+02 1.667237000000000016e-03
3.780000000000000000e+02 1.653076999999999975e-03
3.840000000000000000e+02 1.657227000000000049e-03
3.900000000000000000e+02 1.656493999999999892e-03
3.960000000000000000e+02 1.681884999999999934e-03
4.020000000000000000e+02 1.668212999999999988e-03
4.070000000000000000e+02 1.681397000000000056e-03
4.130000000000000000e+02 1.676757999999999981e-03
4.190000000000000000e+02 1.675049000000000069e-03
4.250000000000000000e+02 1.685546999999999913e-03
4.310000000000000000e+02 1.691161999999999960e-03
4.360000000000000000e+02 1.703370000000000058e-03
4.420000000000000000e+02 1.677979000000000016e-03
4.480000000000000000e+02 1.634033999999999921e-03
4.540000000000000000e+02 1.680908000000000055e-03
4.600000000000000000e+02 1.666259999999999920e-03
4.660000000000000000e+02 1.659911999999999933e-03
4.710000000000000000e+02 1.668945999999999928e-03
4.770000000000000000e+02 1.680908000000000055e-03
4.830000000000000000e+02 1.651368000000000063e-03
4.890000000000000000e+02 1.668212999999999988e-03
4.950000000000000000e+02 1.650879000000000062e-03
5.000000000000000000e+02 1.664307000000000069e-03
5.060000000000000000e+02 1.642823000000000070e-03
5.120000000000000000e+02 1.647948999999999898e-03
5.180000000000000000e+02 1.638916000000000027e-03
5.240000000000000000e+02 1.661621000000000061e-03
5.290000000000000000e+02 1.648682000000000055e-03
5.350000000000000000e+02 1.676025999999999948e-03
5.410000000000000000e+02 1.658203999999999928e-03
5.470000000000000000e+02 1.652831999999999912e-03
5.530000000000000000e+02 1.677246000000000075e-03
5.590000000000000000e+02 1.668212999999999988e-03
5.640000000000000000e+02 1.672607999999999907e-03
5.700000000000000000e+02 1.673096000000000002e-03
5.760000000000000000e+02 1.666259999999999920e-03
5.820000000000000000e+02 1.682373000000000028e-03
5.880000000000000000e+02 1.644775999999999920e-03
5.930000000000000000e+02 1.668212999999999988e-03
5.990000000000000000e+02 1.673096000000000002e-03
6.050000000000000000e+02 1.667237000000000016e-03
6.110000000000000000e+02 1.662842000000000096e-03
6.170000000000000000e+02 1.665039000000000102e-03
6.230000000000000000e+02 1.663086000000000035e-03
6.280000000000000000e+02 1.662842000000000096e-03
6.340000000000000000e+02 1.659424000000000055e-03
6.400000000000000000e+02 1.666015999999999981e-03
6.460000000000000000e+02 1.684570000000000034e-03
6.520000000000000000e+02 1.648925999999999994e-03
6.570000000000000000e+02 1.659911999999999933e-03
6.630000000000000000e+02 1.662597999999999940e-03
6.690000000000000000e+02 1.663818999999999975e-03
6.750000000000000000e+02 1.633544999999999919e-03
6.810000000000000000e+02 1.655517999999999920e-03
6.860000000000000000e+02 1.651123000000000000e-03
6.920000000000000000e+02 1.654786000000000104e-03
6.980000000000000000e+02 1.658446999999999959e-03
7.040000000000000000e+02 1.645751999999999892e-03
7.100000000000000000e+02 1.682860999999999906e-03
7.160000000000000000e+02 1.693847999999999968e-03
7.210000000000000000e+02 1.653076999999999975e-03
7.270000000000000000e+02 1.704589999999999968e-03
7.330000000000000000e+02 1.660645000000000090e-03
7.390000000000000000e+02 1.662842000000000096e-03
7.450000000000000000e+02 1.671387000000000090e-03
7.500000000000000000e+02 1.647461000000000021e-03
7.560000000000000000e+02 1.655762000000000076e-03
7.620000000000000000e+02 1.648682000000000055e-03
7.680000000000000000e+02 1.674804999999999914e-03
7.740000000000000000e+02 1.652831999999999912e-03
7.790000000000000000e+02 1.679443999999999989e-03
7.850000000000000000e+02 1.653076999999999975e-03
7.910000000000000000e+02 1.656249999999999953e-03
7.970000000000000000e+02 1.669921999999999900e-03
8.030000000000000000e+02 1.678222999999999954e-03
8.090000000000000000e+02 1.685059000000000036e-03
8.140000000000000000e+02 1.675536999999999947e-03
8.200000000000000000e+02 1.693604000000000030e-03
8.260000000000000000e+02 1.655030000000000043e-03
8.320000000000000000e+02 1.655517999999999920e-03
8.380000000000000000e+02 1.651612000000000002e-03
8.430000000000000000e+02 1.681152999999999901e-03
8.490000000000000000e+02 1.684327000000000003e-03
8.550000000000000000e+02 1.687012000000000103e-03
8.610000000000000000e+02 1.651612000000000002e-03
8.670000000000000000e+02 1.689208999999999893e-03
8.720000000000000000e+02 1.675782000000000009e-03
8.780000000000000000e+02 1.680663999999999899e-03
8.840000000000000000e+02 1.655030000000000043e-03
8.900000000000000000e+02 1.679200000000000050e-03
8.960000000000000000e+02 1.645020000000000076e-03
9.020000000000000000e+02 1.672607999999999907e-03
9.070000000000000000e+02 1.659911999999999933e-03
9.130000000000000000e+02 1.670166000000000055e-03
9.190000000000000000e+02 1.665039000000000102e-03
9.250000000000000000e+02 1.657714999999999926e-03
9.310000000000000000e+02 1.643799000000000041e-03
9.360000000000000000e+02 1.664307000000000069e-03
9.420000000000000000e+02 1.659911999999999933e-03
9.480000000000000000e+02 1.670655000000000057e-03
9.540000000000000000e+02 1.655762000000000076e-03
9.600000000000000000e+02 1.669921999999999900e-03
9.660000000000000000e+02 1.684815000000000097e-03
9.710000000000000000e+02 1.678954999999999987e-03
9.770000000000000000e+02 1.660400999999999934e-03
9.830000000000000000e+02 1.670898999999999995e-03
9.890000000000000000e+02 1.662354000000000002e-03
9.950000000000000000e+02 1.697998000000000042e-03
1.000000000000000000e+03 1.681152999999999901e-03
1.006000000000000000e+03 1.643555000000000103e-03
1.012000000000000000e+03 1.658446999999999959e-03
1.018000000000000000e+03 1.685302999999999975e-03
1.024000000000000000e+03 1.681640999999999995e-03
1.029000000000000000e+03 1.688477000000000077e-03
1.035000000000000000e+03 1.663818999999999975e-03
1.041000000000000000e+03 1.673828000000000035e-03
1.047000000000000000e+03 1.675049000000000069e-03
1.053000000000000000e+03 1.679443999999999989e-03
1.059000000000000000e+03 1.669677999999999961e-03
1.064000000000000000e+03 1.743652999999999956e-03
1.070000000000000000e+03 1.697998000000000042e-03
1.076000000000000000e+03 1.673584000000000096e-03
1.082000000000000000e+03 1.647704999999999960e-03
1.088000000000000000e+03 1.677735000000000077e-03
1.093000000000000000e+03 1.733642999999999990e-03
1.099000000000000000e+03 1.669190000000000083e-03
1.105000000000000000e+03 1.666993000000000077e-03
1.111000000000000000e+03 1.829834000000000018e-03
1.117000000000000000e+03 1.704346000000000029e-03
1.122000000000000000e+03 1.690429999999999927e-03
1.128000000000000000e+03 1.736572999999999936e-03
1.134000000000000000e+03 1.674317000000000036e-03
1.140000000000000000e+03 1.720947999999999922e-03
1.146000000000000000e+03 1.690674000000000083e-03
1.152000000000000000e+03 1.704102000000000091e-03
1.157000000000000000e+03 1.698730999999999982e-03
1.163000000000000000e+03 1.692382999999999995e-03
1.169000000000000000e+03 1.702392999999999962e-03
1.175000000000000000e+03 1.823486999999999938e-03
1.181000000000000000e+03 1.717041000000000097e-03
1.186000000000000000e+03 1.766601999999999929e-03
1.192000000000000000e+03 1.834717000000000032e-03
1.198000000000000000e+03 1.767333999999999962e-03
1.204000000000000000e+03 1.915283000000000046e-03
1.210000000000000000e+03 1.859863999999999918e-03
1.215000000000000000e+03 1.840821000000000080e-03
1.221000000000000000e+03 1.950439999999999899e-03
1.227000000000000000e+03 1.982177999999999805e-03
1.233000000000000000e+03 2.059814999999999997e-03
1.239000000000000000e+03 2.144776000000000148e-03
1.245000000000000000e+03 2.077636999999999800e-03
1.250000000000000000e+03 2.067138999999999956e-03
1.256000000000000000e+03 2.130126999999999889e-03
1.262000000000000000e+03 2.018067000000000125e-03
1.268000000000000000e+03 2.081542999999999935e-03
1.274000000000000000e+03 1.971192000000000083e-03
1.279000000000000000e+03 1.975342000000000157e-03
1.285000000000000000e+03 2.108155000000000012e-03
1.291000000000000000e+03 2.088379000000000017e-03
1.297000000000000000e+03 1.989013999999999886e-03
1.303000000000000000e+03 2.130615000000000200e-03
1.309000000000000000e+03 1.961426000000000055e-03
1.314000000000000000e+03 2.064697999999999794e-03
1.320000000000000000e+03 2.061035000000000124e-03
1.326000000000000000e+03 2.081786999999999874e-03
1.332000000000000000e+03 2.053711000000000165e-03
1.338000000000000000e+03 2.052246000000000192e-03
1.343000000000000000e+03 1.957275999999999981e-03
1.349000000000000000e+03 1.990967000000000171e-03
1.355000000000000000e+03 2.001221000000000076e-03
1.361000000000000000e+03 1.974609999999999907e-03
1.367000000000000000e+03 2.137450999999999848e-03
1.372000000000000000e+03 2.078125000000000111e-03
1.378000000000000000e+03 2.118164999999999978e-03
1.384000000000000000e+03 2.152100000000000107e-03
1.390000000000000000e+03 2.245850000000000190e-03
1.396000000000000000e+03 2.355224999999999853e-03
1.402000000000000000e+03 2.244385000000000217e-03
1.407000000000000000e+03 2.116943999999999944e-03
1.413000000000000000e+03 2.388428000000000165e-03
1.419000000000000000e+03 2.342285999999999847e-03
1.425000000000000000e+03 2.340820999999999874e-03
1.431000000000000000e+03 2.426025999999999964e-03
1.436000000000000000e+03 2.430419999999999976e-03
1.442000000000000000e+03 2.426758000000000214e-03
1.448000000000000000e+03 2.483642999999999788e-03
1.454000000000000000e+03 2.501221000000000087e-03
1.460000000000000000e+03 2.574952000000000144e-03
1.465000000000000000e+03 2.533202999999999930e-03
1.471000000000000000e+03 2.561279999999999980e-03
1.477000000000000000e+03 2.672119000000000143e-03
1.483000000000000000e+03 2.632080000000000183e-03
1.489000000000000000e+03 2.703857999999999956e-03
1.495000000000000000e+03 2.720214999999999786e-03
1.500000000000000000e+03 2.631347999999999934e-03
1.506000000000000000e+03 2.732665999999999915e-03
1.512000000000000000e+03 2.804198999999999841e-03
1.518000000000000000e+03 2.730469000000000125e-03
1.524000000000000000e+03 2.774903000000000005e-03
1.529000000000000000e+03 2.629395000000000083e-03
1.535000000000000000e+03 2.664306999999999873e-03
1.541000000000000000e+03 2.794434000000000154e-03
1.547000000000000000e+03 2.800049000000000201e-03
1.553000000000000000e+03 2.830079000000000101e-03
1.558000000000000000e+03 2.884765999999999980e-03
1.564000000000000000e+03 2.722655999999999948e-03
1.570000000000000000e+03 2.781495000000000148e-03
1.576000000000000000e+03 2.852050999999999979e-03
1.582000000000000000e+03 2.854249000000000109e-03
1.588000000000000000e+03 2.999512000000000185e-03
1.593000000000000000e+03 2.867432000000000054e-03
1.599000000000000000e+03 2.912842000000000122e-03
1.605000000000000000e+03 3.001221000000000097e-03
1.611000000000000000e+03 2.933105999999999994e-03
1.617000000000000000e+03 2.942138999999999865e-03
1.622000000000000000e+03 3.036622000000000106e-03
1.628000000000000000e+03 2.927246000000000101e-03
1.634000000000000000e+03 2.999023999999999874e-03
1.640000000000000000e+03 2.975099000000000146e-03
1.646000000000000000e+03 2.968994999999999881e-03
1.651000000000000000e+03 3.042968999999999969e-03
1.657000000000000000e+03 2.989259000000000187e-03
1.663000000000000000e+03 2.983642999999999799e-03
1.669000000000000000e+03 3.117187999999999903e-03
1.675000000000000000e+03 3.136719000000000052e-03
1.681000000000000000e+03 3.202149000000000054e-03
1.686000000000000000e+03 3.240479000000000102e-03
1.692000000000000000e+03 3.165040000000000041e-03
1.698000000000000000e+03 3.123292000000000169e-03
1.704000000000000000e+03 3.244629000000000176e-03
1.710000000000000000e+03 3.249024000000000096e-03
1.715000000000000000e+03 3.228271999999999912e-03
1.721000000000000000e+03 3.145264000000000046e-03
1.727000000000000000e+03 3.018798999999999962e-03
1.733000000000000000e+03 3.157716000000000082e-03
1.739000000000000000e+03 3.171142999999999965e-03
1.745000000000000000e+03 3.217774000000000068e-03
1.750000000000000000e+03 3.334473000000000124e-03
1.756000000000000000e+03 3.198975000000000169e-03
1.762000000000000000e+03 3.262207999999999948e-03
1.768000000000000000e+03 3.279540999999999967e-03
1.774000000000000000e+03 3.212402999999999960e-03
1.779000000000000000e+03 3.366944000000000187e-03
1.785000000000000000e+03 3.359619999999999794e-03
1.791000000000000000e+03 3.385743000000000086e-03
1.797000000000000000e+03 3.400878999999999881e-03
1.803000000000000000e+03 3.399170999999999877e-03
1.808000000000000000e+03 3.315675000000000133e-03
1.814000000000000000e+03 3.450927999999999808e-03
1.820000000000000000e+03 3.394532000000000018e-03
1.826000000000000000e+03 3.385255000000000208e-03
1.832000000000000000e+03 3.436523999999999829e-03
1.838000000000000000e+03 3.349121999999999950e-03
1.843000000000000000e+03 3.564209000000000040e-03
1.849000000000000000e+03 3.417480999999999991e-03
1.855000000000000000e+03 3.433106000000000005e-03
1.861000000000000000e+03 3.468506000000000106e-03
1.867000000000000000e+03 3.480958000000000142e-03
1.872000000000000000e+03 3.422363999999999788e-03
1.878000000000000000e+03 3.612793999999999901e-03
1.884000000000000000e+03 3.522706000000000014e-03
1.890000000000000000e+03 3.510498999999999824e-03
1.896000000000000000e+03 3.631347999999999954e-03
1.901000000000000000e+03 3.647950000000000064e-03
1.907000000000000000e+03 3.706787999999999923e-03
1.913000000000000000e+03 3.666748999999999963e-03
1.919000000000000000e+03 3.611084000000000082e-03
1.925000000000000000e+03 3.728271999999999923e-03
1.931000000000000000e+03 3.715576999999999856e-03
1.936000000000000000e+03 3.793213000000000140e-03
1.942000000000000000e+03 3.895752000000000156e-03
1.948000000000000000e+03 3.751466000000000175e-03
1.954000000000000000e+03 3.832275999999999912e-03
1.960000000000000000e+03 3.885987000000000035e-03
1.965000000000000000e+03 3.787110000000000216e-03
1.971000000000000000e+03 3.858643000000000142e-03
1.977000000000000000e+03 3.880859999999999865e-03
1.983000000000000000e+03 3.841553000000000155e-03
1.989000000000000000e+03 3.930419999999999574e-03
1.994000000000000000e+03 3.935791000000000116e-03
2.000000000000000000e+03 4.066163000000000242e-03
2.006000000000000000e+03 4.101075000000000033e-03
2.012000000000000000e+03 4.003907000000000126e-03
2.018000000000000000e+03 3.980469999999999842e-03
2.024000000000000000e+03 4.073730999999999706e-03
2.029000000000000000e+03 4.056396999999999781e-03
2.035000000000000000e+03 4.097901000000000148e-03
2.041000000000000000e+03 4.178223000000000006e-03
2.047000000000000000e+03 4.130128000000000271e-03
2.053000000000000000e+03 4.173096999999999744e-03
2.058000000000000000e+03 4.189209000000000162e-03
2.064000000000000000e+03 4.119873999999999932e-03
2.070000000000000000e+03 4.295654999999999786e-03
2.076000000000000000e+03 4.191651000000000231e-03
2.082000000000000000e+03 4.210938000000000007e-03
2.088000000000000000e+03 4.312256000000000422e-03
2.093000000000000000e+03 4.270997000000000335e-03
2.099000000000000000e+03 4.269043000000000143e-03
2.105000000000000000e+03 4.228027999999999995e-03
2.111000000000000000e+03 4.166015999999999816e-03
2.117000000000000000e+03 4.462647000000000141e-03
2.122000000000000000e+03 4.429200000000000324e-03
2.128000000000000000e+03 4.445313000000000216e-03
2.134000000000000000e+03 4.566894999999999635e-03
2.140000000000000000e+03 4.478760000000000033e-03
2.146000000000000000e+03 4.453369999999999898e-03
2.151000000000000000e+03 4.482911000000000014e-03
2.157000000000000000e+03 4.425781999999999633e-03
2.163000000000000000e+03 4.457031999999999661e-03
2.169000000000000000e+03 4.464356000000000053e-03
2.175000000000000000e+03 4.451660999999999986e-03
2.181000000000000000e+03 4.600342999999999793e-03
2.186000000000000000e+03 4.661377999999999876e-03
2.192000000000000000e+03 4.675048999999999698e-03
2.198000000000000000e+03 4.766114000000000114e-03
2.204000000000000000e+03 4.766114000000000114e-03
2.210000000000000000e+03 4.832519999999999871e-03
2.215000000000000000e+03 4.857422999999999602e-03
2.221000000000000000e+03 4.706544000000000005e-03
2.227000000000000000e+03 4.796876000000000265e-03
2.233000000000000000e+03 4.826905000000000258e-03
2.239000000000000000e+03 4.745850000000000242e-03
2.244000000000000000e+03 4.858399000000000224e-03
2.250000000000000000e+03 4.930908999999999813e-03
2.256000000000000000e+03 4.945802000000000011e-03
2.262000000000000000e+03 4.990234999999999983e-03
2.268000000000000000e+03 4.844971000000000000e-03
2.274000000000000000e+03 4.957519999999999982e-03
2.279000000000000000e+03 5.068847999999999930e-03
2.285000000000000000e+03 5.019532000000000160e-03
2.291000000000000000e+03 5.121338999999999926e-03
2.297000000000000000e+03 5.225831000000000226e-03
2.303000000000000000e+03 5.126221000000000250e-03
2.308000000000000000e+03 5.260986999999999955e-03
2.314000000000000000e+03 5.241942999999999776e-03
2.320000000000000000e+03 5.216552999999999642e-03
2.326000000000000000e+03 5.429444000000000284e-03
2.332000000000000000e+03 5.323243000000000072e-03
2.337000000000000000e+03 5.298340999999999815e-03
2.343000000000000000e+03 5.412598999999999709e-03
2.349000000000000000e+03 5.364746999999999572e-03
2.355000000000000000e+03 5.379151000000000418e-03
2.361000000000000000e+03 5.358154999999999862e-03
2.367000000000000000e+03 5.302491000000000322e-03
2.372000000000000000e+03 5.402345000000000237e-03
2.378000000000000000e+03 5.534912999999999812e-03
2.384000000000000000e+03 5.433106000000000047e-03
2.390000000000000000e+03 5.577392999999999934e-03
2.396000000000000000e+03 5.437257000000000028e-03
2.401000000000000000e+03 5.475342999999999703e-03
2.407000000000000000e+03 5.532472000000000084e-03
2.413000000000000000e+03 5.415284000000000243e-03
2.419000000000000000e+03 5.472900999999999634e-03
2.425000000000000000e+03 5.533447999999999839e-03
2.431000000000000000e+03 5.426514999999999811e-03
2.436000000000000000e+03 5.504150999999999662e-03
2.442000000000000000e+03 5.469482999999999810e-03
2.448000000000000000e+03 5.473144999999999573e-03
2.454000000000000000e+03 5.605225999999999612e-03
2.460000000000000000e+03 5.455322999999999770e-03
2.465000000000000000e+03 5.441895000000000412e-03
2.471000000000000000e+03 5.401368000000000141e-03
2.477000000000000000e+03 5.427979000000000311e-03
2.483000000000000000e+03 5.487305999999999954e-03
2.489000000000000000e+03 5.411621000000000140e-03
2.494000000000000000e+03 5.297607999999999658e-03
2.500000000000000000e+03 5.200685000000000030e-03
2.506000000000000000e+03 5.224366000000000253e-03
2.512000000000000000e+03 5.187744999999999683e-03
2.518000000000000000e+03 5.250244999999999738e-03
2.524000000000000000e+03 5.111817000000000270e-03
2.529000000000000000e+03 5.105468999999999632e-03
2.535000000000000000e+03 5.170410999999999757e-03
2.541000000000000000e+03 4.978515999999999671e-03
2.547000000000000000e+03 5.036378000000000209e-03
2.553000000000000000e+03 4.889405000000000313e-03
2.558000000000000000e+03 4.820068999999999743e-03
2.564000000000000000e+03 4.807129000000000263e-03
2.570000000000000000e+03 4.781249999999999910e-03
2.576000000000000000e+03 4.797852000000000020e-03
2.582000000000000000e+03 4.941407000000000091e-03
2.587000000000000000e+03 4.887451999999999595e-03
2.593000000000000000e+03 4.894775999999999988e-03
2.599000000000000000e+03 4.928955999999999962e-03
2.605000000000000000e+03 4.950440000000000396e-03
2.611000000000000000e+03 4.927734999999999928e-03
2.617000000000000000e+03 5.064210000000000413e-03
2.622000000000000000e+03 4.961670999999999963e-03
2.628000000000000000e+03 4.959716999999999772e-03
2.634000000000000000e+03 5.075928000000000384e-03
2.640000000000000000e+03 4.948486999999999678e-03
2.646000000000000000e+03 5.157959000000000155e-03
2.651000000000000000e+03 5.100097999999999958e-03
2.657000000000000000e+03 5.081055000000000120e-03
2.663000000000000000e+03 5.062256000000000221e-03
2.669000000000000000e+03 5.072754999999999972e-03
2.675000000000000000e+03 5.078858000000000331e-03
2.680000000000000000e+03 5.148194000000000034e-03
2.686000000000000000e+03 5.147218000000000279e-03
2.692000000000000000e+03 5.301026000000000349e-03
2.698000000000000000e+03 5.317872000000000397e-03
2.704000000000000000e+03 5.247070999999999853e-03
2.710000000000000000e+03 5.322265999999999976e-03
2.715000000000000000e+03 5.206299000000000170e-03
2.721000000000000000e+03 5.245849999999999819e-03
2.727000000000000000e+03 5.371583000000000087e-03
2.733000000000000000e+03 5.268799999999999699e-03
2.739000000000000000e+03 5.260255000000000139e-03
2.744000000000000000e+03 5.241212000000000301e-03
2.750000000000000000e+03 5.215087999999999668e-03
2.756000000000000000e+03 5.284180999999999774e-03
2.762000000000000000e+03 5.385987000000000066e-03
2.768000000000000000e+03 5.409912999999999701e-03
2.774000000000000000e+03 5.446534000000000271e-03
2.779000000000000000e+03 5.447022000000000148e-03
2.785000000000000000e+03 5.375244999999999850e-03
2.791000000000000000e+03 5.470215999999999967e-03
2.797000000000000000e+03 5.289550999999999975e-03
2.803000000000000000e+03 5.341310000000000155e-03
2.808000000000000000e+03 5.405273999999999843e-03
2.814000000000000000e+03 5.368653000000000140e-03
2.820000000000000000e+03 5.405761999999999720e-03
2.826000000000000000e+03 5.420167000000000040e-03
2.832000000000000000e+03 5.506592000000000257e-03
2.837000000000000000e+03 5.579347000000000126e-03
2.843000000000000000e+03 5.438232999999999782e-03
2.849000000000000000e+03 5.376709999999999823e-03
2.855000000000000000e+03 5.472656000000000222e-03
2.861000000000000000e+03 5.373048000000000060e-03
2.867000000000000000e+03 5.431151999999999855e-03
2.872000000000000000e+03 5.545898999999999968e-03
2.878000000000000000e+03 5.416993000000000155e-03
2.884000000000000000e+03 5.503418999999999846e-03
2.890000000000000000e+03 5.414307999999999621e-03
2.896000000000000000e+03 5.510743000000000238e-03
2.901000000000000000e+03 5.694336999999999836e-03
2.907000000000000000e+03 5.502687000000000030e-03
2.913000000000000000e+03 5.500488999999999899e-03
2.919000000000000000e+03 5.668946000000000228e-03
2.925000000000000000e+03 5.583008999999999888e-03
2.930000000000000000e+03 5.518555999999999982e-03
2.936000000000000000e+03 5.606446000000000172e-03
2.942000000000000000e+03 5.472412999999999757e-03
2.948000000000000000e+03 5.530273999999999954e-03
2.954000000000000000e+03 5.643312000000000155e-03
2.960000000000000000e+03 5.496583000000000198e-03
2.965000000000000000e+03 5.672853000000000270e-03
2.971000000000000000e+03 5.515136999999999817e-03
2.977000000000000000e+03 5.620850999999999625e-03
2.983000000000000000e+03 5.691650999999999828e-03
2.989000000000000000e+03 5.513183999999999967e-03
2.994000000000000000e+03 5.538819000000000381e-03
3.000000000000000000e+03 5.560059000000000008e-03
3.006000000000000000e+03 5.609620000000000058e-03
3.012000000000000000e+03 5.586914999999999590e-03
3.018000000000000000e+03 5.651124000000000425e-03
3.023000000000000000e+03 5.606446000000000172e-03
3.029000000000000000e+03 5.634766000000000254e-03
3.035000000000000000e+03 5.562988999999999955e-03
3.041000000000000000e+03 5.642335000000000059e-03
3.047000000000000000e+03 5.750489000000000121e-03
3.053000000000000000e+03 5.613037999999999882e-03
3.058000000000000000e+03 5.704101999999999957e-03
3.064000000000000000e+03 5.828614000000000191e-03
3.070000000000000000e+03 5.726074999999999741e-03
3.076000000000000000e+03 5.656007000000000222e-03
3.082000000000000000e+03 5.673095999999999868e-03
3.087000000000000000e+03 5.706300000000000087e-03
3.093000000000000000e+03 5.763184999999999662e-03
3.099000000000000000e+03 5.637940000000000139e-03
3.105000000000000000e+03 5.591309000000000036e-03
3.111000000000000000e+03 5.732178999999999573e-03
3.116000000000000000e+03 5.594726999999999860e-03
3.122000000000000000e+03 5.546874999999999722e-03
3.128000000000000000e+03 5.520264999999999894e-03
3.134000000000000000e+03 5.484863999999999885e-03
3.140000000000000000e+03 5.599121999999999780e-03
3.146000000000000000e+03 5.507813000000000292e-03
3.151000000000000000e+03 5.592530000000000071e-03
3.157000000000000000e+03 5.558350000000000096e-03
3.163000000000000000e+03 5.464112000000000136e-03
3.169000000000000000e+03 5.469482999999999810e-03
3.175000000000000000e+03 5.537354000000000408e-03
3.180000000000000000e+03 5.552979000000000422e-03
3.186000000000000000e+03 5.611572999999999908e-03
3.192000000000000000e+03 5.577880999999999811e-03
3.198000000000000000e+03 5.513673000000000185e-03
3.204000000000000000e+03 5.549804999999999669e-03
3.210000000000000000e+03 5.558106000000000158e-03
3.215000000000000000e+03 5.514648999999999940e-03
3.221000000000000000e+03 5.549072999999999853e-03
3.227000000000000000e+03 5.427246999999999627e-03
3.233000000000000000e+03 5.441650999999999606e-03
3.239000000000000000e+03 5.516113999999999913e-03
3.244000000000000000e+03 5.327148999999999773e-03
3.250000000000000000e+03 5.417237000000000094e-03
3.256000000000000000e+03 5.518798999999999580e-03
3.262000000000000000e+03 5.356933999999999828e-03
3.268000000000000000e+03 5.494874000000000286e-03
3.273000000000000000e+03 5.539063000000000320e-03
3.279000000000000000e+03 5.508301000000000169e-03
3.285000000000000000e+03 5.524415000000000402e-03
3.291000000000000000e+03 5.486328999999999859e-03
3.297000000000000000e+03 5.452882000000000041e-03
3.303000000000000000e+03 5.482177999999999878e-03
3.308000000000000000e+03 5.407470999999999632e-03
3.314000000000000000e+03 5.419435000000000224e-03
3.320000000000000000e+03 5.542237000000000205e-03
3.326000000000000000e+03 5.364746999999999572e-03
3.332000000000000000e+03 5.451661000000000007e-03
3.337000000000000000e+03 5.501222000000000056e-03
3.343000000000000000e+03 5.485107999999999824e-03
3.349000000000000000e+03 5.553955999999999650e-03
3.355000000000000000e+03 5.441406999999999668e-03
3.361000000000000000e+03 5.366700000000000290e-03
3.366000000000000000e+03 5.419679000000000163e-03
3.372000000000000000e+03 5.339599999999999902e-03
3.378000000000000000e+03 5.341064999999999875e-03
3.384000000000000000e+03 5.353028000000000126e-03
3.390000000000000000e+03 5.280273999999999732e-03
3.396000000000000000e+03 5.375244999999999850e-03
3.401000000000000000e+03 5.267822999999999603e-03
3.407000000000000000e+03 5.271729000000000172e-03
3.413000000000000000e+03 5.314209000000000294e-03
3.419000000000000000e+03 5.196046000000000172e-03
3.425000000000000000e+03 5.292480999999999922e-03
3.430000000000000000e+03 5.262939999999999806e-03
3.436000000000000000e+03 5.271241000000000294e-03
3.442000000000000000e+03 5.186279999999999710e-03
3.448000000000000000e+03 5.381837000000000426e-03
3.454000000000000000e+03 5.239014999999999644e-03
3.459000000000000000e+03 5.250244999999999738e-03
3.465000000000000000e+03 5.214111999999999914e-03
3.471000000000000000e+03 5.288331000000000282e-03
3.477000000000000000e+03 5.340333000000000059e-03
3.483000000000000000e+03 5.242433000000000336e-03
3.489000000000000000e+03 5.112305000000000148e-03
3.494000000000000000e+03 5.213624000000000036e-03
3.500000000000000000e+03 5.132325000000000081e-03
3.506000000000000000e+03 5.145753000000000306e-03
3.512000000000000000e+03 5.178712000000000246e-03
3.518000000000000000e+03 5.188965999999999718e-03
3.523000000000000000e+03 5.202148999999999662e-03
3.529000000000000000e+03 5.184326999999999859e-03
3.535000000000000000e+03 5.091797999999999810e-03
3.541000000000000000e+03 5.103271999999999843e-03
3.547000000000000000e+03 5.020265000000000317e-03
3.553000000000000000e+03 4.949707999999999712e-03
3.558000000000000000e+03 4.943603999999999880e-03
3.564000000000000000e+03 4.996094000000000403e-03
3.570000000000000000e+03 4.926269999999999954e-03
3.576000000000000000e+03 4.942384000000000187e-03
3.582000000000000000e+03 4.871338999999999704e-03
3.587000000000000000e+03 5.000489000000000323e-03
3.593000000000000000e+03 4.869140999999999574e-03
3.599000000000000000e+03 4.974853999999999908e-03
3.605000000000000000e+03 5.087890999999999768e-03
3.611000000000000000e+03 4.957032000000000105e-03
3.616000000000000000e+03 4.951172000000000212e-03
3.622000000000000000e+03 5.007081000000000032e-03
3.628000000000000000e+03 4.796632000000000326e-03
3.634000000000000000e+03 4.743652999999999585e-03
3.640000000000000000e+03 4.777344999999999682e-03
3.646000000000000000e+03 4.775879000000000235e-03
3.651000000000000000e+03 4.697510999999999701e-03
3.657000000000000000e+03 4.763915999999999984e-03
3.663000000000000000e+03 4.792237000000000406e-03
3.669000000000000000e+03 4.833253000000000028e-03
3.675000000000000000e+03 4.707031999999999883e-03
3.680000000000000000e+03 4.680420999999999714e-03
3.686000000000000000e+03 4.797364000000000142e-03
3.692000000000000000e+03 4.584473999999999841e-03
3.698000000000000000e+03 4.563722000000000091e-03
3.704000000000000000e+03 4.617188000000000368e-03
3.709000000000000000e+03 4.561523999999999961e-03
3.715000000000000000e+03 4.568115000000000196e-03
3.721000000000000000e+03 4.543700999999999816e-03
3.727000000000000000e+03 4.497560000000000273e-03
3.733000000000000000e+03 4.510743000000000218e-03
3.739000000000000000e+03 4.455811999999999967e-03
3.744000000000000000e+03 4.462647000000000141e-03
3.750000000000000000e+03 4.445557000000000154e-03
3.756000000000000000e+03 4.391357999999999720e-03
3.762000000000000000e+03 4.316162999999999597e-03
3.768000000000000000e+03 4.426758000000000255e-03
3.773000000000000000e+03 4.410889999999999776e-03
3.779000000000000000e+03 4.447511000000000346e-03
3.785000000000000000e+03 4.479003999999999971e-03
3.791000000000000000e+03 4.427246999999999606e-03
3.797000000000000000e+03 4.480226000000000347e-03
3.802000000000000000e+03 4.365723000000000173e-03
3.808000000000000000e+03 4.304688000000000091e-03
3.814000000000000000e+03 4.406250999999999918e-03
3.820000000000000000e+03 4.345215999999999835e-03
3.826000000000000000e+03 4.219971999999999786e-03
3.832000000000000000e+03 4.336425999999999996e-03
3.837000000000000000e+03 4.242188000000000035e-03
3.843000000000000000e+03 4.237061999999999773e-03
3.849000000000000000e+03 4.203369999999999676e-03
3.855000000000000000e+03 4.252442000000000374e-03
3.861000000000000000e+03 4.220459000000000190e-03
3.866000000000000000e+03 4.128174000000000080e-03
3.872000000000000000e+03 4.067138999999999997e-03
3.878000000000000000e+03 4.121826999999999783e-03
3.884000000000000000e+03 3.989257999999999867e-03
3.890000000000000000e+03 4.035645000000000031e-03
3.896000000000000000e+03 4.057861999999999754e-03
3.901000000000000000e+03 3.994140999999999664e-03
3.907000000000000000e+03 4.014160999999999598e-03
3.913000000000000000e+03 4.014893999999999755e-03
3.919000000000000000e+03 3.912109999999999893e-03
3.925000000000000000e+03 4.113038000000000284e-03
3.930000000000000000e+03 3.960937999999999785e-03
3.936000000000000000e+03 3.875977000000000068e-03
3.942000000000000000e+03 3.993896999999999725e-03
3.948000000000000000e+03 3.874512000000000095e-03
3.954000000000000000e+03 3.878175000000000198e-03
3.959000000000000000e+03 3.893554999999999933e-03
3.965000000000000000e+03 3.786621999999999905e-03
3.971000000000000000e+03 3.799804999999999849e-03
3.977000000000000000e+03 3.806640999999999931e-03
3.983000000000000000e+03 3.796630999999999964e-03
3.989000000000000000e+03 3.743652999999999998e-03
3.994000000000000000e+03 3.760499000000000046e-03
4.000000000000000000e+03 3.687989000000000024e-03
4.006000000000000000e+03 3.842285999999999879e-03
4.012000000000000000e+03 3.789795999999999790e-03
4.018000000000000000e+03 3.687501000000000147e-03
4.023000000000000000e+03 3.700440000000000153e-03
4.029000000000000000e+03 3.688476999999999902e-03
4.035000000000000000e+03 3.602051000000000211e-03
4.041000000000000000e+03 3.586426000000000197e-03
4.047000000000000000e+03 3.511718999999999952e-03
4.052000000000000000e+03 3.573487000000000191e-03
4.058000000000000000e+03 3.604004000000000062e-03
4.064000000000000000e+03 3.526368000000000211e-03
4.070000000000000000e+03 3.597168999999999887e-03
4.076000000000000000e+03 3.446533999999999796e-03
4.082000000000000000e+03 3.448731000000000019e-03
4.087000000000000000e+03 3.491699999999999925e-03
4.093000000000000000e+03 3.355958000000000031e-03
4.099000000000000000e+03 3.330323000000000051e-03
4.105000000000000000e+03 3.420166999999999999e-03
4.111000000000000000e+03 3.310547000000000056e-03
4.116000000000000000e+03 3.384034000000000174e-03
4.122000000000000000e+03 3.288819000000000117e-03
4.128000000000000000e+03 3.297364000000000111e-03
4.134000000000000000e+03 3.278565000000000212e-03
4.140000000000000000e+03 3.121827000000000196e-03
4.145000000000000000e+03 3.094482999999999869e-03
4.151000000000000000e+03 3.242675999999999892e-03
4.157000000000000000e+03 3.179687999999999959e-03
4.163000000000000000e+03 3.174316999999999851e-03
4.169000000000000000e+03 3.185059000000000067e-03
4.175000000000000000e+03 3.160156999999999810e-03
4.180000000000000000e+03 3.235595999999999871e-03
4.186000000000000000e+03 3.086914999999999971e-03
4.192000000000000000e+03 2.970948000000000165e-03
4.198000000000000000e+03 3.128418999999999905e-03
4.204000000000000000e+03 3.019532000000000119e-03
4.209000000000000000e+03 3.009033999999999841e-03
4.215000000000000000e+03 3.060791000000000206e-03
4.221000000000000000e+03 3.041016000000000118e-03
4.227000000000000000e+03 3.053712000000000093e-03
4.233000000000000000e+03 3.045654999999999977e-03
4.239000000000000000e+03 2.881592000000000094e-03
4.244000000000000000e+03 3.051757999999999901e-03
4.250000000000000000e+03 2.885253999999999857e-03
4.256000000000000000e+03 2.827149000000000155e-03
4.262000000000000000e+03 2.843995000000000203e-03
4.268000000000000000e+03 2.733399000000000072e-03
4.273000000000000000e+03 2.819335999999999978e-03
4.279000000000000000e+03 2.931885999999999867e-03
4.285000000000000000e+03 2.818604000000000161e-03
4.291000000000000000e+03 2.791259999999999835e-03
4.297000000000000000e+03 2.843262000000000046e-03
4.302000000000000000e+03 2.739989999999999874e-03
4.308000000000000000e+03 2.873534999999999978e-03
4.314000000000000000e+03 2.763428000000000065e-03
4.320000000000000000e+03 2.720704000000000004e-03
4.326000000000000000e+03 2.825195999999999871e-03
4.332000000000000000e+03 2.627930000000000110e-03
4.337000000000000000e+03 2.588867999999999812e-03
4.343000000000000000e+03 2.638671999999999893e-03
4.349000000000000000e+03 2.479491999999999807e-03
4.355000000000000000e+03 2.576416000000000209e-03
4.361000000000000000e+03 2.613037999999999819e-03
4.366000000000000000e+03 2.553466999999999803e-03
4.372000000000000000e+03 2.658447999999999888e-03
4.378000000000000000e+03 2.483398999999999850e-03
4.384000000000000000e+03 2.589356000000000123e-03
4.390000000000000000e+03 2.592285000000000162e-03
4.395000000000000000e+03 2.479491999999999807e-03
4.401000000000000000e+03 2.510498999999999804e-03
4.407000000000000000e+03 2.500488999999999837e-03
4.413000000000000000e+03 2.390624999999999955e-03
4.419000000000000000e+03 2.437256000000000058e-03
4.425000000000000000e+03 2.536621000000000188e-03
4.430000000000000000e+03 2.401855999999999956e-03
4.436000000000000000e+03 2.455567000000000080e-03
4.442000000000000000e+03 2.300537000000000068e-03
4.448000000000000000e+03 2.260009999999999797e-03
4.454000000000000000e+03 2.274414000000000210e-03
4.459000000000000000e+03 2.231201999999999838e-03
4.465000000000000000e+03 2.193360000000000101e-03
4.471000000000000000e+03 2.206543000000000046e-03
4.477000000000000000e+03 2.136719000000000031e-03
4.483000000000000000e+03 2.218749999999999802e-03
4.488000000000000000e+03 2.193604000000000040e-03
4.494000000000000000e+03 2.072510000000000064e-03
4.500000000000000000e+03 2.153565000000000080e-03
4.506000000000000000e+03 2.024903000000000206e-03
4.512000000000000000e+03 1.969971000000000048e-03
4.518000000000000000e+03 2.071777999999999814e-03
4.523000000000000000e+03 2.084961000000000193e-03
4.529000000000000000e+03 2.048583999999999995e-03
4.535000000000000000e+03 2.127197999999999849e-03
4.541000000000000000e+03 2.061279999999999970e-03
4.547000000000000000e+03 2.104004000000000030e-03
4.552000000000000000e+03 2.109375000000000139e-03
4.558000000000000000e+03 2.082032000000000153e-03
4.564000000000000000e+03 2.153075999999999861e-03
4.570000000000000000e+03 2.028076000000000184e-03
4.576000000000000000e+03 1.994384999999999995e-03
4.581000000000000000e+03 2.020263999999999914e-03
4.587000000000000000e+03 2.006103999999999873e-03
4.593000000000000000e+03 1.962159000000000212e-03
4.599000000000000000e+03 1.990478999999999860e-03
4.605000000000000000e+03 1.928466999999999898e-03
4.611000000000000000e+03 1.911132999999999972e-03
4.616000000000000000e+03 2.008789999999999881e-03
4.622000000000000000e+03 1.967529999999999887e-03
4.628000000000000000e+03 1.972900999999999995e-03
4.634000000000000000e+03 1.819581000000000020e-03
4.640000000000000000e+03 1.813233000000000032e-03
4.645000000000000000e+03 1.921387000000000095e-03
4.651000000000000000e+03 1.789550999999999902e-03
4.657000000000000000e+03 1.812744000000000031e-03
4.663000000000000000e+03 1.828125000000000106e-03
4.669000000000000000e+03 1.820556999999999991e-03
4.675000000000000000e+03 1.791992000000000064e-03
4.680000000000000000e+03 1.844238999999999904e-03
4.686000000000000000e+03 1.837890999999999917e-03
4.692000000000000000e+03 1.981689999999999927e-03
4.698000000000000000e+03 1.847901000000000101e-03
4.704000000000000000e+03 1.847412000000000099e-03
4.709000000000000000e+03 1.878661999999999910e-03
4.715000000000000000e+03 1.708985000000000105e-03
4.721000000000000000e+03 1.723876999999999961e-03
4.727000000000000000e+03 1.755615000000000083e-03
4.733000000000000000e+03 1.742676000000000077e-03
4.738000000000000000e+03 1.708251999999999948e-03
4.744000000000000000e+03 1.916015999999999986e-03
4.750000000000000000e+03 1.765625000000000050e-03
4.756000000000000000e+03 1.791747999999999908e-03
4.762000000000000000e+03 1.709229000000000043e-03
4.768000000000000000e+03 1.718993999999999947e-03
4.773000000000000000e+03 1.717774000000000037e-03
4.779000000000000000e+03 1.686524000000000009e-03
4.785000000000000000e+03 1.722411999999999988e-03
4.791000000000000000e+03 1.759766000000000065e-03
4.797000000000000000e+03 1.704346000000000029e-03
4.802000000000000000e+03 1.706786999999999974e-03
4.808000000000000000e+03 1.803955000000000098e-03
4.814000000000000000e+03 1.725586000000000090e-03
4.820000000000000000e+03 1.762696000000000011e-03
4.826000000000000000e+03 1.711669999999999988e-03
4.831000000000000000e+03 1.681152999999999901e-03
4.837000000000000000e+03 1.699706999999999954e-03
4.843000000000000000e+03 1.660156000000000088e-03
4.849000000000000000e+03 1.681152999999999901e-03
4.855000000000000000e+03 1.674804999999999914e-03
4.861000000000000000e+03 1.640624999999999939e-03
4.866000000000000000e+03 1.693847999999999968e-03
4.872000000000000000e+03 1.735839999999999996e-03
4.878000000000000000e+03 1.685059000000000036e-03
4.884000000000000000e+03 1.671631000000000028e-03
4.890000000000000000e+03 1.666015999999999981e-03
4.895000000000000000e+03 1.681397000000000056e-03
4.901000000000000000e+03 1.680419999999999961e-03
4.907000000000000000e+03 1.710937999999999955e-03
4.913000000000000000e+03 1.699219000000000077e-03
4.919000000000000000e+03 1.737061000000000030e-03
4.924000000000000000e+03 1.690429999999999927e-03
4.930000000000000000e+03 1.686767999999999948e-03
4.936000000000000000e+03 1.673339999999999940e-03
4.942000000000000000e+03 1.679687999999999928e-03
4.948000000000000000e+03 1.676025999999999948e-03
4.954000000000000000e+03 1.697998000000000042e-03
4.959000000000000000e+03 1.677246000000000075e-03
4.965000000000000000e+03 1.669190000000000083e-03
4.971000000000000000e+03 1.658935999999999961e-03
4.977000000000000000e+03 1.677001999999999920e-03
4.983000000000000000e+03 1.669434000000000022e-03
4.988000000000000000e+03 1.692626999999999934e-03
4.994000000000000000e+03 1.685302999999999975e-03
5.000000000000000000e+03 1.668456999999999926e-03
5.006000000000000000e+03 1.659911999999999933e-03
5.012000000000000000e+03 1.695069000000000003e-03
5.018000000000000000e+03 1.654786000000000104e-03
5.023000000000000000e+03 1.687256000000000042e-03
5.029000000000000000e+03 1.701660000000000022e-03
5.035000000000000000e+03 1.655762000000000076e-03
5.041000000000000000e+03 1.687012000000000103e-03
5.047000000000000000e+03 1.650879000000000062e-03
5.052000000000000000e+03 1.682618000000000091e-03
5.058000000000000000e+03 1.667969000000000049e-03
5.064000000000000000e+03 1.640381000000000001e-03
5.070000000000000000e+03 1.669677999999999961e-03
5.076000000000000000e+03 1.666259999999999920e-03
5.081000000000000000e+03 1.660400999999999934e-03
5.087000000000000000e+03 1.640870000000000002e-03
5.093000000000000000e+03 1.690429999999999927e-03
5.099000000000000000e+03 1.657470999999999988e-03
5.105000000000000000e+03 1.632813000000000103e-03
5.111000000000000000e+03 1.680908000000000055e-03
5.116000000000000000e+03 1.664307000000000069e-03
5.122000000000000000e+03 1.651612000000000002e-03
5.128000000000000000e+03 1.638916000000000027e-03
5.134000000000000000e+03 1.649414000000000088e-03
5.140000000000000000e+03 1.660645000000000090e-03
5.145000000000000000e+03 1.689208999999999893e-03
5.151000000000000000e+03 1.658692000000000022e-03
5.157000000000000000e+03 1.687499999999999981e-03
5.163000000000000000e+03 1.638672000000000089e-03
5.169000000000000000e+03 1.670655000000000057e-03
5.174000000000000000e+03 1.669434000000000022e-03
5.180000000000000000e+03 1.684815000000000097e-03
5.186000000000000000e+03 1.670410999999999901e-03
5.192000000000000000e+03 1.675782000000000009e-03
5.198000000000000000e+03 1.665283000000000041e-03
5.204000000000000000e+03 1.673584000000000096e-03
5.209000000000000000e+03 1.634278000000000076e-03
5.215000000000000000e+03 1.653320999999999914e-03
5.221000000000000000e+03 1.666504000000000076e-03
5.227000000000000000e+03 1.681640999999999995e-03
5.233000000000000000e+03 1.646485000000000049e-03
5.238000000000000000e+03 1.663818999999999975e-03
5.244000000000000000e+03 1.648193999999999961e-03
5.250000000000000000e+03 1.670898999999999995e-03
5.256000000000000000e+03 1.652344000000000035e-03
5.262000000000000000e+03 1.675536999999999947e-03
5.267000000000000000e+03 1.661865000000000000e-03
5.273000000000000000e+03 1.663818999999999975e-03
5.279000000000000000e+03 1.658692000000000022e-03
5.285000000000000000e+03 1.664794999999999947e-03
5.291000000000000000e+03 1.660889000000000029e-03
5.297000000000000000e+03 1.668701000000000082e-03
5.302000000000000000e+03 1.669434000000000022e-03
5.308000000000000000e+03 1.632568999999999947e-03
5.314000000000000000e+03 1.650147000000000029e-03
5.320000000000000000e+03 1.649903000000000090e-03
5.326000000000000000e+03 1.647461000000000021e-03
5.331000000000000000e+03 1.640137000000000062e-03
5.337000000000000000e+03 1.688477000000000077e-03
5.343000000000000000e+03 1.643799000000000041e-03
5.349000000000000000e+03 1.676270000000000104e-03
5.355000000000000000e+03 1.654786000000000104e-03
5.361000000000000000e+03 1.634765999999999954e-03
5.366000000000000000e+03 1.650634999999999906e-03
5.372000000000000000e+03 1.655273999999999981e-03
5.378000000000000000e+03 1.644531999999999982e-03
5.384000000000000000e+03 1.649414000000000088e-03
5.390000000000000000e+03 1.645020000000000076e-03
5.395000000000000000e+03 1.655517999999999920e-03
5.401000000000000000e+03 1.681397000000000056e-03
5.407000000000000000e+03 1.652100000000000096e-03
5.413000000000000000e+03 1.677490999999999921e-03
5.419000000000000000e+03 1.654541000000000041e-03
5.424000000000000000e+03 1.660889000000000029e-03
5.430000000000000000e+03 1.669677999999999961e-03
5.436000000000000000e+03 1.641113999999999941e-03
5.442000000000000000e+03 1.641358000000000096e-03
5.448000000000000000e+03 1.639648999999999968e-03
5.454000000000000000e+03 1.667969000000000049e-03
5.459000000000000000e+03 1.648925999999999994e-03
5.465000000000000000e+03 1.650634999999999906e-03
5.471000000000000000e+03 1.663086000000000035e-03
5.477000000000000000e+03 1.634522000000000015e-03
5.483000000000000000e+03 1.665772000000000043e-03
5.488000000000000000e+03 1.660645000000000090e-03
5.494000000000000000e+03 1.645996000000000048e-03
5.500000000000000000e+03 1.633789000000000075e-03
5.506000000000000000e+03 1.650879000000000062e-03
5.512000000000000000e+03 1.645996000000000048e-03
5.517000000000000000e+03 1.673339999999999940e-03
5.523000000000000000e+03 1.645020000000000076e-03
5.529000000000000000e+03 1.656493999999999892e-03
5.535000000000000000e+03 1.664794999999999947e-03
5.541000000000000000e+03 1.640381000000000001e-03
5.547000000000000000e+03 1.642823000000000070e-03
5.552000000000000000e+03 1.646240999999999894e-03
5.558000000000000000e+03 1.665039000000000102e-03
5.564000000000000000e+03 1.666993000000000077e-03
5.570000000000000000e+03 1.656249999999999953e-03
5.576000000000000000e+03 1.649658999999999934e-03
5.581000000000000000e+03 1.639161000000000090e-03
5.587000000000000000e+03 1.636475000000000082e-03
5.593000000000000000e+03 1.659424000000000055e-03
5.599000000000000000e+03 1.651855999999999941e-03
5.605000000000000000e+03 1.646728999999999988e-03
5.610000000000000000e+03 1.649903000000000090e-03
5.616000000000000000e+03 1.643067000000000008e-03
5.622000000000000000e+03 1.677735000000000077e-03
5.628000000000000000e+03 1.648437999999999900e-03
5.634000000000000000e+03 1.677001999999999920e-03
5.640000000000000000e+03 1.665039000000000102e-03
5.645000000000000000e+03 1.648437999999999900e-03
5.651000000000000000e+03 1.674804999999999914e-03
5.657000000000000000e+03 1.656738999999999955e-03
5.663000000000000000e+03 1.674804999999999914e-03
5.669000000000000000e+03 1.624999999999999925e-03
5.674000000000000000e+03 1.655030000000000043e-03
5.680000000000000000e+03 1.656738999999999955e-03
5.686000000000000000e+03 1.668945999999999928e-03
5.692000000000000000e+03 1.653320999999999914e-03
5.698000000000000000e+03 1.659179999999999900e-03
5.703000000000000000e+03 1.678954999999999987e-03
5.709000000000000000e+03 1.651855999999999941e-03
5.715000000000000000e+03 1.639648999999999968e-03
5.721000000000000000e+03 1.678466999999999893e-03
5.727000000000000000e+03 1.673828000000000035e-03
5.733000000000000000e+03 1.657227000000000049e-03
5.738000000000000000e+03 1.673339999999999940e-03
5.744000000000000000e+03 1.680419999999999961e-03
5.750000000000000000e+03 1.672120000000000030e-03
5.756000000000000000e+03 1.665772000000000043e-03
5.762000000000000000e+03 1.633544999999999919e-03
5.767000000000000000e+03 1.644286999999999919e-03
5.773000000000000000e+03 1.664307000000000069e-03
5.779000000000000000e+03 1.665039000000000102e-03
5.785000000000000000e+03 1.677246000000000075e-03
5.791000000000000000e+03 1.680419999999999961e-03
5.797000000000000000e+03 1.649903000000000090e-03
5.802000000000000000e+03 1.653809000000000008e-03
5.808000000000000000e+03 1.646485000000000049e-03
5.814000000000000000e+03 1.694825000000000064e-03
5.820000000000000000e+03 1.663329999999999973e-03
5.826000000000000000e+03 1.684081999999999940e-03
5.831000000000000000e+03 1.676514000000000042e-03
5.837000000000000000e+03 1.648193999999999961e-03
5.843000000000000000e+03 1.651123000000000000e-03
5.849000000000000000e+03 1.648682000000000055e-03
5.855000000000000000e+03 1.657470999999999988e-03
5.860000000000000000e+03 1.638916000000000027e-03
5.866000000000000000e+03 1.646485000000000049e-03
5.872000000000000000e+03 1.675782000000000009e-03
5.878000000000000000e+03 1.648437999999999900e-03
5.884000000000000000e+03 1.662597999999999940e-03
5.890000000000000000e+03 1.644286999999999919e-03
5.895000000000000000e+03 1.652100000000000096e-03
5.901000000000000000e+03 1.644531999999999982e-03
5.907000000000000000e+03 1.650147000000000029e-03
5.913000000000000000e+03 1.665528000000000104e-03
5.919000000000000000e+03 1.638427999999999933e-03
5.924000000000000000e+03 1.671387000000000090e-03
5.930000000000000000e+03 1.649903000000000090e-03
5.936000000000000000e+03 1.639648999999999968e-03
5.942000000000000000e+03 1.662842000000000096e-03
5.948000000000000000e+03 1.652831999999999912e-03
5.953000000000000000e+03 1.652100000000000096e-03
5.959000000000000000e+03 1.661865000000000000e-03
5.965000000000000000e+03 1.656738999999999955e-03
5.971000000000000000e+03 1.652831999999999912e-03
5.977000000000000000e+03 1.648925999999999994e-03
5.983000000000000000e+03 1.686767999999999948e-03
5.988000000000000000e+03 1.652344000000000035e-03
5.994000000000000000e+03 1.664062999999999914e-03
6.000000000000000000e+03 1.640137000000000062e-03
