4.000000000000000000e+00 6.524659000000000361e-03
9.000000000000000000e+00 6.427979000000000331e-03
1.300000000000000000e+01 6.470459999999999927e-03
1.800000000000000000e+01 6.354493999999999594e-03
2.400000000000000000e+01 6.372804000000000142e-03
2.900000000000000000e+01 6.364502999999999654e-03
3.500000000000000000e+01 6.166749000000000015e-03
4.100000000000000000e+01 6.218506999999999854e-03
4.700000000000000000e+01 6.287354999999999680e-03
5.300000000000000000e+01 6.113770999999999615e-03
5.900000000000000000e+01 6.107422999999999845e-03
6.400000000000000000e+01 6.154297999999999887e-03
7.000000000000000000e+01 6.122072000000000104e-03
7.600000000000000000e+01 6.194337999999999754e-03
8.200000000000000000e+01 6.098390000000000408e-03
8.800000000000000000e+01 6.060791999999999742e-03
9.300000000000000000e+01 6.188721999999999800e-03
9.900000000000000000e+01 5.948975999999999917e-03
1.050000000000000000e+02 5.931396999999999711e-03
1.110000000000000000e+02 6.030274000000000398e-03
1.170000000000000000e+02 5.936280000000000376e-03
1.230000000000000000e+02 5.797608000000000102e-03
1.280000000000000000e+02 5.727051999999999837e-03
1.340000000000000000e+02 5.731934999999999635e-03
1.400000000000000000e+02 5.772949999999999783e-03
1.460000000000000000e+02 5.705322999999999992e-03
1.520000000000000000e+02 5.611818000000000188e-03
1.570000000000000000e+02 5.770996999999999932e-03
1.630000000000000000e+02 5.659179999999999766e-03
1.690000000000000000e+02 5.646240999999999760e-03
1.750000000000000000e+02 5.742920999999999790e-03
1.810000000000000000e+02 5.565918999999999901e-03
1.860000000000000000e+02 5.744385999999999763e-03
1.920000000000000000e+02 5.837646999999999628e-03
1.980000000000000000e+02 5.812989000000000177e-03
2.040000000000000000e+02 5.987550000000000337e-03
2.100000000000000000e+02 5.848876999999999722e-03
2.160000000000000000e+02 5.999024000000000370e-03
2.210000000000000000e+02 6.171387999999999874e-03
2.270000000000000000e+02 6.190674999999999650e-03
2.330000000000000000e+02 6.202881999999999840e-03
2.390000000000000000e+02 6.410401999999999940e-03
2.450000000000000000e+02 6.449464000000000238e-03
2.500000000000000000e+02 6.624513000000000276e-03
2.560000000000000000e+02 6.935791999999999652e-03
2.620000000000000000e+02 6.953370999999999857e-03
2.680000000000000000e+02 7.276857000000000290e-03
2.740000000000000000e+02 7.392090999999999940e-03
2.790000000000000000e+02 7.488527000000000031e-03
2.850000000000000000e+02 7.694336999999999878e-03
2.910000000000000000e+02 7.534670000000000256e-03
2.970000000000000000e+02 7.798097000000000362e-03
3.030000000000000000e+02 8.058107000000000117e-03
3.090000000000000000e+02 8.042969999999999980e-03
3.140000000000000000e+02 8.127442000000000347e-03
3.200000000000000000e+02 8.315675999999999277e-03
3.260000000000000000e+02 8.370851999999999807e-03
3.320000000000000000e+02 8.470949000000000187e-03
3.380000000000000000e+02 8.459229000000000401e-03
3.430000000000000000e+02 8.461671000000000470e-03
3.490000000000000000e+02 8.490235000000000490e-03
3.550000000000000000e+02 8.513916999999999319e-03
3.610000000000000000e+02 8.553467999999999835e-03
3.670000000000000000e+02 8.640626000000000209e-03
3.720000000000000000e+02 8.665772999999999879e-03
3.780000000000000000e+02 8.625001000000000195e-03
3.840000000000000000e+02 8.735352999999999521e-03
3.900000000000000000e+02 8.637452000000000324e-03
3.960000000000000000e+02 8.629150999999999835e-03
4.020000000000000000e+02 8.572022999999999796e-03
4.070000000000000000e+02 8.497071000000000138e-03
4.130000000000000000e+02 8.496583000000000260e-03
4.190000000000000000e+02 8.296631999999999965e-03
4.250000000000000000e+02 8.113039000000000708e-03
4.310000000000000000e+02 8.098878000000000327e-03
4.360000000000000000e+02 7.999024000000000412e-03
4.420000000000000000e+02 7.946045000000000538e-03
4.480000000000000000e+02 7.903810000000000696e-03
4.540000000000000000e+02 7.815432000000000629e-03
4.600000000000000000e+02 7.773926999999999921e-03
4.650000000000000000e+02 7.542237999999999720e-03
4.710000000000000000e+02 7.566652000000000100e-03
4.770000000000000000e+02 7.468751000000000036e-03
4.830000000000000000e+02 7.314209999999999809e-03
4.890000000000000000e+02 7.335694000000000242e-03
4.950000000000000000e+02 7.311523999999999801e-03
5.000000000000000000e+02 7.157715999999999731e-03
5.060000000000000000e+02 7.045655999999999967e-03
5.120000000000000000e+02 7.122070999999999784e-03
5.180000000000000000e+02 7.001710000000000399e-03
5.240000000000000000e+02 7.145020000000000190e-03
5.290000000000000000e+02 7.062500999999999675e-03
5.350000000000000000e+02 7.026367999999999850e-03
5.410000000000000000e+02 7.167238000000000255e-03
5.470000000000000000e+02 7.067139000000000060e-03
5.530000000000000000e+02 7.214355999999999894e-03
5.580000000000000000e+02 7.356935000000000210e-03
5.640000000000000000e+02 7.320557999999999579e-03
5.700000000000000000e+02 7.413575000000000373e-03
5.760000000000000000e+02 7.434816000000000341e-03
5.820000000000000000e+02 7.517334999999999989e-03
5.880000000000000000e+02 7.680909999999999994e-03
5.930000000000000000e+02 7.616211999999999809e-03
5.990000000000000000e+02 7.571778000000000362e-03
6.050000000000000000e+02 7.499757000000000125e-03
6.110000000000000000e+02 7.484865000000000268e-03
6.170000000000000000e+02 7.535889999999999950e-03
6.220000000000000000e+02 7.663574999999999728e-03
6.280000000000000000e+02 7.576417000000000221e-03
6.340000000000000000e+02 7.628906999999999876e-03
6.400000000000000000e+02 7.577150000000000378e-03
6.460000000000000000e+02 7.515626000000000077e-03
6.510000000000000000e+02 7.492188999999999793e-03
6.570000000000000000e+02 7.295900000000000128e-03
6.630000000000000000e+02 7.221924999999999699e-03
6.690000000000000000e+02 7.169435000000000044e-03
6.750000000000000000e+02 7.000489000000000364e-03
6.810000000000000000e+02 6.963867999999999794e-03
6.860000000000000000e+02 7.005372999999999635e-03
6.920000000000000000e+02 6.980713999999999843e-03
6.980000000000000000e+02 6.989747000000000147e-03
7.040000000000000000e+02 7.194825000000000179e-03
7.100000000000000000e+02 7.356447000000000333e-03
7.150000000000000000e+02 7.684083000000000406e-03
7.210000000000000000e+02 7.928467999999999280e-03
7.270000000000000000e+02 8.393311999999999995e-03
7.330000000000000000e+02 9.010255999999999474e-03
7.390000000000000000e+02 9.689210999999999657e-03
7.440000000000000000e+02 1.041773000000000005e-02
7.500000000000000000e+02 1.120849999999999971e-02
7.560000000000000000e+02 1.199243000000000010e-02
7.620000000000000000e+02 1.281005999999999985e-02
7.680000000000000000e+02 1.404029000000000041e-02
7.740000000000000000e+02 1.510059000000000054e-02
7.790000000000000000e+02 1.614331000000000099e-02
7.850000000000000000e+02 1.720556999999999989e-02
7.910000000000000000e+02 1.821851000000000026e-02
7.970000000000000000e+02 1.947095000000000076e-02
8.030000000000000000e+02 2.094800000000000134e-02
8.080000000000000000e+02 2.217627000000000140e-02
8.140000000000000000e+02 2.325879000000000141e-02
8.200000000000000000e+02 2.428028000000000131e-02
8.260000000000000000e+02 2.532910999999999843e-02
8.320000000000000000e+02 2.669703000000000007e-02
8.370000000000000000e+02 2.791284999999999947e-02
8.430000000000000000e+02 2.888647999999999910e-02
8.490000000000000000e+02 2.976586999999999983e-02
8.550000000000000000e+02 3.043604000000000101e-02
8.610000000000000000e+02 3.140699000000000268e-02
8.670000000000000000e+02 3.244215000000000293e-02
8.720000000000000000e+02 3.324317000000000244e-02
8.780000000000000000e+02 3.399243999999999877e-02
8.840000000000000000e+02 3.455078999999999789e-02
8.900000000000000000e+02 3.517383000000000315e-02
8.960000000000000000e+02 3.598706000000000127e-02
9.010000000000000000e+02 3.662524999999999809e-02
9.070000000000000000e+02 3.712329999999999797e-02
9.130000000000000000e+02 3.754687999999999776e-02
9.190000000000000000e+02 3.766064999999999691e-02
9.250000000000000000e+02 3.819262999999999825e-02
9.310000000000000000e+02 3.836060000000000164e-02
9.360000000000000000e+02 3.840919000000000277e-02
9.420000000000000000e+02 3.851635999999999949e-02
9.480000000000000000e+02 3.854590000000000100e-02
9.540000000000000000e+02 3.842162999999999828e-02
9.600000000000000000e+02 3.824781000000000014e-02
9.650000000000000000e+02 3.786060000000000120e-02
9.710000000000000000e+02 3.751928999999999681e-02
9.770000000000000000e+02 3.700123000000000301e-02
9.830000000000000000e+02 3.639209999999999667e-02
9.890000000000000000e+02 3.587329999999999686e-02
9.940000000000000000e+02 3.463721000000000161e-02
1.000000000000000000e+03 3.369898000000000338e-02
1.006000000000000000e+03 3.285450000000000176e-02
1.012000000000000000e+03 3.165137999999999979e-02
1.018000000000000000e+03 3.061327999999999966e-02
1.024000000000000000e+03 2.910180999999999879e-02
1.029000000000000000e+03 2.749829999999999983e-02
1.035000000000000000e+03 2.626049999999999912e-02
1.041000000000000000e+03 2.487866999999999856e-02
1.047000000000000000e+03 2.377612999999999949e-02
1.053000000000000000e+03 2.271996999999999906e-02
1.058000000000000000e+03 2.147167999999999993e-02
1.064000000000000000e+03 2.076806999999999959e-02
1.070000000000000000e+03 2.035156000000000118e-02
1.076000000000000000e+03 1.999657999999999991e-02
1.082000000000000000e+03 1.995948000000000166e-02
1.087000000000000000e+03 2.028028000000000122e-02
1.093000000000000000e+03 2.063061999999999882e-02
1.099000000000000000e+03 2.134766000000000094e-02
1.105000000000000000e+03 2.205199999999999869e-02
1.111000000000000000e+03 2.279029000000000124e-02
1.117000000000000000e+03 2.384864000000000081e-02
1.122000000000000000e+03 2.513061999999999935e-02
1.128000000000000000e+03 2.624707000000000082e-02
1.134000000000000000e+03 2.740551999999999919e-02
1.140000000000000000e+03 2.828564999999999899e-02
1.146000000000000000e+03 2.930688999999999864e-02
1.151000000000000000e+03 3.057421999999999918e-02
1.157000000000000000e+03 3.152930000000000316e-02
1.163000000000000000e+03 3.227369000000000071e-02
1.169000000000000000e+03 3.290064000000000183e-02
1.175000000000000000e+03 3.332178000000000223e-02
1.180000000000000000e+03 3.389770999999999757e-02
1.186000000000000000e+03 3.429542000000000007e-02
1.192000000000000000e+03 3.441480000000000233e-02
1.198000000000000000e+03 3.465503000000000333e-02
1.204000000000000000e+03 3.463818999999999926e-02
1.210000000000000000e+03 3.464698000000000083e-02
1.215000000000000000e+03 3.488770000000000066e-02
1.221000000000000000e+03 3.471508999999999706e-02
1.227000000000000000e+03 3.481714000000000336e-02
1.233000000000000000e+03 3.493311000000000333e-02
1.239000000000000000e+03 3.493384000000000073e-02
1.244000000000000000e+03 3.522436999999999790e-02
1.250000000000000000e+03 3.561034999999999895e-02
1.256000000000000000e+03 3.610254999999999714e-02
1.262000000000000000e+03 3.677662000000000292e-02
1.268000000000000000e+03 3.738624000000000114e-02
1.273000000000000000e+03 3.804420000000000024e-02
1.279000000000000000e+03 3.933935999999999683e-02
1.285000000000000000e+03 4.038892000000000176e-02
1.291000000000000000e+03 4.162133999999999973e-02
1.297000000000000000e+03 4.252734999999999849e-02
1.303000000000000000e+03 4.331519000000000341e-02
1.308000000000000000e+03 4.443798999999999666e-02
1.314000000000000000e+03 4.541089999999999710e-02
1.320000000000000000e+03 4.596266000000000240e-02
1.326000000000000000e+03 4.670142000000000043e-02
1.332000000000000000e+03 4.696387999999999951e-02
1.337000000000000000e+03 4.726074999999999721e-02
1.343000000000000000e+03 4.741920000000000163e-02
1.349000000000000000e+03 4.728468000000000254e-02
1.355000000000000000e+03 4.694508000000000014e-02
1.361000000000000000e+03 4.640235000000000193e-02
1.366000000000000000e+03 4.587232000000000115e-02
1.372000000000000000e+03 4.523292000000000285e-02
1.378000000000000000e+03 4.408374000000000320e-02
1.384000000000000000e+03 4.304029000000000188e-02
1.390000000000000000e+03 4.227637000000000062e-02
1.396000000000000000e+03 4.115552000000000099e-02
1.401000000000000000e+03 4.013305999999999818e-02
1.407000000000000000e+03 3.900097999999999759e-02
1.413000000000000000e+03 3.751807000000000059e-02
1.419000000000000000e+03 3.625219999999999831e-02
1.425000000000000000e+03 3.508130000000000276e-02
1.430000000000000000e+03 3.382299999999999890e-02
1.436000000000000000e+03 3.268676999999999694e-02
1.442000000000000000e+03 3.097656999999999841e-02
1.448000000000000000e+03 2.977344000000000171e-02
1.454000000000000000e+03 2.886425999999999922e-02
1.459000000000000000e+03 2.773047000000000012e-02
1.465000000000000000e+03 2.706665999999999933e-02
1.471000000000000000e+03 2.635766999999999971e-02
1.477000000000000000e+03 2.566749000000000114e-02
1.483000000000000000e+03 2.556788000000000116e-02
1.489000000000000000e+03 2.550660000000000080e-02
1.494000000000000000e+03 2.546143000000000017e-02
1.500000000000000000e+03 2.544750999999999957e-02
1.506000000000000000e+03 2.523096000000000019e-02
1.512000000000000000e+03 2.489136000000000126e-02
1.518000000000000000e+03 2.452905999999999836e-02
1.523000000000000000e+03 2.366479999999999972e-02
1.529000000000000000e+03 2.273413000000000170e-02
1.535000000000000000e+03 2.133472000000000146e-02
1.541000000000000000e+03 1.947754000000000152e-02
1.547000000000000000e+03 1.802563999999999902e-02
1.552000000000000000e+03 1.644605000000000025e-02
1.558000000000000000e+03 1.498731000000000022e-02
1.564000000000000000e+03 1.368824000000000082e-02
1.570000000000000000e+03 1.175292999999999997e-02
1.576000000000000000e+03 1.052783000000000017e-02
1.582000000000000000e+03 9.923097000000000514e-03
1.587000000000000000e+03 9.201417999999999403e-03
1.593000000000000000e+03 8.968507000000000562e-03
1.599000000000000000e+03 9.023438999999999419e-03
1.605000000000000000e+03 9.124757000000000701e-03
1.611000000000000000e+03 9.616945000000000007e-03
1.616000000000000000e+03 1.045605999999999966e-02
1.622000000000000000e+03 1.138793999999999917e-02
1.628000000000000000e+03 1.297827000000000008e-02
1.634000000000000000e+03 1.520556999999999985e-02
1.640000000000000000e+03 1.696680000000000063e-02
1.646000000000000000e+03 1.871387000000000050e-02
1.651000000000000000e+03 1.981640999999999958e-02
1.657000000000000000e+03 2.068530999999999842e-02
1.663000000000000000e+03 2.113672000000000120e-02
1.669000000000000000e+03 2.111572999999999922e-02
1.675000000000000000e+03 2.115722999999999909e-02
1.680000000000000000e+03 2.102636999999999909e-02
1.686000000000000000e+03 2.097608000000000111e-02
1.692000000000000000e+03 2.130396000000000026e-02
1.698000000000000000e+03 2.192871000000000056e-02
1.704000000000000000e+03 2.288207999999999909e-02
1.709000000000000000e+03 2.439356000000000163e-02
1.715000000000000000e+03 2.624365999999999852e-02
1.721000000000000000e+03 2.873316000000000064e-02
1.727000000000000000e+03 3.324805000000000121e-02
1.733000000000000000e+03 3.875391000000000252e-02
1.739000000000000000e+03 4.443678000000000211e-02
1.744000000000000000e+03 5.073658000000000334e-02
1.750000000000000000e+03 5.753857999999999889e-02
1.756000000000000000e+03 6.635646000000000599e-02
1.762000000000000000e+03 7.930420999999999998e-02
1.768000000000000000e+03 8.985353000000000090e-02
1.773000000000000000e+03 9.913674000000000097e-02
1.779000000000000000e+03 1.091753000000000029e-01
1.785000000000000000e+03 1.182422000000000056e-01
1.791000000000000000e+03 1.293445000000000011e-01
1.797000000000000000e+03 1.392256000000000049e-01
1.802000000000000000e+03 1.462624999999999897e-01
1.808000000000000000e+03 1.517392999999999936e-01
1.814000000000000000e+03 1.567029000000000061e-01
1.820000000000000000e+03 1.607477999999999962e-01
1.826000000000000000e+03 1.653913999999999940e-01
1.832000000000000000e+03 1.681887999999999994e-01
1.837000000000000000e+03 1.700171000000000043e-01
1.843000000000000000e+03 1.712085000000000135e-01
1.849000000000000000e+03 1.717519999999999880e-01
1.855000000000000000e+03 1.727531999999999957e-01
1.861000000000000000e+03 1.725191000000000086e-01
1.866000000000000000e+03 1.719361000000000084e-01
1.872000000000000000e+03 1.707502999999999937e-01
1.878000000000000000e+03 1.697250999999999899e-01
1.884000000000000000e+03 1.680923000000000000e-01
1.890000000000000000e+03 1.649817000000000089e-01
1.895000000000000000e+03 1.620649999999999868e-01
1.901000000000000000e+03 1.592680999999999958e-01
1.907000000000000000e+03 1.553068999999999977e-01
1.913000000000000000e+03 1.515588999999999964e-01
1.919000000000000000e+03 1.460683999999999871e-01
1.925000000000000000e+03 1.392998000000000014e-01
1.930000000000000000e+03 1.335204999999999864e-01
1.936000000000000000e+03 1.280281000000000058e-01
1.942000000000000000e+03 1.216953000000000062e-01
1.948000000000000000e+03 1.150353999999999960e-01
1.954000000000000000e+03 1.056781999999999999e-01
1.959000000000000000e+03 9.855933999999999529e-02
1.965000000000000000e+03 9.254616000000000231e-02
1.971000000000000000e+03 8.566406999999999494e-02
1.977000000000000000e+03 7.986232000000000053e-02
1.983000000000000000e+03 7.233180000000000165e-02
1.988000000000000000e+03 6.466822999999999322e-02
1.994000000000000000e+03 5.897365000000000246e-02
2.000000000000000000e+03 5.359792000000000028e-02
2.006000000000000000e+03 4.853346000000000049e-02
2.012000000000000000e+03 4.316822000000000020e-02
2.018000000000000000e+03 3.632520000000000193e-02
2.023000000000000000e+03 3.140136999999999790e-02
2.029000000000000000e+03 2.765064000000000063e-02
2.035000000000000000e+03 2.355323000000000139e-02
2.041000000000000000e+03 2.059887999999999997e-02
2.047000000000000000e+03 1.728199000000000055e-02
2.052000000000000000e+03 1.420898999999999947e-02
2.058000000000000000e+03 1.241430999999999958e-02
2.064000000000000000e+03 1.089697000000000061e-02
2.070000000000000000e+03 9.603273000000000711e-03
2.076000000000000000e+03 8.559571000000000193e-03
2.081000000000000000e+03 7.543702000000000220e-03
2.087000000000000000e+03 6.889893999999999706e-03
2.093000000000000000e+03 6.514161000000000083e-03
2.099000000000000000e+03 6.199707999999999955e-03
2.105000000000000000e+03 6.078369999999999607e-03
2.111000000000000000e+03 6.059326999999999769e-03
2.116000000000000000e+03 5.922852999999999625e-03
2.122000000000000000e+03 5.918213999999999766e-03
2.128000000000000000e+03 5.976562999999999841e-03
2.134000000000000000e+03 5.852539999999999826e-03
2.140000000000000000e+03 5.891602999999999597e-03
2.145000000000000000e+03 5.836670999999999873e-03
2.151000000000000000e+03 5.822754000000000298e-03
2.157000000000000000e+03 5.930177000000000018e-03
2.163000000000000000e+03 5.813966000000000273e-03
2.169000000000000000e+03 5.970216000000000411e-03
2.174000000000000000e+03 6.112794999999999861e-03
2.180000000000000000e+03 5.997803999999999809e-03
2.186000000000000000e+03 6.163331000000000191e-03
2.192000000000000000e+03 6.302003999999999939e-03
2.198000000000000000e+03 6.179200000000000144e-03
2.204000000000000000e+03 6.302491000000000343e-03
2.209000000000000000e+03 6.480470000000000327e-03
2.215000000000000000e+03 6.594728000000000222e-03
2.221000000000000000e+03 6.816163000000000083e-03
2.227000000000000000e+03 6.781251000000000292e-03
2.233000000000000000e+03 6.848878000000000084e-03
2.238000000000000000e+03 7.069581000000000129e-03
2.244000000000000000e+03 7.245851000000000201e-03
2.250000000000000000e+03 7.496095000000000362e-03
2.256000000000000000e+03 7.897463000000000399e-03
2.262000000000000000e+03 8.302247999999999920e-03
2.267000000000000000e+03 9.105471000000000398e-03
2.273000000000000000e+03 1.102881000000000000e-02
2.279000000000000000e+03 1.352906000000000074e-02
2.285000000000000000e+03 1.670850000000000113e-02
2.291000000000000000e+03 2.114477999999999844e-02
2.297000000000000000e+03 2.609277999999999945e-02
2.302000000000000000e+03 3.417237000000000052e-02
2.308000000000000000e+03 4.400123000000000228e-02
2.314000000000000000e+03 5.277442000000000244e-02
2.320000000000000000e+03 6.137622999999999690e-02
2.326000000000000000e+03 6.955005999999999688e-02
2.331000000000000000e+03 7.871828000000000158e-02
2.337000000000000000e+03 9.100099000000000382e-02
2.343000000000000000e+03 1.011863000000000068e-01
2.349000000000000000e+03 1.101773000000000058e-01
2.355000000000000000e+03 1.204469999999999985e-01
2.360000000000000000e+03 1.291419000000000039e-01
2.366000000000000000e+03 1.400681000000000009e-01
2.372000000000000000e+03 1.519545999999999952e-01
2.378000000000000000e+03 1.600422999999999984e-01
2.384000000000000000e+03 1.659788000000000097e-01
2.390000000000000000e+03 1.706718999999999875e-01
2.395000000000000000e+03 1.733813999999999911e-01
2.401000000000000000e+03 1.737632000000000065e-01
2.407000000000000000e+03 1.712190000000000101e-01
2.413000000000000000e+03 1.666275000000000117e-01
2.419000000000000000e+03 1.592393000000000003e-01
2.424000000000000000e+03 1.511145000000000127e-01
2.430000000000000000e+03 1.384014000000000078e-01
2.436000000000000000e+03 1.211930999999999981e-01
2.442000000000000000e+03 1.072011999999999965e-01
2.448000000000000000e+03 9.425978999999999608e-02
2.454000000000000000e+03 8.183302000000000631e-02
2.459000000000000000e+03 6.989038999999999668e-02
2.465000000000000000e+03 5.560694000000000053e-02
2.471000000000000000e+03 4.553833000000000186e-02
2.477000000000000000e+03 3.832470999999999794e-02
2.483000000000000000e+03 3.148412999999999906e-02
2.488000000000000000e+03 2.643676999999999833e-02
2.494000000000000000e+03 2.111280000000000101e-02
2.500000000000000000e+03 1.570020000000000096e-02
2.506000000000000000e+03 1.256958000000000034e-02
2.512000000000000000e+03 1.059522000000000068e-02
2.517000000000000000e+03 8.972413999999999737e-03
2.523000000000000000e+03 7.954347000000000500e-03
2.529000000000000000e+03 7.077148999999999593e-03
2.535000000000000000e+03 6.661867000000000136e-03
2.541000000000000000e+03 6.452882000000000062e-03
2.547000000000000000e+03 6.378174999999999817e-03
2.552000000000000000e+03 6.221924999999999678e-03
2.558000000000000000e+03 6.312990000000000095e-03
2.564000000000000000e+03 6.268067000000000430e-03
2.570000000000000000e+03 6.260499000000000099e-03
2.576000000000000000e+03 6.384278000000000175e-03
2.581000000000000000e+03 6.309328000000000332e-03
2.587000000000000000e+03 6.500732999999999859e-03
2.593000000000000000e+03 6.642335000000000080e-03
2.599000000000000000e+03 6.623292000000000242e-03
2.605000000000000000e+03 6.812257000000000381e-03
2.610000000000000000e+03 6.864748000000000377e-03
2.616000000000000000e+03 6.985596999999999640e-03
2.622000000000000000e+03 7.285645000000000315e-03
2.628000000000000000e+03 7.357910999999999965e-03
2.634000000000000000e+03 7.481691000000000383e-03
2.640000000000000000e+03 7.866700000000000775e-03
2.645000000000000000e+03 7.895265000000000269e-03
2.651000000000000000e+03 8.208741000000000301e-03
2.657000000000000000e+03 8.582520999999999206e-03
2.663000000000000000e+03 8.887452000000000546e-03
2.669000000000000000e+03 9.257081999999999811e-03
2.674000000000000000e+03 9.549561999999999287e-03
2.680000000000000000e+03 9.874513999999999167e-03
2.686000000000000000e+03 1.046094000000000017e-02
2.692000000000000000e+03 1.103394000000000076e-02
2.698000000000000000e+03 1.178197999999999919e-02
2.703000000000000000e+03 1.308130000000000057e-02
2.709000000000000000e+03 1.534107000000000005e-02
2.715000000000000000e+03 2.046411999999999884e-02
2.721000000000000000e+03 3.358912000000000009e-02
2.727000000000000000e+03 5.031909999999999855e-02
2.733000000000000000e+03 6.924415000000000431e-02
2.738000000000000000e+03 9.359156999999999893e-02
2.744000000000000000e+03 1.159646000000000010e-01
2.750000000000000000e+03 1.456957999999999864e-01
2.756000000000000000e+03 1.788949999999999985e-01
2.762000000000000000e+03 2.015838000000000074e-01
2.767000000000000000e+03 2.202056000000000013e-01
2.773000000000000000e+03 2.377817999999999876e-01
2.779000000000000000e+03 2.535450000000000204e-01
2.785000000000000000e+03 2.723089000000000204e-01
2.791000000000000000e+03 2.855499000000000231e-01
2.796000000000000000e+03 2.958834000000000186e-01
2.802000000000000000e+03 3.059698000000000140e-01
2.808000000000000000e+03 3.142949999999999910e-01
2.814000000000000000e+03 3.232849999999999890e-01
2.820000000000000000e+03 3.331474999999999853e-01
2.826000000000000000e+03 3.395862000000000047e-01
2.831000000000000000e+03 3.446416999999999953e-01
2.837000000000000000e+03 3.496692000000000133e-01
2.843000000000000000e+03 3.545955000000000079e-01
2.849000000000000000e+03 3.599622000000000099e-01
2.855000000000000000e+03 3.633069999999999911e-01
2.860000000000000000e+03 3.664746999999999866e-01
2.866000000000000000e+03 3.693074000000000079e-01
2.872000000000000000e+03 3.711579999999999879e-01
2.878000000000000000e+03 3.733198999999999823e-01
2.884000000000000000e+03 3.750574999999999881e-01
2.889000000000000000e+03 3.757982000000000267e-01
2.895000000000000000e+03 3.768606999999999929e-01
2.901000000000000000e+03 3.772147000000000139e-01
2.907000000000000000e+03 3.764266000000000001e-01
2.913000000000000000e+03 3.755783999999999789e-01
2.919000000000000000e+03 3.744932000000000261e-01
2.924000000000000000e+03 3.729357999999999840e-01
2.930000000000000000e+03 3.704351000000000171e-01
2.936000000000000000e+03 3.680031999999999748e-01
2.942000000000000000e+03 3.647817999999999894e-01
2.948000000000000000e+03 3.576259999999999994e-01
2.953000000000000000e+03 3.513762999999999748e-01
2.959000000000000000e+03 3.447934999999999750e-01
2.965000000000000000e+03 3.373947999999999947e-01
2.971000000000000000e+03 3.305943000000000076e-01
2.977000000000000000e+03 3.214810000000000167e-01
2.982000000000000000e+03 3.143061999999999800e-01
2.988000000000000000e+03 3.085458999999999841e-01
2.994000000000000000e+03 3.023049999999999904e-01
3.000000000000000000e+03 2.963954999999999784e-01
3.006000000000000000e+03 2.883445000000000036e-01
3.012000000000000000e+03 2.769634000000000262e-01
3.017000000000000000e+03 2.683169000000000248e-01
3.023000000000000000e+03 2.609151000000000109e-01
3.029000000000000000e+03 2.534636000000000111e-01
3.035000000000000000e+03 2.465147000000000033e-01
3.041000000000000000e+03 2.367784000000000000e-01
3.046000000000000000e+03 2.289694999999999925e-01
3.052000000000000000e+03 2.214270000000000127e-01
3.058000000000000000e+03 2.120284000000000058e-01
3.064000000000000000e+03 2.030567000000000066e-01
3.070000000000000000e+03 1.915357000000000032e-01
3.075000000000000000e+03 1.786548000000000025e-01
3.081000000000000000e+03 1.717642000000000058e-01
3.087000000000000000e+03 1.681995000000000018e-01
3.093000000000000000e+03 1.672736999999999974e-01
3.099000000000000000e+03 1.692288000000000125e-01
3.105000000000000000e+03 1.754417000000000060e-01
3.110000000000000000e+03 1.820967000000000002e-01
3.116000000000000000e+03 1.894369999999999943e-01
3.122000000000000000e+03 1.981711999999999918e-01
3.128000000000000000e+03 2.066440999999999972e-01
3.134000000000000000e+03 2.185428000000000093e-01
3.139000000000000000e+03 2.336894999999999945e-01
3.145000000000000000e+03 2.457669000000000104e-01
3.151000000000000000e+03 2.575419999999999932e-01
3.157000000000000000e+03 2.694087000000000010e-01
3.163000000000000000e+03 2.818814000000000042e-01
3.169000000000000000e+03 2.992557000000000134e-01
3.174000000000000000e+03 3.140645000000000242e-01
3.180000000000000000e+03 3.269246000000000096e-01
3.186000000000000000e+03 3.396092000000000000e-01
3.192000000000000000e+03 3.506950999999999818e-01
3.198000000000000000e+03 3.634018999999999999e-01
3.203000000000000000e+03 3.772476000000000163e-01
3.209000000000000000e+03 3.864546999999999843e-01
3.215000000000000000e+03 3.938687000000000160e-01
3.221000000000000000e+03 4.001623999999999737e-01
3.227000000000000000e+03 4.055178999999999867e-01
3.232000000000000000e+03 4.111357999999999957e-01
3.238000000000000000e+03 4.150440000000000240e-01
3.244000000000000000e+03 4.180253999999999914e-01
3.250000000000000000e+03 4.200962999999999781e-01
3.256000000000000000e+03 4.215013000000000232e-01
3.262000000000000000e+03 4.231963999999999726e-01
3.267000000000000000e+03 4.244408000000000070e-01
3.273000000000000000e+03 4.251506999999999925e-01
3.279000000000000000e+03 4.258804999999999952e-01
3.285000000000000000e+03 4.260774999999999979e-01
3.291000000000000000e+03 4.260763000000000189e-01
3.296000000000000000e+03 4.256714999999999804e-01
3.302000000000000000e+03 4.256967999999999863e-01
3.308000000000000000e+03 4.250901999999999736e-01
3.314000000000000000e+03 4.242784000000000000e-01
3.320000000000000000e+03 4.232867000000000157e-01
3.325000000000000000e+03 4.225858000000000114e-01
3.331000000000000000e+03 4.207078000000000206e-01
3.337000000000000000e+03 4.192390999999999757e-01
3.343000000000000000e+03 4.174326999999999899e-01
3.349000000000000000e+03 4.151383000000000156e-01
3.355000000000000000e+03 4.129614999999999814e-01
3.360000000000000000e+03 4.096285000000000065e-01
3.366000000000000000e+03 4.061964000000000130e-01
3.372000000000000000e+03 4.034907999999999828e-01
3.378000000000000000e+03 4.006955999999999851e-01
3.384000000000000000e+03 3.979925000000000268e-01
3.389000000000000000e+03 3.960941000000000045e-01
3.395000000000000000e+03 3.929695999999999745e-01
3.401000000000000000e+03 3.895976999999999912e-01
3.407000000000000000e+03 3.863677999999999835e-01
3.413000000000000000e+03 3.829810000000000159e-01
3.418000000000000000e+03 3.799657000000000173e-01
3.424000000000000000e+03 3.752717999999999887e-01
3.430000000000000000e+03 3.703980000000000050e-01
3.436000000000000000e+03 3.648152000000000061e-01
3.442000000000000000e+03 3.584731999999999918e-01
3.448000000000000000e+03 3.526189000000000129e-01
3.453000000000000000e+03 3.455639999999999823e-01
3.459000000000000000e+03 3.367809999999999970e-01
3.465000000000000000e+03 3.294599999999999751e-01
3.471000000000000000e+03 3.227307999999999844e-01
3.477000000000000000e+03 3.151906999999999903e-01
3.482000000000000000e+03 3.099791000000000074e-01
3.488000000000000000e+03 3.067784000000000066e-01
3.494000000000000000e+03 3.077617999999999743e-01
3.500000000000000000e+03 3.090729999999999866e-01
3.506000000000000000e+03 3.102080999999999866e-01
3.511000000000000000e+03 3.119785999999999948e-01
3.517000000000000000e+03 3.166364999999999874e-01
3.523000000000000000e+03 3.263260000000000050e-01
3.529000000000000000e+03 3.354033000000000153e-01
3.535000000000000000e+03 3.437861999999999862e-01
3.541000000000000000e+03 3.515337000000000045e-01
3.546000000000000000e+03 3.573501000000000039e-01
3.552000000000000000e+03 3.616922000000000192e-01
3.558000000000000000e+03 3.625625000000000098e-01
3.564000000000000000e+03 3.609349000000000030e-01
3.570000000000000000e+03 3.575181000000000053e-01
3.575000000000000000e+03 3.526822000000000012e-01
3.581000000000000000e+03 3.449716999999999922e-01
3.587000000000000000e+03 3.313377000000000128e-01
3.593000000000000000e+03 3.188932999999999907e-01
3.599000000000000000e+03 3.051401999999999726e-01
3.604000000000000000e+03 2.878059000000000034e-01
3.610000000000000000e+03 2.701437999999999895e-01
3.616000000000000000e+03 2.418499000000000065e-01
3.622000000000000000e+03 2.151289000000000118e-01
3.628000000000000000e+03 1.919112000000000040e-01
3.634000000000000000e+03 1.684563000000000033e-01
3.639000000000000000e+03 1.474551000000000056e-01
3.645000000000000000e+03 1.243000999999999967e-01
3.651000000000000000e+03 9.656446999999999947e-02
3.657000000000000000e+03 7.912868000000000679e-02
3.663000000000000000e+03 6.515065000000000439e-02
3.668000000000000000e+03 5.185377000000000042e-02
3.674000000000000000e+03 4.225099000000000216e-02
3.680000000000000000e+03 3.133814000000000044e-02
3.686000000000000000e+03 2.365870000000000126e-02
3.692000000000000000e+03 1.890063999999999980e-02
3.697000000000000000e+03 1.504321999999999951e-02
3.703000000000000000e+03 1.234644000000000019e-02
3.709000000000000000e+03 1.022826999999999938e-02
3.715000000000000000e+03 8.311769000000000102e-03
3.721000000000000000e+03 7.426270999999999914e-03
3.727000000000000000e+03 7.070312999999999945e-03
3.732000000000000000e+03 6.598389999999999984e-03
3.738000000000000000e+03 6.566652000000000079e-03
3.744000000000000000e+03 6.461671000000000428e-03
3.750000000000000000e+03 6.294679000000000073e-03
3.756000000000000000e+03 6.302979000000000220e-03
3.761000000000000000e+03 6.269532000000000403e-03
3.767000000000000000e+03 6.115235000000000115e-03
3.773000000000000000e+03 6.388673000000000095e-03
3.779000000000000000e+03 6.348389999999999762e-03
3.785000000000000000e+03 6.564211000000000351e-03
3.790000000000000000e+03 6.703370000000000162e-03
3.796000000000000000e+03 6.784669000000000116e-03
3.802000000000000000e+03 6.991457000000000400e-03
3.808000000000000000e+03 7.201418000000000229e-03
3.814000000000000000e+03 7.317627999999999633e-03
3.820000000000000000e+03 7.738038000000000034e-03
3.825000000000000000e+03 7.831055999999999434e-03
3.831000000000000000e+03 8.101808000000000273e-03
3.837000000000000000e+03 8.462159999999999821e-03
3.843000000000000000e+03 8.849610000000000809e-03
3.849000000000000000e+03 9.285401000000000418e-03
3.854000000000000000e+03 9.719238999999999309e-03
3.860000000000000000e+03 1.008153999999999995e-02
3.866000000000000000e+03 1.056079000000000045e-02
3.872000000000000000e+03 1.115453999999999925e-02
3.878000000000000000e+03 1.173120000000000065e-02
3.884000000000000000e+03 1.253687000000000031e-02
3.889000000000000000e+03 1.397436999999999985e-02
3.895000000000000000e+03 1.694164999999999907e-02
3.901000000000000000e+03 2.507813000000000056e-02
3.907000000000000000e+03 4.666797999999999780e-02
3.913000000000000000e+03 7.075391999999999793e-02
3.918000000000000000e+03 9.608912999999999482e-02
3.924000000000000000e+03 1.252163000000000026e-01
3.930000000000000000e+03 1.481885000000000008e-01
3.936000000000000000e+03 1.754641000000000117e-01
3.942000000000000000e+03 1.942929999999999935e-01
3.947000000000000000e+03 2.066679999999999906e-01
3.953000000000000000e+03 2.159385000000000054e-01
3.959000000000000000e+03 2.230899000000000076e-01
3.965000000000000000e+03 2.297155999999999920e-01
3.971000000000000000e+03 2.352989000000000053e-01
3.977000000000000000e+03 2.384304999999999897e-01
3.982000000000000000e+03 2.404255999999999893e-01
3.988000000000000000e+03 2.414912999999999921e-01
3.994000000000000000e+03 2.419765999999999861e-01
4.000000000000000000e+03 2.422369000000000050e-01
4.006000000000000000e+03 2.414563000000000126e-01
4.011000000000000000e+03 2.410185999999999995e-01
4.017000000000000000e+03 2.395083000000000073e-01
4.023000000000000000e+03 2.381851000000000107e-01
4.029000000000000000e+03 2.366077000000000041e-01
4.035000000000000000e+03 2.334743999999999986e-01
4.040000000000000000e+03 2.309573000000000043e-01
4.046000000000000000e+03 2.282413000000000081e-01
4.052000000000000000e+03 2.240066000000000002e-01
4.058000000000000000e+03 2.197542000000000106e-01
4.064000000000000000e+03 2.122525000000000106e-01
4.070000000000000000e+03 2.040452000000000099e-01
4.075000000000000000e+03 1.951304000000000094e-01
4.081000000000000000e+03 1.856482000000000132e-01
4.087000000000000000e+03 1.759785000000000099e-01
4.093000000000000000e+03 1.628738000000000130e-01
4.099000000000000000e+03 1.447002000000000010e-01
4.104000000000000000e+03 1.309020999999999935e-01
4.110000000000000000e+03 1.194505000000000011e-01
4.116000000000000000e+03 1.056051999999999963e-01
4.122000000000000000e+03 9.439504999999999424e-02
4.128000000000000000e+03 7.973365999999999787e-02
4.133000000000000000e+03 6.631397999999999460e-02
4.139000000000000000e+03 5.543798999999999949e-02
4.145000000000000000e+03 4.552417999999999743e-02
4.151000000000000000e+03 3.686988000000000071e-02
4.157000000000000000e+03 2.836108999999999852e-02
4.163000000000000000e+03 1.973926000000000153e-02
4.168000000000000000e+03 1.513135000000000001e-02
4.174000000000000000e+03 1.261181999999999928e-02
4.180000000000000000e+03 1.011132999999999997e-02
4.186000000000000000e+03 8.971437000000000508e-03
4.192000000000000000e+03 7.986085000000000406e-03
4.197000000000000000e+03 7.471191999999999764e-03
4.203000000000000000e+03 7.308351000000000257e-03
4.209000000000000000e+03 7.304444000000000214e-03
4.215000000000000000e+03 7.347412999999999687e-03
4.221000000000000000e+03 7.929689000000000182e-03
4.226000000000000000e+03 9.479005000000000417e-03
4.232000000000000000e+03 1.162328999999999966e-02
4.238000000000000000e+03 1.417554000000000036e-02
4.244000000000000000e+03 1.697266000000000052e-02
4.250000000000000000e+03 1.882616999999999971e-02
4.256000000000000000e+03 1.991211000000000023e-02
4.261000000000000000e+03 1.939576000000000147e-02
4.267000000000000000e+03 1.826244999999999952e-02
4.273000000000000000e+03 1.673169000000000045e-02
4.279000000000000000e+03 1.524218999999999921e-02
4.285000000000000000e+03 1.398218000000000030e-02
4.290000000000000000e+03 1.298095999999999972e-02
4.296000000000000000e+03 1.306982999999999930e-02
4.302000000000000000e+03 1.368921000000000027e-02
4.308000000000000000e+03 1.486963000000000000e-02
4.314000000000000000e+03 1.702564000000000161e-02
4.319000000000000000e+03 2.112280999999999881e-02
4.325000000000000000e+03 2.631446000000000132e-02
4.331000000000000000e+03 3.208447999999999856e-02
4.337000000000000000e+03 3.778027999999999942e-02
4.343000000000000000e+03 4.330445000000000128e-02
4.349000000000000000e+03 4.952418000000000098e-02
4.354000000000000000e+03 5.669214999999999671e-02
4.360000000000000000e+03 6.175904000000000116e-02
4.366000000000000000e+03 6.572119999999999351e-02
4.372000000000000000e+03 7.024658999999999764e-02
4.378000000000000000e+03 7.407228000000000423e-02
4.383000000000000000e+03 7.935939000000000187e-02
4.389000000000000000e+03 8.375000999999999973e-02
4.395000000000000000e+03 8.744311999999999918e-02
4.401000000000000000e+03 9.058373999999999593e-02
4.407000000000000000e+03 9.303224999999999689e-02
4.412000000000000000e+03 9.511745000000000616e-02
4.418000000000000000e+03 9.633717999999999448e-02
4.424000000000000000e+03 9.579811000000000576e-02
4.430000000000000000e+03 9.442188999999999444e-02
4.436000000000000000e+03 9.108570000000000555e-02
4.442000000000000000e+03 8.709791000000000061e-02
4.447000000000000000e+03 8.009913000000000449e-02
4.453000000000000000e+03 7.185573000000000654e-02
4.459000000000000000e+03 6.439575999999999634e-02
4.465000000000000000e+03 5.730298999999999809e-02
4.471000000000000000e+03 5.047291000000000277e-02
4.476000000000000000e+03 4.289917000000000036e-02
4.482000000000000000e+03 3.447387999999999841e-02
4.488000000000000000e+03 2.959132000000000082e-02
4.494000000000000000e+03 2.713134999999999852e-02
4.500000000000000000e+03 2.558691999999999911e-02
4.505000000000000000e+03 2.556543000000000010e-02
4.511000000000000000e+03 2.631348000000000020e-02
4.517000000000000000e+03 2.680102999999999999e-02
4.523000000000000000e+03 2.660474000000000172e-02
4.529000000000000000e+03 2.530396000000000034e-02
4.535000000000000000e+03 2.385156999999999902e-02
4.540000000000000000e+03 2.213744999999999949e-02
4.546000000000000000e+03 2.007642000000000107e-02
4.552000000000000000e+03 1.864820000000000019e-02
4.558000000000000000e+03 1.739697000000000118e-02
4.564000000000000000e+03 1.609278000000000097e-02
4.569000000000000000e+03 1.546825999999999930e-02
4.575000000000000000e+03 1.562865999999999908e-02
4.581000000000000000e+03 1.621117999999999865e-02
4.587000000000000000e+03 1.705175999999999914e-02
4.593000000000000000e+03 1.771460000000000048e-02
4.598000000000000000e+03 1.815063999999999914e-02
4.604000000000000000e+03 1.865966999999999973e-02
4.610000000000000000e+03 1.908007999999999926e-02
4.616000000000000000e+03 1.924951000000000093e-02
4.622000000000000000e+03 1.949731999999999854e-02
4.628000000000000000e+03 1.947754000000000152e-02
4.633000000000000000e+03 1.957056000000000073e-02
4.639000000000000000e+03 1.987890999999999964e-02
4.645000000000000000e+03 2.010717999999999880e-02
4.651000000000000000e+03 2.039697999999999858e-02
4.657000000000000000e+03 2.056519000000000055e-02
4.662000000000000000e+03 2.089550999999999908e-02
4.668000000000000000e+03 2.116724000000000036e-02
4.674000000000000000e+03 2.130860000000000046e-02
4.680000000000000000e+03 2.137916000000000122e-02
4.686000000000000000e+03 2.121947999999999890e-02
4.692000000000000000e+03 2.062133999999999842e-02
4.697000000000000000e+03 1.986353000000000077e-02
4.703000000000000000e+03 1.890063999999999980e-02
4.709000000000000000e+03 1.728760000000000019e-02
4.715000000000000000e+03 1.617603000000000096e-02
4.721000000000000000e+03 1.511571999999999916e-02
4.726000000000000000e+03 1.411669999999999939e-02
4.732000000000000000e+03 1.318896999999999951e-02
4.738000000000000000e+03 1.249097000000000054e-02
4.744000000000000000e+03 1.219897999999999989e-02
4.750000000000000000e+03 1.233032000000000052e-02
4.755000000000000000e+03 1.210254000000000017e-02
4.761000000000000000e+03 1.200219999999999933e-02
4.767000000000000000e+03 1.196655999999999935e-02
4.773000000000000000e+03 1.182007000000000023e-02
4.779000000000000000e+03 1.198290999999999940e-02
4.785000000000000000e+03 1.248755000000000004e-02
4.790000000000000000e+03 1.305737000000000043e-02
4.796000000000000000e+03 1.430126999999999961e-02
4.802000000000000000e+03 1.608495999999999884e-02
4.808000000000000000e+03 1.790258999999999948e-02
4.814000000000000000e+03 1.978637999999999925e-02
4.819000000000000000e+03 2.168457000000000023e-02
4.825000000000000000e+03 2.342504999999999935e-02
4.831000000000000000e+03 2.510717999999999978e-02
4.837000000000000000e+03 2.567066000000000139e-02
4.843000000000000000e+03 2.522802999999999851e-02
4.848000000000000000e+03 2.394214000000000064e-02
4.854000000000000000e+03 2.220043999999999837e-02
4.860000000000000000e+03 2.151000999999999955e-02
4.866000000000000000e+03 2.551147999999999957e-02
4.872000000000000000e+03 3.160620000000000096e-02
4.878000000000000000e+03 3.705933000000000144e-02
4.883000000000000000e+03 4.081591999999999859e-02
4.889000000000000000e+03 4.190821000000000129e-02
4.895000000000000000e+03 4.189136999999999722e-02
4.901000000000000000e+03 4.097583999999999949e-02
4.907000000000000000e+03 4.043701999999999713e-02
4.912000000000000000e+03 3.998022999999999855e-02
4.918000000000000000e+03 3.973022999999999832e-02
4.924000000000000000e+03 3.969849000000000294e-02
4.930000000000000000e+03 3.925000000000000017e-02
4.936000000000000000e+03 3.886768000000000167e-02
4.941000000000000000e+03 3.870923999999999893e-02
4.947000000000000000e+03 3.814283000000000257e-02
4.953000000000000000e+03 3.793189000000000283e-02
4.959000000000000000e+03 3.772413000000000155e-02
4.965000000000000000e+03 3.727319999999999939e-02
4.971000000000000000e+03 3.691968000000000333e-02
4.976000000000000000e+03 3.652514999999999928e-02
4.982000000000000000e+03 3.598511000000000071e-02
4.988000000000000000e+03 3.532959000000000099e-02
4.994000000000000000e+03 3.453418999999999933e-02
5.000000000000000000e+03 3.387989000000000278e-02
5.005000000000000000e+03 3.354004000000000013e-02
5.011000000000000000e+03 3.280787000000000286e-02
5.017000000000000000e+03 3.224194999999999839e-02
5.023000000000000000e+03 3.152441999999999744e-02
5.029000000000000000e+03 3.055079000000000128e-02
5.034000000000000000e+03 2.980029999999999832e-02
5.040000000000000000e+03 2.935474000000000069e-02
5.046000000000000000e+03 2.864941999999999836e-02
5.052000000000000000e+03 2.809350999999999862e-02
5.058000000000000000e+03 2.730054000000000161e-02
5.064000000000000000e+03 2.657201999999999828e-02
5.069000000000000000e+03 2.618799000000000127e-02
5.075000000000000000e+03 2.533691999999999889e-02
5.081000000000000000e+03 2.482861999999999916e-02
5.087000000000000000e+03 2.410645000000000149e-02
5.093000000000000000e+03 2.332276000000000141e-02
5.098000000000000000e+03 2.273852999999999985e-02
5.104000000000000000e+03 2.225440000000000057e-02
5.110000000000000000e+03 2.153711000000000167e-02
5.116000000000000000e+03 2.099047999999999886e-02
5.122000000000000000e+03 2.030225000000000085e-02
5.127000000000000000e+03 1.972339000000000037e-02
5.133000000000000000e+03 1.931298999999999863e-02
5.139000000000000000e+03 1.862110000000000154e-02
5.145000000000000000e+03 1.816357999999999862e-02
5.151000000000000000e+03 1.758691999999999894e-02
5.157000000000000000e+03 1.676122999999999849e-02
5.162000000000000000e+03 1.630175999999999847e-02
5.168000000000000000e+03 1.583984999999999907e-02
5.174000000000000000e+03 1.521680000000000081e-02
5.180000000000000000e+03 1.489745999999999952e-02
5.186000000000000000e+03 1.438476999999999985e-02
5.191000000000000000e+03 1.394848999999999915e-02
5.197000000000000000e+03 1.376122999999999930e-02
5.203000000000000000e+03 1.346485000000000043e-02
5.209000000000000000e+03 1.329517000000000025e-02
5.215000000000000000e+03 1.315746999999999924e-02
5.220000000000000000e+03 1.267895999999999954e-02
5.226000000000000000e+03 1.247486000000000081e-02
5.232000000000000000e+03 1.234423999999999938e-02
5.238000000000000000e+03 1.205078000000000052e-02
5.244000000000000000e+03 1.177319999999999929e-02
5.250000000000000000e+03 1.137914999999999933e-02
5.255000000000000000e+03 1.112427000000000034e-02
5.261000000000000000e+03 1.088208000000000057e-02
5.267000000000000000e+03 1.025562000000000001e-02
5.273000000000000000e+03 9.924317000000000208e-03
5.279000000000000000e+03 9.341798000000000116e-03
5.284000000000000000e+03 8.412354000000000359e-03
5.290000000000000000e+03 7.711426999999999865e-03
5.296000000000000000e+03 7.296144000000000067e-03
5.302000000000000000e+03 6.782472000000000327e-03
5.308000000000000000e+03 6.554200999999999951e-03
5.313000000000000000e+03 6.137453000000000179e-03
5.319000000000000000e+03 5.875977999999999583e-03
5.325000000000000000e+03 5.827881000000000034e-03
5.331000000000000000e+03 5.622071000000000186e-03
5.337000000000000000e+03 5.668458000000000351e-03
5.343000000000000000e+03 5.647705999999999733e-03
5.348000000000000000e+03 5.534424999999999935e-03
5.354000000000000000e+03 5.604737000000000260e-03
5.360000000000000000e+03 5.556641000000000184e-03
5.366000000000000000e+03 5.554444000000000395e-03
5.372000000000000000e+03 5.559571000000000131e-03
5.377000000000000000e+03 5.637208000000000323e-03
5.383000000000000000e+03 5.610351999999999874e-03
5.389000000000000000e+03 5.687745000000000127e-03
5.395000000000000000e+03 5.605713000000000015e-03
5.401000000000000000e+03 5.711670000000000288e-03
5.406000000000000000e+03 5.680176999999999796e-03
5.412000000000000000e+03 5.565673999999999622e-03
5.418000000000000000e+03 5.571778000000000321e-03
5.424000000000000000e+03 5.615478999999999610e-03
5.430000000000000000e+03 5.538330999999999636e-03
5.436000000000000000e+03 5.704101999999999957e-03
5.441000000000000000e+03 5.617188000000000389e-03
5.447000000000000000e+03 5.548095999999999757e-03
5.453000000000000000e+03 5.622071000000000186e-03
5.459000000000000000e+03 5.639161000000000173e-03
5.465000000000000000e+03 5.637940000000000139e-03
5.470000000000000000e+03 5.698975999999999695e-03
5.476000000000000000e+03 5.650635000000000206e-03
5.482000000000000000e+03 5.587403000000000335e-03
5.488000000000000000e+03 5.576417000000000179e-03
5.494000000000000000e+03 5.515624999999999695e-03
5.500000000000000000e+03 5.590333000000000281e-03
5.505000000000000000e+03 5.567139999999999936e-03
5.511000000000000000e+03 5.533691000000000304e-03
5.517000000000000000e+03 5.699952000000000317e-03
5.523000000000000000e+03 5.567627000000000340e-03
5.529000000000000000e+03 5.535644999999999628e-03
5.534000000000000000e+03 5.538086999999999697e-03
5.540000000000000000e+03 5.511231000000000116e-03
5.546000000000000000e+03 5.426514999999999811e-03
5.552000000000000000e+03 5.510255000000000361e-03
5.558000000000000000e+03 5.509034000000000326e-03
5.563000000000000000e+03 5.535156999999999751e-03
5.569000000000000000e+03 5.544435000000000335e-03
5.575000000000000000e+03 5.465577000000000109e-03
5.581000000000000000e+03 5.484863999999999885e-03
5.587000000000000000e+03 5.468017999999999837e-03
5.593000000000000000e+03 5.445069000000000298e-03
5.598000000000000000e+03 5.417481000000000033e-03
5.604000000000000000e+03 5.160889999999999575e-03
5.610000000000000000e+03 5.343505999999999603e-03
5.616000000000000000e+03 5.424805000000000425e-03
5.622000000000000000e+03 5.319092000000000091e-03
5.627000000000000000e+03 5.422363999999999830e-03
5.633000000000000000e+03 5.460205999999999567e-03
5.639000000000000000e+03 5.440430999999999913e-03
5.645000000000000000e+03 5.502687000000000030e-03
5.651000000000000000e+03 5.397950000000000317e-03
5.656000000000000000e+03 5.354249000000000161e-03
5.662000000000000000e+03 5.528810000000000321e-03
5.668000000000000000e+03 5.496339000000000259e-03
5.674000000000000000e+03 5.417968999999999910e-03
5.680000000000000000e+03 5.436279999999999932e-03
5.686000000000000000e+03 5.362793999999999721e-03
5.691000000000000000e+03 5.433106000000000047e-03
5.697000000000000000e+03 5.532959999999999962e-03
5.703000000000000000e+03 5.374269000000000095e-03
5.709000000000000000e+03 5.457520000000000426e-03
5.715000000000000000e+03 5.368165000000000263e-03
5.720000000000000000e+03 5.385987000000000066e-03
5.726000000000000000e+03 5.416261000000000339e-03
5.732000000000000000e+03 5.255127000000000062e-03
5.738000000000000000e+03 5.188721999999999779e-03
5.744000000000000000e+03 5.313232999999999671e-03
5.749000000000000000e+03 5.304444000000000173e-03
5.755000000000000000e+03 5.388671999999999733e-03
5.761000000000000000e+03 5.372070999999999964e-03
5.767000000000000000e+03 5.412842999999999648e-03
5.773000000000000000e+03 5.331787999999999632e-03
5.779000000000000000e+03 5.224122000000000314e-03
5.784000000000000000e+03 5.263916999999999902e-03
5.790000000000000000e+03 5.302979000000000200e-03
5.796000000000000000e+03 5.166017000000000178e-03
5.802000000000000000e+03 5.266357000000000156e-03
5.808000000000000000e+03 5.484376000000000008e-03
5.813000000000000000e+03 5.361328999999999748e-03
5.819000000000000000e+03 5.398194999999999730e-03
5.825000000000000000e+03 5.408935999999999605e-03
5.831000000000000000e+03 5.387208000000000101e-03
5.837000000000000000e+03 5.479493000000000211e-03
5.842000000000000000e+03 5.370116999999999773e-03
5.848000000000000000e+03 5.297607999999999658e-03
5.854000000000000000e+03 5.483398999999999912e-03
5.860000000000000000e+03 5.434814999999999958e-03
5.866000000000000000e+03 5.361572000000000213e-03
5.872000000000000000e+03 5.393066999999999653e-03
5.877000000000000000e+03 5.285157000000000396e-03
5.883000000000000000e+03 5.328857999999999685e-03
5.889000000000000000e+03 5.429200000000000345e-03
5.895000000000000000e+03 5.413819000000000270e-03
5.901000000000000000e+03 5.518312000000000044e-03
5.906000000000000000e+03 5.441162999999999729e-03
5.912000000000000000e+03 5.370849999999999930e-03
5.918000000000000000e+03 5.466796999999999802e-03
5.924000000000000000e+03 5.305909000000000146e-03
5.930000000000000000e+03 5.429444000000000284e-03
5.935000000000000000e+03 5.506348000000000319e-03
5.941000000000000000e+03 5.298340999999999815e-03
5.947000000000000000e+03 5.437011999999999748e-03
5.953000000000000000e+03 5.483398999999999912e-03
5.959000000000000000e+03 5.417726000000000312e-03
5.965000000000000000e+03 5.498292000000000110e-03
5.970000000000000000e+03 5.395508000000000248e-03
5.976000000000000000e+03 5.440918999999999790e-03
5.982000000000000000e+03 5.486328999999999859e-03
5.988000000000000000e+03 5.318848999999999626e-03
5.994000000000000000e+03 5.299072999999999631e-03
5.999000000000000000e+03 5.372070999999999964e-03
6.000000000000000000e+03 5.357909999999999583e-03
