3.000000000000000000e+00 6.098390000000000408e-03
8.000000000000000000e+00 6.186279999999999731e-03
1.200000000000000000e+01 6.159424999999999623e-03
1.700000000000000000e+01 6.125977999999999805e-03
2.300000000000000000e+01 6.055177000000000129e-03
2.900000000000000000e+01 5.997559999999999870e-03
3.400000000000000000e+01 5.821777000000000202e-03
4.000000000000000000e+01 5.729248999999999627e-03
4.600000000000000000e+01 5.866945000000000146e-03
5.200000000000000000e+01 5.669679000000000385e-03
5.800000000000000000e+01 5.695801000000000336e-03
6.300000000000000000e+01 5.693603999999999679e-03
6.900000000000000000e+01 5.685303000000000058e-03
7.500000000000000000e+01 5.635743000000000349e-03
8.100000000000000000e+01 5.641357999999999963e-03
8.700000000000000000e+01 5.588379000000000089e-03
9.200000000000000000e+01 5.733888000000000353e-03
9.800000000000000000e+01 5.479493000000000211e-03
1.040000000000000000e+02 5.398926000000000072e-03
1.100000000000000000e+02 5.406007000000000000e-03
1.160000000000000000e+02 5.352540000000000249e-03
1.220000000000000000e+02 5.407228000000000034e-03
1.270000000000000000e+02 5.411133999999999736e-03
1.330000000000000000e+02 5.300537000000000130e-03
1.390000000000000000e+02 5.412842999999999648e-03
1.450000000000000000e+02 5.297851999999999596e-03
1.510000000000000000e+02 5.291015999999999948e-03
1.560000000000000000e+02 5.424072999999999742e-03
1.620000000000000000e+02 5.324708000000000045e-03
1.680000000000000000e+02 5.281494999999999766e-03
1.740000000000000000e+02 5.403320999999999992e-03
1.800000000000000000e+02 5.391603000000000021e-03
1.850000000000000000e+02 5.428711999999999600e-03
1.910000000000000000e+02 5.659912999999999923e-03
1.970000000000000000e+02 5.648926999999999768e-03
2.030000000000000000e+02 5.754882999999999700e-03
2.090000000000000000e+02 5.887696999999999896e-03
2.150000000000000000e+02 5.856690000000000333e-03
2.200000000000000000e+02 6.141358000000000407e-03
2.260000000000000000e+02 6.137695999999999777e-03
2.320000000000000000e+02 6.273927000000000323e-03
2.380000000000000000e+02 6.456055999999999948e-03
2.440000000000000000e+02 6.655030999999999620e-03
2.490000000000000000e+02 6.677492000000000150e-03
2.550000000000000000e+02 6.879640000000000234e-03
2.610000000000000000e+02 7.094483999999999860e-03
2.670000000000000000e+02 7.148438000000000014e-03
2.730000000000000000e+02 7.164552000000000247e-03
2.790000000000000000e+02 7.289796000000000296e-03
2.840000000000000000e+02 7.444336999999999656e-03
2.900000000000000000e+02 7.461915000000000388e-03
2.960000000000000000e+02 7.548585000000000017e-03
3.020000000000000000e+02 7.716554999999999942e-03
3.080000000000000000e+02 7.683106000000000310e-03
3.130000000000000000e+02 7.741699999999999797e-03
3.190000000000000000e+02 7.787111000000000206e-03
3.250000000000000000e+02 7.758545999999999845e-03
3.310000000000000000e+02 7.780030000000000279e-03
3.370000000000000000e+02 7.780030000000000279e-03
3.420000000000000000e+02 7.767823000000000089e-03
3.480000000000000000e+02 7.711916000000000083e-03
3.540000000000000000e+02 7.501466000000000037e-03
3.600000000000000000e+02 7.528321999999999618e-03
3.660000000000000000e+02 7.591798000000000296e-03
3.720000000000000000e+02 7.359865000000000157e-03
3.770000000000000000e+02 7.246095000000000140e-03
3.830000000000000000e+02 7.192383999999999583e-03
3.890000000000000000e+02 7.172119999999999711e-03
3.950000000000000000e+02 7.097657000000000271e-03
4.010000000000000000e+02 6.994142000000000067e-03
4.060000000000000000e+02 6.902832999999999712e-03
4.120000000000000000e+02 6.740967999999999960e-03
4.180000000000000000e+02 6.379885000000000070e-03
4.240000000000000000e+02 6.385255000000000271e-03
4.300000000000000000e+02 6.466798000000000164e-03
4.350000000000000000e+02 6.174807000000000039e-03
4.410000000000000000e+02 6.119630000000000035e-03
4.470000000000000000e+02 5.957032000000000126e-03
4.530000000000000000e+02 5.819824999999999825e-03
4.590000000000000000e+02 5.779542000000000360e-03
4.650000000000000000e+02 5.734620000000000169e-03
4.700000000000000000e+02 5.629394999999999712e-03
4.760000000000000000e+02 5.614990999999999732e-03
4.820000000000000000e+02 5.457520000000000426e-03
4.880000000000000000e+02 5.404052999999999808e-03
4.940000000000000000e+02 5.488037999999999771e-03
4.990000000000000000e+02 5.281982999999999644e-03
5.050000000000000000e+02 5.327636999999999651e-03
5.110000000000000000e+02 5.481690000000000000e-03
5.170000000000000000e+02 5.388185000000000197e-03
5.230000000000000000e+02 5.446046000000000394e-03
5.280000000000000000e+02 5.497560000000000294e-03
5.340000000000000000e+02 5.422853000000000048e-03
5.400000000000000000e+02 5.476319000000000325e-03
5.460000000000000000e+02 5.396729000000000283e-03
5.520000000000000000e+02 5.359863999999999774e-03
5.580000000000000000e+02 5.555909000000000368e-03
5.630000000000000000e+02 5.449952000000000095e-03
5.690000000000000000e+02 5.445313000000000236e-03
5.750000000000000000e+02 5.523682000000000245e-03
5.810000000000000000e+02 5.476319000000000325e-03
5.870000000000000000e+02 5.466308999999999925e-03
5.920000000000000000e+02 5.433349999999999985e-03
5.980000000000000000e+02 5.378662999999999673e-03
6.040000000000000000e+02 5.366944000000000228e-03
6.100000000000000000e+02 5.173096999999999765e-03
6.160000000000000000e+02 4.967530000000000383e-03
6.210000000000000000e+02 4.921876000000000376e-03
6.270000000000000000e+02 4.706298999999999726e-03
6.330000000000000000e+02 4.651124000000000404e-03
6.390000000000000000e+02 4.664063000000000410e-03
6.450000000000000000e+02 4.613525999999999738e-03
6.510000000000000000e+02 4.569580999999999643e-03
6.560000000000000000e+02 4.671386999999999935e-03
6.620000000000000000e+02 4.581543999999999894e-03
6.680000000000000000e+02 4.703614000000000059e-03
6.740000000000000000e+02 4.810792000000000367e-03
6.800000000000000000e+02 4.894532000000000049e-03
6.850000000000000000e+02 5.213867999999999975e-03
6.910000000000000000e+02 5.432618000000000169e-03
6.970000000000000000e+02 5.733155000000000195e-03
7.030000000000000000e+02 6.410645999999999879e-03
7.090000000000000000e+02 6.893800999999999748e-03
7.150000000000000000e+02 7.527100999999999584e-03
7.200000000000000000e+02 8.164796000000000206e-03
7.260000000000000000e+02 8.612062000000000189e-03
7.320000000000000000e+02 9.472414000000000181e-03
7.380000000000000000e+02 1.038134999999999926e-02
7.440000000000000000e+02 1.115430000000000067e-02
7.490000000000000000e+02 1.200536999999999958e-02
7.550000000000000000e+02 1.271044999999999987e-02
7.610000000000000000e+02 1.344849000000000044e-02
7.670000000000000000e+02 1.459716999999999959e-02
7.730000000000000000e+02 1.558545000000000069e-02
7.780000000000000000e+02 1.640234999999999957e-02
7.840000000000000000e+02 1.720531999999999964e-02
7.900000000000000000e+02 1.778808999999999946e-02
7.960000000000000000e+02 1.875098000000000042e-02
8.020000000000000000e+02 1.975806000000000090e-02
8.080000000000000000e+02 2.034619000000000011e-02
8.130000000000000000e+02 2.113477000000000064e-02
8.190000000000000000e+02 2.183080999999999910e-02
8.250000000000000000e+02 2.238526000000000057e-02
8.310000000000000000e+02 2.322607999999999964e-02
8.370000000000000000e+02 2.392261000000000040e-02
8.420000000000000000e+02 2.457911000000000123e-02
8.480000000000000000e+02 2.502880999999999856e-02
8.540000000000000000e+02 2.556591999999999892e-02
8.600000000000000000e+02 2.618238000000000162e-02
8.660000000000000000e+02 2.668310999999999947e-02
8.710000000000000000e+02 2.730737999999999915e-02
8.770000000000000000e+02 2.776245999999999922e-02
8.830000000000000000e+02 2.825464000000000100e-02
8.890000000000000000e+02 2.850025000000000128e-02
8.950000000000000000e+02 2.909449000000000063e-02
9.010000000000000000e+02 2.940136999999999959e-02
9.060000000000000000e+02 2.972535000000000108e-02
9.120000000000000000e+02 3.002271000000000106e-02
9.180000000000000000e+02 3.015405999999999989e-02
9.240000000000000000e+02 3.039624999999999966e-02
9.300000000000000000e+02 3.046851000000000073e-02
9.350000000000000000e+02 3.035229999999999873e-02
9.410000000000000000e+02 3.023510999999999907e-02
9.470000000000000000e+02 2.998218000000000064e-02
9.530000000000000000e+02 2.984130999999999936e-02
9.590000000000000000e+02 2.939038000000000067e-02
9.640000000000000000e+02 2.858642999999999948e-02
9.700000000000000000e+02 2.791553000000000090e-02
9.760000000000000000e+02 2.718359999999999874e-02
9.820000000000000000e+02 2.638062000000000046e-02
9.880000000000000000e+02 2.545557000000000028e-02
9.940000000000000000e+02 2.387134999999999951e-02
9.990000000000000000e+02 2.278588999999999962e-02
1.005000000000000000e+03 2.176368000000000053e-02
1.011000000000000000e+03 2.066723999999999992e-02
1.017000000000000000e+03 1.989184999999999912e-02
1.023000000000000000e+03 1.897240999999999858e-02
1.028000000000000000e+03 1.803516000000000147e-02
1.034000000000000000e+03 1.765088000000000074e-02
1.040000000000000000e+03 1.742871000000000004e-02
1.046000000000000000e+03 1.732471000000000011e-02
1.052000000000000000e+03 1.753466999999999873e-02
1.058000000000000000e+03 1.795336999999999975e-02
1.063000000000000000e+03 1.853540000000000049e-02
1.069000000000000000e+03 1.926488999999999979e-02
1.075000000000000000e+03 2.005517999999999884e-02
1.081000000000000000e+03 2.094042999999999946e-02
1.087000000000000000e+03 2.221655999999999978e-02
1.092000000000000000e+03 2.373975000000000043e-02
1.098000000000000000e+03 2.501172999999999938e-02
1.104000000000000000e+03 2.608668000000000098e-02
1.110000000000000000e+03 2.694824999999999998e-02
1.116000000000000000e+03 2.810839999999999866e-02
1.121000000000000000e+03 2.940844999999999917e-02
1.127000000000000000e+03 3.039893000000000109e-02
1.133000000000000000e+03 3.135009999999999880e-02
1.139000000000000000e+03 3.199048000000000169e-02
1.145000000000000000e+03 3.268139999999999934e-02
1.151000000000000000e+03 3.351342999999999683e-02
1.156000000000000000e+03 3.418725999999999710e-02
1.162000000000000000e+03 3.449926999999999855e-02
1.168000000000000000e+03 3.489965999999999902e-02
1.174000000000000000e+03 3.509448999999999902e-02
1.180000000000000000e+03 3.551710000000000284e-02
1.185000000000000000e+03 3.594263000000000319e-02
1.191000000000000000e+03 3.613696999999999743e-02
1.197000000000000000e+03 3.666773000000000254e-02
1.203000000000000000e+03 3.708057000000000020e-02
1.209000000000000000e+03 3.766943999999999848e-02
1.214000000000000000e+03 3.860912999999999845e-02
1.220000000000000000e+03 3.977344000000000018e-02
1.226000000000000000e+03 4.089795000000000236e-02
1.232000000000000000e+03 4.213257000000000113e-02
1.238000000000000000e+03 4.346923999999999927e-02
1.244000000000000000e+03 4.495484000000000285e-02
1.249000000000000000e+03 4.718018999999999685e-02
1.255000000000000000e+03 4.917896000000000073e-02
1.261000000000000000e+03 5.113575000000000065e-02
1.267000000000000000e+03 5.308887999999999802e-02
1.273000000000000000e+03 5.501222000000000056e-02
1.278000000000000000e+03 5.750854999999999856e-02
1.284000000000000000e+03 5.991139000000000187e-02
1.290000000000000000e+03 6.194556999999999841e-02
1.296000000000000000e+03 6.380665000000000642e-02
1.302000000000000000e+03 6.542726000000000097e-02
1.307000000000000000e+03 6.724122000000000432e-02
1.313000000000000000e+03 6.939454000000000455e-02
1.319000000000000000e+03 7.080005999999999799e-02
1.325000000000000000e+03 7.180446000000000051e-02
1.331000000000000000e+03 7.293555999999999651e-02
1.337000000000000000e+03 7.367286000000000667e-02
1.342000000000000000e+03 7.430786999999999809e-02
1.348000000000000000e+03 7.505274000000000667e-02
1.354000000000000000e+03 7.518458000000000085e-02
1.360000000000000000e+03 7.532081000000000193e-02
1.366000000000000000e+03 7.520166000000000350e-02
1.371000000000000000e+03 7.475318999999999714e-02
1.377000000000000000e+03 7.422217999999999871e-02
1.383000000000000000e+03 7.383813999999999655e-02
1.389000000000000000e+03 7.338893000000000499e-02
1.395000000000000000e+03 7.271606999999999377e-02
1.401000000000000000e+03 7.255714000000000607e-02
1.406000000000000000e+03 7.267432999999999532e-02
1.412000000000000000e+03 7.306519999999999682e-02
1.418000000000000000e+03 7.394117000000000051e-02
1.424000000000000000e+03 7.520704000000000278e-02
1.430000000000000000e+03 7.662135000000000473e-02
1.435000000000000000e+03 7.903785000000000671e-02
1.441000000000000000e+03 8.283862999999999643e-02
1.447000000000000000e+03 8.642505999999999799e-02
1.453000000000000000e+03 9.000879999999999992e-02
1.459000000000000000e+03 9.422194000000000402e-02
1.464000000000000000e+03 9.800759000000000554e-02
1.470000000000000000e+03 1.028860000000000052e-01
1.476000000000000000e+03 1.082768999999999954e-01
1.482000000000000000e+03 1.122075000000000017e-01
1.488000000000000000e+03 1.159123999999999988e-01
1.494000000000000000e+03 1.190611000000000030e-01
1.499000000000000000e+03 1.224519000000000024e-01
1.505000000000000000e+03 1.266072000000000031e-01
1.511000000000000000e+03 1.299585000000000046e-01
1.517000000000000000e+03 1.328223000000000042e-01
1.523000000000000000e+03 1.352785999999999988e-01
1.528000000000000000e+03 1.375680999999999987e-01
1.534000000000000000e+03 1.403086000000000055e-01
1.540000000000000000e+03 1.432005000000000083e-01
1.546000000000000000e+03 1.453708999999999973e-01
1.552000000000000000e+03 1.473234999999999961e-01
1.557000000000000000e+03 1.487263000000000057e-01
1.563000000000000000e+03 1.507990999999999915e-01
1.569000000000000000e+03 1.531402000000000041e-01
1.575000000000000000e+03 1.546784999999999966e-01
1.581000000000000000e+03 1.564977999999999925e-01
1.587000000000000000e+03 1.578340000000000021e-01
1.592000000000000000e+03 1.592951999999999979e-01
1.598000000000000000e+03 1.612171000000000021e-01
1.604000000000000000e+03 1.633081000000000116e-01
1.610000000000000000e+03 1.644530999999999910e-01
1.616000000000000000e+03 1.660567000000000015e-01
1.621000000000000000e+03 1.672792999999999919e-01
1.627000000000000000e+03 1.686857999999999969e-01
1.633000000000000000e+03 1.706169999999999909e-01
1.639000000000000000e+03 1.720169000000000004e-01
1.645000000000000000e+03 1.733345000000000025e-01
1.650000000000000000e+03 1.747800999999999938e-01
1.656000000000000000e+03 1.756901999999999908e-01
1.662000000000000000e+03 1.772655999999999954e-01
1.668000000000000000e+03 1.787912999999999863e-01
1.674000000000000000e+03 1.798581999999999959e-01
1.680000000000000000e+03 1.811525999999999970e-01
1.685000000000000000e+03 1.821908999999999890e-01
1.691000000000000000e+03 1.837322000000000122e-01
1.697000000000000000e+03 1.852166000000000090e-01
1.703000000000000000e+03 1.866137999999999963e-01
1.709000000000000000e+03 1.881039999999999934e-01
1.714000000000000000e+03 1.896201999999999888e-01
1.720000000000000000e+03 1.909658999999999940e-01
1.726000000000000000e+03 1.928709000000000118e-01
1.732000000000000000e+03 1.949531999999999932e-01
1.738000000000000000e+03 1.966099000000000041e-01
1.744000000000000000e+03 1.981240999999999974e-01
1.749000000000000000e+03 1.997038999999999898e-01
1.755000000000000000e+03 2.014312000000000047e-01
1.761000000000000000e+03 2.036185000000000078e-01
1.767000000000000000e+03 2.054300000000000015e-01
1.773000000000000000e+03 2.071175000000000099e-01
1.778000000000000000e+03 2.086379999999999901e-01
1.784000000000000000e+03 2.098733000000000126e-01
1.790000000000000000e+03 2.121977999999999920e-01
1.796000000000000000e+03 2.140295999999999865e-01
1.802000000000000000e+03 2.154319000000000095e-01
1.807000000000000000e+03 2.170059000000000016e-01
1.813000000000000000e+03 2.180527999999999911e-01
1.819000000000000000e+03 2.196916999999999898e-01
1.825000000000000000e+03 2.215445000000000053e-01
1.831000000000000000e+03 2.230544999999999889e-01
1.837000000000000000e+03 2.242837000000000025e-01
1.842000000000000000e+03 2.257549000000000083e-01
1.848000000000000000e+03 2.268794000000000088e-01
1.854000000000000000e+03 2.288650000000000129e-01
1.860000000000000000e+03 2.305184000000000122e-01
1.866000000000000000e+03 2.320197999999999983e-01
1.871000000000000000e+03 2.334195000000000020e-01
1.877000000000000000e+03 2.348609000000000113e-01
1.883000000000000000e+03 2.362973999999999908e-01
1.889000000000000000e+03 2.384109000000000089e-01
1.895000000000000000e+03 2.397944999999999938e-01
1.900000000000000000e+03 2.412745000000000029e-01
1.906000000000000000e+03 2.428201000000000109e-01
1.912000000000000000e+03 2.441369999999999929e-01
1.918000000000000000e+03 2.462219999999999964e-01
1.924000000000000000e+03 2.485265999999999864e-01
1.930000000000000000e+03 2.503642999999999841e-01
1.935000000000000000e+03 2.519307000000000074e-01
1.941000000000000000e+03 2.535562000000000094e-01
1.947000000000000000e+03 2.552487999999999979e-01
1.953000000000000000e+03 2.574022000000000254e-01
1.959000000000000000e+03 2.593964999999999743e-01
1.964000000000000000e+03 2.609363000000000099e-01
1.970000000000000000e+03 2.626277000000000195e-01
1.976000000000000000e+03 2.640193000000000123e-01
1.982000000000000000e+03 2.662354000000000109e-01
1.988000000000000000e+03 2.687631999999999799e-01
1.993000000000000000e+03 2.704143999999999992e-01
1.999000000000000000e+03 2.721268000000000020e-01
2.005000000000000000e+03 2.737436999999999787e-01
2.011000000000000000e+03 2.754331999999999891e-01
2.017000000000000000e+03 2.779350999999999905e-01
2.023000000000000000e+03 2.796049999999999924e-01
2.028000000000000000e+03 2.815589000000000008e-01
2.034000000000000000e+03 2.832950000000000190e-01
2.040000000000000000e+03 2.848580000000000001e-01
2.046000000000000000e+03 2.868610999999999800e-01
2.052000000000000000e+03 2.889384999999999870e-01
2.057000000000000000e+03 2.911869999999999736e-01
2.063000000000000000e+03 2.927213000000000176e-01
2.069000000000000000e+03 2.945032000000000205e-01
2.075000000000000000e+03 2.964530000000000221e-01
2.081000000000000000e+03 2.987034000000000078e-01
2.087000000000000000e+03 3.005617999999999901e-01
2.092000000000000000e+03 3.024734000000000034e-01
2.098000000000000000e+03 3.043415999999999899e-01
2.104000000000000000e+03 3.058274000000000270e-01
2.110000000000000000e+03 3.079773000000000094e-01
2.116000000000000000e+03 3.103762999999999939e-01
2.121000000000000000e+03 3.123304000000000080e-01
2.127000000000000000e+03 3.142988999999999922e-01
2.133000000000000000e+03 3.165176000000000101e-01
2.139000000000000000e+03 3.185025000000000217e-01
2.145000000000000000e+03 3.213308000000000275e-01
2.150000000000000000e+03 3.239435999999999982e-01
2.156000000000000000e+03 3.256032999999999844e-01
2.162000000000000000e+03 3.279045999999999905e-01
2.168000000000000000e+03 3.293977000000000155e-01
2.174000000000000000e+03 3.319439000000000140e-01
2.180000000000000000e+03 3.351731000000000016e-01
2.185000000000000000e+03 3.372673999999999950e-01
2.191000000000000000e+03 3.394224000000000130e-01
2.197000000000000000e+03 3.416653000000000051e-01
2.203000000000000000e+03 3.438283999999999785e-01
2.209000000000000000e+03 3.464980999999999756e-01
2.214000000000000000e+03 3.488906999999999980e-01
2.220000000000000000e+03 3.509991000000000083e-01
2.226000000000000000e+03 3.531298999999999966e-01
2.232000000000000000e+03 3.547411999999999788e-01
2.238000000000000000e+03 3.576200999999999963e-01
2.243000000000000000e+03 3.604121000000000130e-01
2.249000000000000000e+03 3.625242000000000187e-01
2.255000000000000000e+03 3.646048000000000067e-01
2.261000000000000000e+03 3.662464000000000275e-01
2.267000000000000000e+03 3.684529000000000276e-01
2.273000000000000000e+03 3.715503000000000000e-01
2.278000000000000000e+03 3.737434000000000034e-01
2.284000000000000000e+03 3.758670000000000067e-01
2.290000000000000000e+03 3.780671999999999922e-01
2.296000000000000000e+03 3.799962000000000062e-01
2.302000000000000000e+03 3.830257000000000245e-01
2.307000000000000000e+03 3.860007999999999773e-01
2.313000000000000000e+03 3.883813999999999877e-01
2.319000000000000000e+03 3.905129999999999990e-01
2.325000000000000000e+03 3.930332999999999744e-01
2.331000000000000000e+03 3.948479999999999768e-01
2.336000000000000000e+03 3.979426999999999826e-01
2.342000000000000000e+03 4.005638000000000254e-01
2.348000000000000000e+03 4.031667999999999918e-01
2.354000000000000000e+03 4.053333000000000075e-01
2.360000000000000000e+03 4.073392000000000124e-01
2.366000000000000000e+03 4.102163999999999811e-01
2.371000000000000000e+03 4.130453000000000041e-01
2.377000000000000000e+03 4.148401999999999923e-01
2.383000000000000000e+03 4.168409000000000142e-01
2.389000000000000000e+03 4.184629000000000265e-01
2.395000000000000000e+03 4.201526999999999901e-01
2.400000000000000000e+03 4.225019999999999887e-01
2.406000000000000000e+03 4.247060999999999753e-01
2.412000000000000000e+03 4.267217999999999845e-01
2.418000000000000000e+03 4.281258000000000008e-01
2.424000000000000000e+03 4.293938999999999950e-01
2.430000000000000000e+03 4.313379999999999992e-01
2.435000000000000000e+03 4.328599000000000196e-01
2.441000000000000000e+03 4.340840000000000254e-01
2.447000000000000000e+03 4.350621000000000071e-01
2.453000000000000000e+03 4.367577000000000265e-01
2.459000000000000000e+03 4.377093000000000234e-01
2.464000000000000000e+03 4.386627000000000165e-01
2.470000000000000000e+03 4.398200999999999916e-01
2.476000000000000000e+03 4.404546999999999768e-01
2.482000000000000000e+03 4.405298999999999743e-01
2.488000000000000000e+03 4.409847000000000072e-01
2.493000000000000000e+03 4.405814000000000119e-01
2.499000000000000000e+03 4.401035999999999837e-01
2.505000000000000000e+03 4.394585999999999770e-01
2.511000000000000000e+03 4.390415999999999763e-01
2.517000000000000000e+03 4.376130999999999771e-01
2.523000000000000000e+03 4.365948000000000051e-01
2.528000000000000000e+03 4.343524000000000274e-01
2.534000000000000000e+03 4.322136999999999785e-01
2.540000000000000000e+03 4.301982999999999779e-01
2.546000000000000000e+03 4.278539000000000092e-01
2.552000000000000000e+03 4.250039999999999929e-01
2.557000000000000000e+03 4.215748000000000273e-01
2.563000000000000000e+03 4.167725999999999931e-01
2.569000000000000000e+03 4.136196999999999790e-01
2.575000000000000000e+03 4.100782000000000038e-01
2.581000000000000000e+03 4.057488000000000206e-01
2.586000000000000000e+03 4.011942000000000008e-01
2.592000000000000000e+03 3.951084999999999736e-01
2.598000000000000000e+03 3.892315000000000080e-01
2.604000000000000000e+03 3.843020999999999798e-01
2.610000000000000000e+03 3.785138000000000114e-01
2.616000000000000000e+03 3.733599000000000223e-01
2.621000000000000000e+03 3.666477000000000208e-01
2.627000000000000000e+03 3.579116999999999993e-01
2.633000000000000000e+03 3.530035000000000256e-01
2.639000000000000000e+03 3.518123000000000222e-01
2.645000000000000000e+03 3.531948999999999783e-01
2.650000000000000000e+03 3.560823000000000182e-01
2.656000000000000000e+03 3.598751000000000033e-01
2.662000000000000000e+03 3.627039000000000235e-01
2.668000000000000000e+03 3.654002000000000083e-01
2.674000000000000000e+03 3.678072000000000008e-01
2.679000000000000000e+03 3.696604000000000001e-01
2.685000000000000000e+03 3.721297000000000077e-01
2.691000000000000000e+03 3.749282999999999921e-01
2.697000000000000000e+03 3.766597999999999891e-01
2.703000000000000000e+03 3.782628000000000101e-01
2.709000000000000000e+03 3.799104999999999843e-01
2.714000000000000000e+03 3.814171000000000089e-01
2.720000000000000000e+03 3.833618999999999777e-01
2.726000000000000000e+03 3.850291000000000130e-01
2.732000000000000000e+03 3.860636000000000068e-01
2.738000000000000000e+03 3.873265000000000180e-01
2.743000000000000000e+03 3.884842000000000017e-01
2.749000000000000000e+03 3.896800000000000264e-01
2.755000000000000000e+03 3.913423999999999792e-01
2.761000000000000000e+03 3.928449999999999998e-01
2.767000000000000000e+03 3.939571000000000045e-01
2.773000000000000000e+03 3.945562000000000236e-01
2.778000000000000000e+03 3.959040999999999810e-01
2.784000000000000000e+03 3.973031000000000201e-01
2.790000000000000000e+03 3.982994000000000256e-01
2.796000000000000000e+03 3.990984000000000198e-01
2.802000000000000000e+03 3.999529000000000001e-01
2.807000000000000000e+03 4.008813999999999989e-01
2.813000000000000000e+03 4.018165000000000209e-01
2.819000000000000000e+03 4.027796000000000154e-01
2.825000000000000000e+03 4.036028999999999867e-01
2.831000000000000000e+03 4.051567999999999836e-01
2.836000000000000000e+03 4.055271999999999766e-01
2.842000000000000000e+03 4.065396000000000010e-01
2.848000000000000000e+03 4.072278999999999760e-01
2.854000000000000000e+03 4.074684000000000084e-01
2.860000000000000000e+03 4.082345000000000002e-01
2.866000000000000000e+03 4.088013999999999815e-01
2.871000000000000000e+03 4.093901999999999819e-01
2.877000000000000000e+03 4.101487999999999801e-01
2.883000000000000000e+03 4.109775999999999985e-01
2.889000000000000000e+03 4.111517000000000088e-01
2.895000000000000000e+03 4.120017999999999736e-01
2.900000000000000000e+03 4.128571999999999798e-01
2.906000000000000000e+03 4.133026000000000200e-01
2.912000000000000000e+03 4.136277999999999899e-01
2.918000000000000000e+03 4.147523000000000182e-01
2.924000000000000000e+03 4.155654999999999766e-01
2.929000000000000000e+03 4.158191999999999999e-01
2.935000000000000000e+03 4.165247000000000255e-01
2.941000000000000000e+03 4.173459999999999948e-01
2.947000000000000000e+03 4.185084000000000026e-01
2.953000000000000000e+03 4.196724000000000010e-01
2.959000000000000000e+03 4.204698000000000047e-01
2.964000000000000000e+03 4.204044000000000114e-01
2.970000000000000000e+03 4.213798999999999739e-01
2.976000000000000000e+03 4.218543000000000154e-01
2.982000000000000000e+03 4.228298999999999808e-01
2.988000000000000000e+03 4.234298000000000228e-01
2.993000000000000000e+03 4.236163000000000012e-01
2.999000000000000000e+03 4.236558000000000268e-01
3.005000000000000000e+03 4.239563000000000081e-01
3.011000000000000000e+03 4.243372000000000255e-01
3.017000000000000000e+03 4.245696999999999943e-01
3.022000000000000000e+03 4.250707000000000235e-01
3.028000000000000000e+03 4.254011999999999794e-01
3.034000000000000000e+03 4.253960999999999992e-01
3.040000000000000000e+03 4.256634000000000251e-01
3.046000000000000000e+03 4.260596999999999857e-01
3.052000000000000000e+03 4.260335000000000094e-01
3.057000000000000000e+03 4.260078999999999949e-01
3.063000000000000000e+03 4.263547999999999782e-01
3.069000000000000000e+03 4.268689999999999984e-01
3.075000000000000000e+03 4.269711999999999952e-01
3.081000000000000000e+03 4.269419999999999882e-01
3.086000000000000000e+03 4.270279000000000158e-01
3.092000000000000000e+03 4.270884999999999820e-01
3.098000000000000000e+03 4.273519000000000068e-01
3.104000000000000000e+03 4.270112999999999825e-01
3.110000000000000000e+03 4.271143000000000023e-01
3.116000000000000000e+03 4.278526000000000273e-01
3.121000000000000000e+03 4.282471999999999945e-01
3.127000000000000000e+03 4.276187000000000182e-01
3.133000000000000000e+03 4.275643000000000082e-01
3.139000000000000000e+03 4.272906000000000204e-01
3.145000000000000000e+03 4.273402000000000034e-01
3.150000000000000000e+03 4.276565999999999979e-01
3.156000000000000000e+03 4.275145000000000195e-01
3.162000000000000000e+03 4.275242000000000209e-01
3.168000000000000000e+03 4.276386999999999827e-01
3.174000000000000000e+03 4.276499999999999746e-01
3.179000000000000000e+03 4.272241999999999984e-01
3.185000000000000000e+03 4.269544000000000117e-01
3.191000000000000000e+03 4.268835999999999742e-01
3.197000000000000000e+03 4.265386999999999929e-01
3.203000000000000000e+03 4.257694000000000201e-01
3.209000000000000000e+03 4.249573999999999852e-01
3.214000000000000000e+03 4.237763999999999975e-01
3.220000000000000000e+03 4.222334999999999838e-01
3.226000000000000000e+03 4.210556999999999772e-01
3.232000000000000000e+03 4.192193000000000169e-01
3.238000000000000000e+03 4.179436999999999736e-01
3.243000000000000000e+03 4.172065999999999830e-01
3.249000000000000000e+03 4.171996000000000038e-01
3.255000000000000000e+03 4.169893000000000072e-01
3.261000000000000000e+03 4.164382999999999835e-01
3.267000000000000000e+03 4.159616999999999898e-01
3.272000000000000000e+03 4.153684999999999738e-01
3.278000000000000000e+03 4.153914000000000217e-01
3.284000000000000000e+03 4.148650999999999867e-01
3.290000000000000000e+03 4.141016000000000141e-01
3.296000000000000000e+03 4.129026000000000085e-01
3.302000000000000000e+03 4.111019000000000201e-01
3.307000000000000000e+03 4.095442999999999723e-01
3.313000000000000000e+03 4.077436999999999867e-01
3.319000000000000000e+03 4.053828999999999905e-01
3.325000000000000000e+03 4.019937000000000094e-01
3.331000000000000000e+03 3.976019000000000081e-01
3.336000000000000000e+03 3.947519999999999918e-01
3.342000000000000000e+03 3.927818000000000143e-01
3.348000000000000000e+03 3.906533999999999840e-01
3.354000000000000000e+03 3.903074000000000265e-01
3.360000000000000000e+03 3.935608999999999913e-01
3.365000000000000000e+03 3.984238999999999975e-01
3.371000000000000000e+03 4.028716999999999993e-01
3.377000000000000000e+03 4.062037000000000009e-01
3.383000000000000000e+03 4.083841000000000276e-01
3.389000000000000000e+03 4.103021000000000029e-01
3.395000000000000000e+03 4.109224000000000210e-01
3.400000000000000000e+03 4.115052000000000154e-01
3.406000000000000000e+03 4.114090000000000247e-01
3.412000000000000000e+03 4.106697999999999737e-01
3.418000000000000000e+03 4.102492999999999834e-01
3.424000000000000000e+03 4.098630999999999802e-01
3.429000000000000000e+03 4.091504999999999725e-01
3.435000000000000000e+03 4.079575999999999758e-01
3.441000000000000000e+03 4.071595000000000075e-01
3.447000000000000000e+03 4.067235000000000156e-01
3.453000000000000000e+03 4.067701000000000233e-01
3.458000000000000000e+03 4.058678000000000008e-01
3.464000000000000000e+03 4.051656000000000146e-01
3.470000000000000000e+03 4.052095000000000002e-01
3.476000000000000000e+03 4.040884000000000142e-01
3.482000000000000000e+03 4.036580000000000168e-01
3.488000000000000000e+03 4.022779000000000216e-01
3.493000000000000000e+03 4.014636999999999789e-01
3.499000000000000000e+03 4.006868000000000096e-01
3.505000000000000000e+03 3.997388000000000052e-01
3.511000000000000000e+03 3.987151999999999918e-01
3.517000000000000000e+03 3.976316999999999768e-01
3.522000000000000000e+03 3.961637000000000075e-01
3.528000000000000000e+03 3.955933999999999839e-01
3.534000000000000000e+03 3.947981999999999880e-01
3.540000000000000000e+03 3.933174999999999866e-01
3.546000000000000000e+03 3.923336000000000046e-01
3.552000000000000000e+03 3.910635000000000083e-01
3.557000000000000000e+03 3.897879000000000205e-01
3.563000000000000000e+03 3.888246000000000202e-01
3.569000000000000000e+03 3.875035000000000007e-01
3.575000000000000000e+03 3.860287000000000024e-01
3.581000000000000000e+03 3.853061999999999876e-01
3.586000000000000000e+03 3.843044999999999933e-01
3.592000000000000000e+03 3.826815000000000078e-01
3.598000000000000000e+03 3.820528000000000257e-01
3.604000000000000000e+03 3.802405999999999842e-01
3.610000000000000000e+03 3.794756000000000240e-01
3.615000000000000000e+03 3.782253999999999894e-01
3.621000000000000000e+03 3.767593000000000192e-01
3.627000000000000000e+03 3.760040000000000049e-01
3.633000000000000000e+03 3.748574000000000073e-01
3.639000000000000000e+03 3.741093999999999808e-01
3.645000000000000000e+03 3.734201999999999799e-01
3.650000000000000000e+03 3.722307999999999728e-01
3.656000000000000000e+03 3.714275000000000215e-01
3.662000000000000000e+03 3.707134000000000262e-01
3.668000000000000000e+03 3.694700000000000206e-01
3.674000000000000000e+03 3.684581000000000106e-01
3.679000000000000000e+03 3.669910000000000116e-01
3.685000000000000000e+03 3.652657000000000265e-01
3.691000000000000000e+03 3.637351999999999808e-01
3.697000000000000000e+03 3.624269999999999992e-01
3.703000000000000000e+03 3.612704999999999944e-01
3.708000000000000000e+03 3.599804999999999811e-01
3.714000000000000000e+03 3.578361999999999932e-01
3.720000000000000000e+03 3.566618999999999762e-01
3.726000000000000000e+03 3.554057999999999939e-01
3.732000000000000000e+03 3.534057999999999922e-01
3.738000000000000000e+03 3.517456999999999945e-01
3.743000000000000000e+03 3.497065999999999786e-01
3.749000000000000000e+03 3.484703000000000106e-01
3.755000000000000000e+03 3.470074000000000214e-01
3.761000000000000000e+03 3.452461000000000002e-01
3.767000000000000000e+03 3.440359000000000056e-01
3.772000000000000000e+03 3.423513999999999724e-01
3.778000000000000000e+03 3.404235999999999929e-01
3.784000000000000000e+03 3.389515000000000167e-01
3.790000000000000000e+03 3.378609000000000195e-01
3.796000000000000000e+03 3.358223000000000180e-01
3.801000000000000000e+03 3.347729999999999873e-01
3.807000000000000000e+03 3.327460999999999891e-01
3.813000000000000000e+03 3.310739999999999794e-01
3.819000000000000000e+03 3.294907999999999726e-01
3.825000000000000000e+03 3.278916000000000053e-01
3.831000000000000000e+03 3.268111000000000210e-01
3.836000000000000000e+03 3.251713999999999993e-01
3.842000000000000000e+03 3.232549000000000117e-01
3.848000000000000000e+03 3.214341000000000004e-01
3.854000000000000000e+03 3.201699000000000073e-01
3.860000000000000000e+03 3.185777000000000192e-01
3.865000000000000000e+03 3.167664000000000035e-01
3.871000000000000000e+03 3.149919999999999942e-01
3.877000000000000000e+03 3.127954000000000012e-01
3.883000000000000000e+03 3.109994999999999843e-01
3.889000000000000000e+03 3.093571999999999989e-01
3.895000000000000000e+03 3.078706999999999971e-01
3.900000000000000000e+03 3.058638000000000190e-01
3.906000000000000000e+03 3.035647000000000206e-01
3.912000000000000000e+03 3.017600999999999756e-01
3.918000000000000000e+03 3.006265000000000187e-01
3.924000000000000000e+03 2.987004999999999799e-01
3.929000000000000000e+03 2.970173999999999870e-01
3.935000000000000000e+03 2.948281999999999847e-01
3.941000000000000000e+03 2.927286000000000055e-01
3.947000000000000000e+03 2.911657999999999746e-01
3.953000000000000000e+03 2.897719999999999740e-01
3.958000000000000000e+03 2.879497999999999780e-01
3.964000000000000000e+03 2.858736000000000055e-01
3.970000000000000000e+03 2.831695000000000184e-01
3.976000000000000000e+03 2.815726000000000062e-01
3.982000000000000000e+03 2.801756000000000246e-01
3.988000000000000000e+03 2.776697000000000193e-01
3.993000000000000000e+03 2.755811000000000233e-01
3.999000000000000000e+03 2.733203000000000160e-01
4.005000000000000000e+03 2.706203999999999832e-01
4.011000000000000000e+03 2.687046000000000157e-01
4.017000000000000000e+03 2.664205000000000045e-01
4.022000000000000000e+03 2.646624000000000199e-01
4.028000000000000000e+03 2.618035000000000223e-01
4.034000000000000000e+03 2.577798000000000034e-01
4.040000000000000000e+03 2.537775999999999921e-01
4.046000000000000000e+03 2.514225999999999961e-01
4.051000000000000000e+03 2.485882000000000092e-01
4.057000000000000000e+03 2.457215000000000094e-01
4.063000000000000000e+03 2.415508000000000099e-01
4.069000000000000000e+03 2.377835000000000087e-01
4.075000000000000000e+03 2.339308999999999972e-01
4.081000000000000000e+03 2.301436000000000037e-01
4.086000000000000000e+03 2.263492000000000004e-01
4.092000000000000000e+03 2.226889999999999981e-01
4.098000000000000000e+03 2.221259999999999901e-01
4.104000000000000000e+03 2.249145999999999923e-01
4.110000000000000000e+03 2.283432999999999991e-01
4.115000000000000000e+03 2.305579000000000101e-01
4.121000000000000000e+03 2.310966999999999882e-01
4.127000000000000000e+03 2.306004000000000109e-01
4.133000000000000000e+03 2.291089000000000042e-01
4.139000000000000000e+03 2.276684999999999959e-01
4.144000000000000000e+03 2.261678000000000022e-01
4.150000000000000000e+03 2.246099000000000012e-01
4.156000000000000000e+03 2.227200000000000013e-01
4.162000000000000000e+03 2.204288000000000081e-01
4.168000000000000000e+03 2.185815999999999870e-01
4.174000000000000000e+03 2.171137999999999957e-01
4.179000000000000000e+03 2.151414000000000104e-01
4.185000000000000000e+03 2.137827999999999951e-01
4.191000000000000000e+03 2.116061999999999943e-01
4.197000000000000000e+03 2.094418999999999864e-01
4.203000000000000000e+03 2.076221000000000039e-01
4.208000000000000000e+03 2.060724999999999918e-01
4.214000000000000000e+03 2.043874999999999997e-01
4.220000000000000000e+03 2.023303999999999936e-01
4.226000000000000000e+03 1.998203000000000062e-01
4.232000000000000000e+03 1.978200999999999987e-01
4.238000000000000000e+03 1.963689000000000129e-01
4.243000000000000000e+03 1.942233999999999905e-01
4.249000000000000000e+03 1.927078000000000124e-01
4.255000000000000000e+03 1.908730999999999900e-01
4.261000000000000000e+03 1.883543000000000023e-01
4.267000000000000000e+03 1.863364000000000131e-01
4.272000000000000000e+03 1.846365000000000089e-01
4.278000000000000000e+03 1.831531000000000131e-01
4.284000000000000000e+03 1.811950999999999978e-01
4.290000000000000000e+03 1.787901000000000074e-01
4.296000000000000000e+03 1.771090999999999915e-01
4.301000000000000000e+03 1.757815000000000072e-01
4.307000000000000000e+03 1.741071999999999897e-01
4.313000000000000000e+03 1.726233000000000073e-01
4.319000000000000000e+03 1.703449999999999964e-01
4.325000000000000000e+03 1.683213000000000070e-01
4.331000000000000000e+03 1.664509999999999879e-01
4.336000000000000000e+03 1.649472999999999911e-01
4.342000000000000000e+03 1.634190000000000087e-01
4.348000000000000000e+03 1.615308000000000022e-01
4.354000000000000000e+03 1.589059999999999917e-01
4.360000000000000000e+03 1.573064000000000129e-01
4.365000000000000000e+03 1.558734999999999982e-01
4.371000000000000000e+03 1.539350999999999914e-01
4.377000000000000000e+03 1.520299999999999985e-01
4.383000000000000000e+03 1.497585999999999917e-01
4.389000000000000000e+03 1.475315000000000099e-01
4.394000000000000000e+03 1.457492999999999983e-01
4.400000000000000000e+03 1.440500999999999865e-01
4.406000000000000000e+03 1.424064999999999914e-01
4.412000000000000000e+03 1.403388999999999887e-01
4.418000000000000000e+03 1.380801000000000112e-01
4.424000000000000000e+03 1.359626999999999919e-01
4.429000000000000000e+03 1.341783000000000003e-01
4.435000000000000000e+03 1.316826000000000108e-01
4.441000000000000000e+03 1.292966000000000115e-01
4.447000000000000000e+03 1.268767000000000089e-01
4.453000000000000000e+03 1.252600000000000102e-01
4.458000000000000000e+03 1.243863000000000052e-01
4.464000000000000000e+03 1.234407000000000004e-01
4.470000000000000000e+03 1.224832000000000004e-01
4.476000000000000000e+03 1.214965999999999963e-01
4.482000000000000000e+03 1.196752999999999983e-01
4.487000000000000000e+03 1.183813999999999977e-01
4.493000000000000000e+03 1.171814000000000050e-01
4.499000000000000000e+03 1.154217000000000021e-01
4.505000000000000000e+03 1.143322999999999978e-01
4.511000000000000000e+03 1.124914999999999943e-01
4.517000000000000000e+03 1.102372999999999964e-01
4.522000000000000000e+03 1.087222000000000049e-01
4.528000000000000000e+03 1.074565999999999993e-01
4.534000000000000000e+03 1.060434999999999989e-01
4.540000000000000000e+03 1.046398999999999940e-01
4.546000000000000000e+03 1.030695999999999973e-01
4.551000000000000000e+03 1.020152000000000003e-01
4.557000000000000000e+03 1.009565999999999936e-01
4.563000000000000000e+03 9.920118999999999465e-02
4.569000000000000000e+03 9.780642000000000502e-02
4.575000000000000000e+03 9.645484999999999476e-02
4.581000000000000000e+03 9.502517000000000602e-02
4.586000000000000000e+03 9.411426999999999987e-02
4.592000000000000000e+03 9.290015999999999552e-02
4.598000000000000000e+03 9.166333999999999593e-02
4.604000000000000000e+03 9.059815999999999703e-02
4.610000000000000000e+03 8.898878000000000343e-02
4.615000000000000000e+03 8.766261000000000192e-02
4.621000000000000000e+03 8.655079999999999718e-02
4.627000000000000000e+03 8.489697999999999689e-02
4.633000000000000000e+03 8.369532999999999834e-02
4.639000000000000000e+03 8.188795000000000102e-02
4.644000000000000000e+03 7.988330999999999904e-02
4.650000000000000000e+03 7.817066000000000292e-02
4.656000000000000000e+03 7.661621999999999877e-02
4.662000000000000000e+03 7.481129000000000251e-02
4.668000000000000000e+03 7.289210000000000134e-02
4.674000000000000000e+03 7.030153000000000096e-02
4.679000000000000000e+03 6.861572999999999978e-02
4.685000000000000000e+03 6.753663000000000027e-02
4.691000000000000000e+03 6.675319000000000391e-02
4.697000000000000000e+03 6.670215999999999645e-02
4.703000000000000000e+03 6.648829000000000544e-02
4.708000000000000000e+03 6.623439000000000410e-02
4.714000000000000000e+03 6.594777000000000278e-02
4.720000000000000000e+03 6.564868999999999566e-02
4.726000000000000000e+03 6.505128000000000299e-02
4.732000000000000000e+03 6.425050000000000205e-02
4.737000000000000000e+03 6.323048000000000557e-02
4.743000000000000000e+03 6.213550999999999797e-02
4.749000000000000000e+03 6.142798000000000008e-02
4.755000000000000000e+03 6.039698000000000289e-02
4.761000000000000000e+03 5.970045000000000213e-02
4.767000000000000000e+03 5.863697999999999827e-02
4.772000000000000000e+03 5.752954999999999874e-02
4.778000000000000000e+03 5.660181999999999714e-02
4.784000000000000000e+03 5.592823999999999712e-02
4.790000000000000000e+03 5.491040999999999977e-02
4.796000000000000000e+03 5.413209000000000076e-02
4.801000000000000000e+03 5.296558999999999989e-02
4.807000000000000000e+03 5.210474999999999829e-02
4.813000000000000000e+03 5.138134999999999925e-02
4.819000000000000000e+03 5.026734000000000063e-02
4.825000000000000000e+03 4.963941999999999660e-02
4.830000000000000000e+03 4.861378000000000227e-02
4.836000000000000000e+03 4.761694999999999817e-02
4.842000000000000000e+03 4.679907999999999985e-02
4.848000000000000000e+03 4.609644000000000241e-02
4.854000000000000000e+03 4.526319000000000176e-02
4.860000000000000000e+03 4.438721999999999807e-02
4.865000000000000000e+03 4.333399000000000278e-02
4.871000000000000000e+03 4.239405000000000256e-02
4.877000000000000000e+03 4.161303999999999698e-02
4.883000000000000000e+03 4.050610999999999795e-02
4.889000000000000000e+03 3.993871999999999700e-02
4.894000000000000000e+03 3.888207999999999942e-02
4.900000000000000000e+03 3.782105000000000189e-02
4.906000000000000000e+03 3.686377999999999877e-02
4.912000000000000000e+03 3.612744999999999845e-02
4.918000000000000000e+03 3.520580999999999711e-02
4.924000000000000000e+03 3.447315000000000101e-02
4.929000000000000000e+03 3.393580000000000207e-02
4.935000000000000000e+03 3.359302000000000121e-02
4.941000000000000000e+03 3.325953000000000243e-02
4.947000000000000000e+03 3.275561999999999918e-02
4.953000000000000000e+03 3.233227999999999797e-02
4.958000000000000000e+03 3.175733000000000028e-02
4.964000000000000000e+03 3.080932999999999936e-02
4.970000000000000000e+03 3.017090999999999870e-02
4.976000000000000000e+03 2.962330000000000171e-02
4.982000000000000000e+03 2.898803999999999964e-02
4.987000000000000000e+03 2.840919000000000083e-02
4.993000000000000000e+03 2.757447000000000023e-02
4.999000000000000000e+03 2.697193000000000160e-02
5.005000000000000000e+03 2.656837000000000087e-02
5.011000000000000000e+03 2.575538000000000133e-02
5.017000000000000000e+03 2.529102000000000086e-02
5.022000000000000000e+03 2.468872999999999901e-02
5.028000000000000000e+03 2.384522000000000030e-02
5.034000000000000000e+03 2.324195000000000080e-02
5.040000000000000000e+03 2.277881000000000003e-02
5.046000000000000000e+03 2.213793999999999831e-02
5.051000000000000000e+03 2.162085000000000048e-02
5.057000000000000000e+03 2.099219000000000085e-02
5.063000000000000000e+03 2.041919000000000026e-02
5.069000000000000000e+03 1.981617000000000101e-02
5.075000000000000000e+03 1.914257999999999932e-02
5.080000000000000000e+03 1.867993000000000084e-02
5.086000000000000000e+03 1.814771000000000092e-02
5.092000000000000000e+03 1.734449000000000060e-02
5.098000000000000000e+03 1.683716000000000032e-02
5.104000000000000000e+03 1.636767999999999904e-02
5.110000000000000000e+03 1.580932999999999991e-02
5.115000000000000000e+03 1.542993999999999963e-02
5.121000000000000000e+03 1.485741999999999965e-02
5.127000000000000000e+03 1.436304000000000053e-02
5.133000000000000000e+03 1.400097999999999968e-02
5.139000000000000000e+03 1.358985000000000054e-02
5.144000000000000000e+03 1.318188999999999993e-02
5.150000000000000000e+03 1.279834000000000006e-02
5.156000000000000000e+03 1.218750000000000042e-02
5.162000000000000000e+03 1.182910000000000038e-02
5.168000000000000000e+03 1.151856000000000060e-02
5.173000000000000000e+03 1.127563999999999997e-02
5.179000000000000000e+03 1.097290000000000071e-02
5.185000000000000000e+03 1.061987000000000000e-02
5.191000000000000000e+03 1.037817000000000080e-02
5.197000000000000000e+03 1.015161000000000015e-02
5.203000000000000000e+03 9.864503000000000160e-03
5.208000000000000000e+03 9.643311999999999370e-03
5.214000000000000000e+03 9.513673000000000268e-03
5.220000000000000000e+03 9.260987999999999512e-03
5.226000000000000000e+03 9.015626000000000542e-03
5.232000000000000000e+03 8.754394999999999885e-03
5.237000000000000000e+03 8.358155000000000792e-03
5.243000000000000000e+03 8.051269999999999261e-03
5.249000000000000000e+03 7.484376000000000050e-03
5.255000000000000000e+03 7.028078000000000103e-03
5.261000000000000000e+03 6.391115000000000164e-03
5.267000000000000000e+03 5.816163000000000062e-03
5.272000000000000000e+03 5.490967999999999717e-03
5.278000000000000000e+03 5.245607000000000221e-03
5.284000000000000000e+03 5.000733000000000261e-03
5.290000000000000000e+03 4.855713999999999690e-03
5.296000000000000000e+03 5.021241000000000072e-03
5.301000000000000000e+03 4.972657000000000119e-03
5.307000000000000000e+03 5.145264000000000087e-03
5.313000000000000000e+03 4.996094000000000403e-03
5.319000000000000000e+03 4.935791999999999610e-03
5.325000000000000000e+03 5.009765999999999699e-03
5.330000000000000000e+03 4.733399000000000113e-03
5.336000000000000000e+03 4.555176999999999664e-03
5.342000000000000000e+03 4.290771999999999989e-03
5.348000000000000000e+03 3.951416999999999603e-03
5.354000000000000000e+03 3.764405000000000182e-03
5.360000000000000000e+03 3.773925999999999930e-03
5.365000000000000000e+03 3.656982999999999935e-03
5.371000000000000000e+03 3.603516000000000184e-03
5.377000000000000000e+03 3.806153000000000054e-03
5.383000000000000000e+03 3.800048999999999788e-03
5.389000000000000000e+03 3.809326999999999939e-03
5.394000000000000000e+03 3.792480999999999890e-03
5.400000000000000000e+03 3.779297000000000038e-03
5.406000000000000000e+03 3.718261999999999956e-03
5.412000000000000000e+03 3.532959000000000013e-03
5.418000000000000000e+03 3.617920000000000164e-03
5.423000000000000000e+03 3.604248999999999908e-03
5.429000000000000000e+03 3.525147000000000176e-03
5.435000000000000000e+03 3.653565000000000111e-03
5.441000000000000000e+03 3.828124999999999931e-03
5.447000000000000000e+03 3.774658000000000180e-03
5.453000000000000000e+03 3.831300000000000157e-03
5.458000000000000000e+03 3.706300000000000046e-03
5.464000000000000000e+03 3.722412999999999937e-03
5.470000000000000000e+03 3.681152999999999943e-03
5.476000000000000000e+03 3.467773999999999857e-03
5.482000000000000000e+03 3.558837999999999932e-03
5.487000000000000000e+03 3.606690000000000070e-03
5.493000000000000000e+03 3.491211000000000141e-03
5.499000000000000000e+03 3.436035999999999951e-03
5.505000000000000000e+03 3.377686999999999877e-03
5.511000000000000000e+03 3.406494999999999836e-03
5.516000000000000000e+03 3.370362000000000011e-03
5.522000000000000000e+03 3.363281999999999990e-03
5.528000000000000000e+03 3.323730999999999908e-03
5.534000000000000000e+03 3.481689999999999958e-03
5.540000000000000000e+03 3.293701999999999915e-03
5.546000000000000000e+03 3.233886999999999960e-03
5.551000000000000000e+03 3.332031999999999963e-03
5.557000000000000000e+03 3.362304999999999894e-03
5.563000000000000000e+03 3.403077000000000012e-03
5.569000000000000000e+03 3.382324999999999828e-03
5.575000000000000000e+03 3.329835000000000173e-03
5.580000000000000000e+03 3.453858000000000188e-03
5.586000000000000000e+03 3.329345999999999955e-03
5.592000000000000000e+03 3.232911000000000205e-03
5.598000000000000000e+03 3.299073000000000023e-03
5.604000000000000000e+03 3.216796999999999972e-03
5.610000000000000000e+03 3.274659000000000077e-03
5.615000000000000000e+03 3.320313000000000084e-03
5.621000000000000000e+03 3.262695999999999825e-03
5.627000000000000000e+03 3.310547000000000056e-03
5.633000000000000000e+03 3.344239000000000153e-03
5.639000000000000000e+03 3.257325000000000151e-03
5.644000000000000000e+03 3.384765999999999990e-03
5.650000000000000000e+03 3.219970999999999858e-03
5.656000000000000000e+03 3.224121999999999839e-03
5.662000000000000000e+03 3.333008000000000151e-03
5.668000000000000000e+03 3.271729000000000130e-03
5.673000000000000000e+03 3.297851999999999988e-03
5.679000000000000000e+03 3.312256999999999875e-03
5.685000000000000000e+03 3.250977999999999854e-03
5.691000000000000000e+03 3.265380999999999926e-03
5.697000000000000000e+03 3.313233000000000063e-03
5.703000000000000000e+03 3.186767999999999979e-03
5.708000000000000000e+03 3.235595999999999871e-03
5.714000000000000000e+03 3.280518000000000062e-03
5.720000000000000000e+03 3.270752000000000034e-03
5.726000000000000000e+03 3.363038000000000052e-03
5.732000000000000000e+03 3.236329000000000029e-03
5.737000000000000000e+03 3.286621999999999894e-03
5.743000000000000000e+03 3.291993000000000003e-03
5.749000000000000000e+03 3.305665000000000166e-03
5.755000000000000000e+03 3.351807000000000050e-03
5.761000000000000000e+03 3.343018000000000118e-03
5.766000000000000000e+03 3.347169000000000099e-03
5.772000000000000000e+03 3.385255000000000208e-03
5.778000000000000000e+03 3.262695999999999825e-03
5.784000000000000000e+03 3.189453999999999987e-03
5.790000000000000000e+03 3.299316999999999962e-03
5.796000000000000000e+03 3.226563000000000001e-03
5.801000000000000000e+03 3.224121999999999839e-03
5.807000000000000000e+03 3.237304999999999783e-03
5.813000000000000000e+03 3.191651000000000210e-03
5.819000000000000000e+03 3.301514000000000185e-03
5.825000000000000000e+03 3.313964999999999880e-03
5.830000000000000000e+03 3.256348000000000055e-03
5.836000000000000000e+03 3.272217999999999915e-03
5.842000000000000000e+03 3.150635000000000154e-03
5.848000000000000000e+03 3.207520000000000163e-03
5.854000000000000000e+03 3.410400999999999971e-03
5.859000000000000000e+03 3.252929999999999797e-03
5.865000000000000000e+03 3.164306999999999884e-03
5.871000000000000000e+03 3.237793000000000095e-03
5.877000000000000000e+03 3.166015999999999796e-03
5.883000000000000000e+03 3.207275999999999790e-03
5.889000000000000000e+03 3.328124999999999920e-03
5.894000000000000000e+03 3.151367999999999878e-03
5.900000000000000000e+03 3.227050999999999878e-03
5.906000000000000000e+03 3.204101999999999905e-03
5.912000000000000000e+03 3.277099999999999805e-03
5.918000000000000000e+03 3.307374000000000078e-03
5.923000000000000000e+03 3.172607999999999939e-03
5.929000000000000000e+03 3.174316999999999851e-03
5.935000000000000000e+03 3.260742999999999975e-03
5.941000000000000000e+03 3.204590000000000216e-03
5.947000000000000000e+03 3.182130000000000028e-03
5.953000000000000000e+03 3.388183999999999814e-03
5.958000000000000000e+03 3.303223000000000097e-03
5.964000000000000000e+03 3.313233000000000063e-03
5.970000000000000000e+03 3.224610000000000150e-03
5.976000000000000000e+03 3.165040000000000041e-03
5.982000000000000000e+03 3.241210999999999919e-03
5.987000000000000000e+03 3.055420000000000098e-03
5.993000000000000000e+03 3.126709000000000085e-03
5.999000000000000000e+03 3.118652999999999877e-03
6.000000000000000000e+03 2.995362000000000111e-03
