3.000000000000000000e+00 4.765138000000000360e-03
8.000000000000000000e+00 4.745118000000000426e-03
1.200000000000000000e+01 4.779542000000000339e-03
1.700000000000000000e+01 4.885498999999999745e-03
2.300000000000000000e+01 4.732179000000000420e-03
2.900000000000000000e+01 4.784913000000000013e-03
3.400000000000000000e+01 4.661377999999999876e-03
4.000000000000000000e+01 4.676025999999999794e-03
4.600000000000000000e+01 4.806641999999999859e-03
5.200000000000000000e+01 4.656982999999999956e-03
5.800000000000000000e+01 4.603760000000000144e-03
6.300000000000000000e+01 4.688966000000000141e-03
6.900000000000000000e+01 4.506348000000000298e-03
7.500000000000000000e+01 4.528077000000000144e-03
8.100000000000000000e+01 4.525391999999999609e-03
8.700000000000000000e+01 4.463624000000000237e-03
9.200000000000000000e+01 4.432130000000000271e-03
9.800000000000000000e+01 4.439941999999999674e-03
1.040000000000000000e+02 4.428467000000000167e-03
1.100000000000000000e+02 4.506104000000000359e-03
1.160000000000000000e+02 4.345215999999999835e-03
1.220000000000000000e+02 4.385987000000000045e-03
1.270000000000000000e+02 4.550293000000000393e-03
1.330000000000000000e+02 4.457031999999999661e-03
1.390000000000000000e+02 4.431153000000000175e-03
1.450000000000000000e+02 4.424805000000000405e-03
1.510000000000000000e+02 4.416749000000000196e-03
1.560000000000000000e+02 4.560060000000000328e-03
1.620000000000000000e+02 4.465333000000000149e-03
1.680000000000000000e+02 4.479493000000000190e-03
1.740000000000000000e+02 4.621583000000000288e-03
1.800000000000000000e+02 4.500488999999999878e-03
1.850000000000000000e+02 4.562744999999999995e-03
1.910000000000000000e+02 4.701905000000000147e-03
1.970000000000000000e+02 4.766114000000000114e-03
2.030000000000000000e+02 4.816163000000000041e-03
2.090000000000000000e+02 4.897216999999999716e-03
2.150000000000000000e+02 4.883300999999999614e-03
2.200000000000000000e+02 4.996338000000000341e-03
2.260000000000000000e+02 4.903809000000000293e-03
2.320000000000000000e+02 4.964111999999999691e-03
2.380000000000000000e+02 5.163575000000000109e-03
2.440000000000000000e+02 5.089844999999999960e-03
2.490000000000000000e+02 5.125489000000000434e-03
2.550000000000000000e+02 5.357421999999999705e-03
2.610000000000000000e+02 5.358644000000000081e-03
2.670000000000000000e+02 5.531982999999999866e-03
2.730000000000000000e+02 5.561036000000000104e-03
2.780000000000000000e+02 5.571289999999999576e-03
2.840000000000000000e+02 5.618653000000000362e-03
2.900000000000000000e+02 5.686036000000000215e-03
2.960000000000000000e+02 5.675537999999999937e-03
3.020000000000000000e+02 5.907960000000000295e-03
3.080000000000000000e+02 5.808838999999999669e-03
3.130000000000000000e+02 5.813966000000000273e-03
3.190000000000000000e+02 6.003907000000000167e-03
3.250000000000000000e+02 5.967530999999999877e-03
3.310000000000000000e+02 5.971436999999999579e-03
3.370000000000000000e+02 6.047852999999999736e-03
3.420000000000000000e+02 5.925294000000000220e-03
3.480000000000000000e+02 5.958253000000000160e-03
3.540000000000000000e+02 5.937256999999999604e-03
3.600000000000000000e+02 5.810303999999999643e-03
3.660000000000000000e+02 5.953370000000000363e-03
3.710000000000000000e+02 5.890870999999999781e-03
3.770000000000000000e+02 5.940187000000000418e-03
3.830000000000000000e+02 6.045166999999999728e-03
3.890000000000000000e+02 5.940187000000000418e-03
3.950000000000000000e+02 5.874268999999999671e-03
4.010000000000000000e+02 5.794190000000000278e-03
4.060000000000000000e+02 5.749512000000000025e-03
4.120000000000000000e+02 5.720214999999999848e-03
4.180000000000000000e+02 5.479979999999999747e-03
4.240000000000000000e+02 5.398194999999999730e-03
4.300000000000000000e+02 5.474854000000000352e-03
4.350000000000000000e+02 5.400878999999999923e-03
4.410000000000000000e+02 5.345947999999999672e-03
4.470000000000000000e+02 5.317627999999999591e-03
4.530000000000000000e+02 5.177001999999999993e-03
4.590000000000000000e+02 5.076660999999999674e-03
4.640000000000000000e+02 5.129883000000000012e-03
4.700000000000000000e+02 4.958984999999999956e-03
4.760000000000000000e+02 5.014649000000000363e-03
4.820000000000000000e+02 4.908692000000000090e-03
4.880000000000000000e+02 4.946533999999999827e-03
4.940000000000000000e+02 4.988770000000000010e-03
4.990000000000000000e+02 4.870117999999999669e-03
5.050000000000000000e+02 4.800538000000000027e-03
5.110000000000000000e+02 4.905274000000000266e-03
5.170000000000000000e+02 4.840332999999999615e-03
5.230000000000000000e+02 4.910157000000000063e-03
5.280000000000000000e+02 5.107178999999999885e-03
5.340000000000000000e+02 4.990724000000000202e-03
5.400000000000000000e+02 5.125000000000000215e-03
5.460000000000000000e+02 5.000733000000000261e-03
5.520000000000000000e+02 5.020265000000000317e-03
5.580000000000000000e+02 5.092285999999999688e-03
5.630000000000000000e+02 5.034180000000000078e-03
5.690000000000000000e+02 5.055419999999999706e-03
5.750000000000000000e+02 5.195558000000000294e-03
5.810000000000000000e+02 5.180665000000000096e-03
5.870000000000000000e+02 5.207032000000000327e-03
5.920000000000000000e+02 5.294922999999999991e-03
5.980000000000000000e+02 5.154052999999999586e-03
6.040000000000000000e+02 5.224122000000000314e-03
6.100000000000000000e+02 5.109375999999999675e-03
6.160000000000000000e+02 4.937745000000000328e-03
6.210000000000000000e+02 5.029785999999999632e-03
6.270000000000000000e+02 4.875001000000000334e-03
6.330000000000000000e+02 4.807862000000000420e-03
6.390000000000000000e+02 4.892579000000000199e-03
6.450000000000000000e+02 4.799806000000000211e-03
6.510000000000000000e+02 4.735108000000000025e-03
6.560000000000000000e+02 4.730225000000000228e-03
6.620000000000000000e+02 4.663818999999999604e-03
6.680000000000000000e+02 4.742432000000000418e-03
6.740000000000000000e+02 4.729493000000000412e-03
6.800000000000000000e+02 4.755127999999999959e-03
6.850000000000000000e+02 5.029297000000000281e-03
6.910000000000000000e+02 5.001954000000000296e-03
6.970000000000000000e+02 5.040771999999999788e-03
7.030000000000000000e+02 5.415528000000000182e-03
7.090000000000000000e+02 5.680420000000000261e-03
7.140000000000000000e+02 6.080567999999999737e-03
7.200000000000000000e+02 6.329346999999999925e-03
7.260000000000000000e+02 6.557862999999999713e-03
7.320000000000000000e+02 6.924806999999999838e-03
7.380000000000000000e+02 7.522463000000000066e-03
7.440000000000000000e+02 7.995362000000000649e-03
7.490000000000000000e+02 8.414796999999999902e-03
7.550000000000000000e+02 8.876953999999999401e-03
7.610000000000000000e+02 9.384523000000000517e-03
7.670000000000000000e+02 1.014917000000000076e-02
7.730000000000000000e+02 1.080469000000000047e-02
7.780000000000000000e+02 1.114745999999999966e-02
7.840000000000000000e+02 1.169068000000000017e-02
7.900000000000000000e+02 1.200268999999999989e-02
7.960000000000000000e+02 1.253344999999999980e-02
8.020000000000000000e+02 1.308227999999999995e-02
8.070000000000000000e+02 1.353296000000000013e-02
8.130000000000000000e+02 1.404980999999999938e-02
8.190000000000000000e+02 1.439233999999999999e-02
8.250000000000000000e+02 1.476488999999999926e-02
8.310000000000000000e+02 1.527538999999999980e-02
8.370000000000000000e+02 1.563867000000000035e-02
8.420000000000000000e+02 1.608593999999999996e-02
8.480000000000000000e+02 1.649609999999999965e-02
8.540000000000000000e+02 1.661523999999999987e-02
8.600000000000000000e+02 1.703100999999999920e-02
8.660000000000000000e+02 1.723119999999999860e-02
8.710000000000000000e+02 1.756811999999999957e-02
8.770000000000000000e+02 1.790063999999999891e-02
8.830000000000000000e+02 1.800952999999999929e-02
8.890000000000000000e+02 1.827784000000000006e-02
8.950000000000000000e+02 1.859130999999999978e-02
9.000000000000000000e+02 1.866454999999999850e-02
9.060000000000000000e+02 1.893946000000000171e-02
9.120000000000000000e+02 1.921459999999999835e-02
9.180000000000000000e+02 1.924145999999999843e-02
9.240000000000000000e+02 1.924512000000000098e-02
9.300000000000000000e+02 1.925146999999999969e-02
9.350000000000000000e+02 1.935693999999999956e-02
9.410000000000000000e+02 1.938379000000000144e-02
9.470000000000000000e+02 1.921729000000000145e-02
9.530000000000000000e+02 1.921923999999999855e-02
9.590000000000000000e+02 1.911010999999999960e-02
9.640000000000000000e+02 1.874413999999999941e-02
9.700000000000000000e+02 1.849218999999999863e-02
9.760000000000000000e+02 1.811890000000000028e-02
9.820000000000000000e+02 1.764599999999999849e-02
9.880000000000000000e+02 1.724488000000000062e-02
9.930000000000000000e+02 1.630053999999999878e-02
9.990000000000000000e+02 1.565454000000000151e-02
1.005000000000000000e+03 1.513525999999999934e-02
1.011000000000000000e+03 1.446044999999999969e-02
1.017000000000000000e+03 1.383350000000000031e-02
1.023000000000000000e+03 1.313892000000000011e-02
1.028000000000000000e+03 1.231568000000000072e-02
1.034000000000000000e+03 1.191454999999999945e-02
1.040000000000000000e+03 1.168554999999999941e-02
1.046000000000000000e+03 1.143139999999999955e-02
1.052000000000000000e+03 1.141527999999999987e-02
1.057000000000000000e+03 1.137134000000000061e-02
1.063000000000000000e+03 1.158422999999999918e-02
1.069000000000000000e+03 1.191846000000000051e-02
1.075000000000000000e+03 1.237305000000000002e-02
1.081000000000000000e+03 1.287280000000000021e-02
1.086000000000000000e+03 1.376368000000000036e-02
1.092000000000000000e+03 1.462500000000000085e-02
1.098000000000000000e+03 1.541284000000000057e-02
1.104000000000000000e+03 1.619019000000000014e-02
1.110000000000000000e+03 1.677002000000000007e-02
1.116000000000000000e+03 1.764233999999999941e-02
1.121000000000000000e+03 1.856249999999999914e-02
1.127000000000000000e+03 1.918334999999999832e-02
1.133000000000000000e+03 1.984179999999999972e-02
1.139000000000000000e+03 2.030834999999999932e-02
1.145000000000000000e+03 2.072803000000000145e-02
1.150000000000000000e+03 2.134741999999999890e-02
1.156000000000000000e+03 2.183985000000000093e-02
1.162000000000000000e+03 2.206788000000000152e-02
1.168000000000000000e+03 2.240649999999999933e-02
1.174000000000000000e+03 2.249755999999999978e-02
1.180000000000000000e+03 2.265088000000000171e-02
1.185000000000000000e+03 2.289820000000000050e-02
1.191000000000000000e+03 2.306640999999999900e-02
1.197000000000000000e+03 2.310865000000000141e-02
1.203000000000000000e+03 2.325928000000000023e-02
1.209000000000000000e+03 2.347950000000000037e-02
1.214000000000000000e+03 2.397339000000000067e-02
1.220000000000000000e+03 2.425684000000000173e-02
1.226000000000000000e+03 2.474072999999999897e-02
1.232000000000000000e+03 2.529785999999999840e-02
1.238000000000000000e+03 2.595385999999999874e-02
1.243000000000000000e+03 2.674609999999999835e-02
1.249000000000000000e+03 2.790186000000000055e-02
1.255000000000000000e+03 2.907569000000000126e-02
1.261000000000000000e+03 3.033765000000000073e-02
1.267000000000000000e+03 3.141211000000000003e-02
1.273000000000000000e+03 3.251417000000000196e-02
1.278000000000000000e+03 3.413354999999999861e-02
1.284000000000000000e+03 3.576586999999999822e-02
1.290000000000000000e+03 3.703784999999999716e-02
1.296000000000000000e+03 3.813696999999999920e-02
1.302000000000000000e+03 3.921655999999999753e-02
1.307000000000000000e+03 4.032203000000000176e-02
1.313000000000000000e+03 4.166357999999999867e-02
1.319000000000000000e+03 4.265649999999999997e-02
1.325000000000000000e+03 4.376440999999999665e-02
1.331000000000000000e+03 4.445020000000000221e-02
1.336000000000000000e+03 4.503002999999999867e-02
1.342000000000000000e+03 4.561670000000000308e-02
1.348000000000000000e+03 4.612084999999999796e-02
1.354000000000000000e+03 4.636011000000000298e-02
1.360000000000000000e+03 4.654687999999999881e-02
1.366000000000000000e+03 4.643872999999999751e-02
1.371000000000000000e+03 4.638720999999999817e-02
1.377000000000000000e+03 4.599049000000000192e-02
1.383000000000000000e+03 4.570972000000000229e-02
1.389000000000000000e+03 4.535742999999999719e-02
1.395000000000000000e+03 4.479102000000000083e-02
1.400000000000000000e+03 4.451758000000000104e-02
1.406000000000000000e+03 4.412354000000000276e-02
1.412000000000000000e+03 4.376367999999999925e-02
1.418000000000000000e+03 4.386011000000000076e-02
1.424000000000000000e+03 4.398072000000000092e-02
1.429000000000000000e+03 4.443678000000000211e-02
1.435000000000000000e+03 4.527294999999999930e-02
1.441000000000000000e+03 4.689453999999999845e-02
1.447000000000000000e+03 4.860401999999999778e-02
1.453000000000000000e+03 5.072266999999999748e-02
1.459000000000000000e+03 5.291652000000000161e-02
1.464000000000000000e+03 5.516382000000000230e-02
1.470000000000000000e+03 5.845241000000000325e-02
1.476000000000000000e+03 6.206470000000000042e-02
1.482000000000000000e+03 6.481372999999999995e-02
1.488000000000000000e+03 6.716627000000000014e-02
1.493000000000000000e+03 6.931349000000000538e-02
1.499000000000000000e+03 7.148219000000000101e-02
1.505000000000000000e+03 7.422267000000000448e-02
1.511000000000000000e+03 7.631103999999999665e-02
1.517000000000000000e+03 7.800245000000000095e-02
1.522000000000000000e+03 8.001197000000000170e-02
1.528000000000000000e+03 8.119092999999999449e-02
1.534000000000000000e+03 8.283472999999999531e-02
1.540000000000000000e+03 8.482618000000000102e-02
1.546000000000000000e+03 8.585304000000000546e-02
1.552000000000000000e+03 8.688453999999999622e-02
1.557000000000000000e+03 8.784279000000000392e-02
1.563000000000000000e+03 8.877443000000000140e-02
1.569000000000000000e+03 9.009425999999999546e-02
1.575000000000000000e+03 9.119557000000000357e-02
1.581000000000000000e+03 9.213894000000000251e-02
1.586000000000000000e+03 9.319507999999999959e-02
1.592000000000000000e+03 9.371997999999999440e-02
1.598000000000000000e+03 9.480249999999999788e-02
1.604000000000000000e+03 9.612329999999999486e-02
1.610000000000000000e+03 9.695167999999999842e-02
1.615000000000000000e+03 9.799148000000000580e-02
1.621000000000000000e+03 9.856325000000000502e-02
1.627000000000000000e+03 9.931740000000000013e-02
1.633000000000000000e+03 1.004987999999999992e-01
1.639000000000000000e+03 1.013273999999999980e-01
1.645000000000000000e+03 1.021259999999999946e-01
1.650000000000000000e+03 1.026830999999999994e-01
1.656000000000000000e+03 1.033902000000000015e-01
1.662000000000000000e+03 1.043057000000000012e-01
1.668000000000000000e+03 1.051838999999999968e-01
1.674000000000000000e+03 1.059462999999999933e-01
1.679000000000000000e+03 1.065335000000000032e-01
1.685000000000000000e+03 1.072721999999999981e-01
1.691000000000000000e+03 1.081032999999999994e-01
1.697000000000000000e+03 1.091320999999999958e-01
1.703000000000000000e+03 1.097410000000000052e-01
1.709000000000000000e+03 1.107226999999999933e-01
1.714000000000000000e+03 1.117149000000000059e-01
1.720000000000000000e+03 1.122526999999999969e-01
1.726000000000000000e+03 1.133205999999999936e-01
1.732000000000000000e+03 1.145204999999999973e-01
1.738000000000000000e+03 1.155486000000000013e-01
1.743000000000000000e+03 1.164575000000000055e-01
1.749000000000000000e+03 1.173620999999999970e-01
1.755000000000000000e+03 1.183792000000000039e-01
1.761000000000000000e+03 1.196095999999999965e-01
1.767000000000000000e+03 1.207025999999999932e-01
1.772000000000000000e+03 1.217918000000000056e-01
1.778000000000000000e+03 1.227721999999999980e-01
1.784000000000000000e+03 1.236687000000000064e-01
1.790000000000000000e+03 1.248337999999999948e-01
1.796000000000000000e+03 1.260934999999999973e-01
1.802000000000000000e+03 1.270176000000000083e-01
1.807000000000000000e+03 1.278321000000000041e-01
1.813000000000000000e+03 1.286484999999999990e-01
1.819000000000000000e+03 1.296740999999999866e-01
1.825000000000000000e+03 1.307522000000000129e-01
1.831000000000000000e+03 1.315668999999999866e-01
1.836000000000000000e+03 1.325014999999999943e-01
1.842000000000000000e+03 1.331830999999999987e-01
1.848000000000000000e+03 1.339462999999999904e-01
1.854000000000000000e+03 1.349677999999999989e-01
1.860000000000000000e+03 1.359209000000000112e-01
1.865000000000000000e+03 1.368969999999999909e-01
1.871000000000000000e+03 1.376816999999999902e-01
1.877000000000000000e+03 1.382394999999999874e-01
1.883000000000000000e+03 1.390684000000000087e-01
1.889000000000000000e+03 1.402972000000000108e-01
1.895000000000000000e+03 1.413086000000000064e-01
1.900000000000000000e+03 1.420282999999999962e-01
1.906000000000000000e+03 1.428335000000000021e-01
1.912000000000000000e+03 1.439207000000000125e-01
1.918000000000000000e+03 1.450898999999999939e-01
1.924000000000000000e+03 1.462597999999999954e-01
1.929000000000000000e+03 1.470829999999999915e-01
1.935000000000000000e+03 1.482209999999999916e-01
1.941000000000000000e+03 1.491751000000000049e-01
1.947000000000000000e+03 1.499816999999999956e-01
1.953000000000000000e+03 1.514502000000000070e-01
1.958000000000000000e+03 1.524958999999999898e-01
1.964000000000000000e+03 1.537101999999999913e-01
1.970000000000000000e+03 1.548105999999999927e-01
1.976000000000000000e+03 1.557522000000000073e-01
1.982000000000000000e+03 1.570915999999999979e-01
1.988000000000000000e+03 1.583356999999999959e-01
1.993000000000000000e+03 1.592514999999999903e-01
1.999000000000000000e+03 1.604396999999999907e-01
2.005000000000000000e+03 1.612241000000000091e-01
2.011000000000000000e+03 1.623967000000000049e-01
2.017000000000000000e+03 1.636335999999999902e-01
2.022000000000000000e+03 1.648245000000000127e-01
2.028000000000000000e+03 1.658459999999999934e-01
2.034000000000000000e+03 1.667510000000000103e-01
2.040000000000000000e+03 1.673305999999999960e-01
2.046000000000000000e+03 1.688599000000000072e-01
2.051000000000000000e+03 1.703351999999999922e-01
2.057000000000000000e+03 1.714228999999999892e-01
2.063000000000000000e+03 1.724326999999999943e-01
2.069000000000000000e+03 1.733308000000000071e-01
2.075000000000000000e+03 1.745120000000000005e-01
2.081000000000000000e+03 1.760619999999999963e-01
2.086000000000000000e+03 1.770163999999999904e-01
2.092000000000000000e+03 1.781326000000000020e-01
2.098000000000000000e+03 1.791745999999999894e-01
2.104000000000000000e+03 1.801821999999999868e-01
2.110000000000000000e+03 1.816650999999999960e-01
2.115000000000000000e+03 1.829032999999999909e-01
2.121000000000000000e+03 1.840575999999999879e-01
2.127000000000000000e+03 1.849535999999999958e-01
2.133000000000000000e+03 1.861721000000000070e-01
2.139000000000000000e+03 1.875303000000000109e-01
2.144000000000000000e+03 1.887957000000000107e-01
2.150000000000000000e+03 1.900219999999999965e-01
2.156000000000000000e+03 1.911657999999999968e-01
2.162000000000000000e+03 1.928670000000000107e-01
2.168000000000000000e+03 1.939365999999999868e-01
2.174000000000000000e+03 1.955585999999999991e-01
2.179000000000000000e+03 1.972231999999999874e-01
2.185000000000000000e+03 1.986923999999999912e-01
2.191000000000000000e+03 2.003250000000000031e-01
2.197000000000000000e+03 2.014361000000000068e-01
2.203000000000000000e+03 2.024479999999999891e-01
2.208000000000000000e+03 2.039949000000000068e-01
2.214000000000000000e+03 2.057041000000000008e-01
2.220000000000000000e+03 2.068770000000000053e-01
2.226000000000000000e+03 2.074719999999999898e-01
2.232000000000000000e+03 2.083218000000000014e-01
2.237000000000000000e+03 2.097248999999999919e-01
2.243000000000000000e+03 2.113444999999999907e-01
2.249000000000000000e+03 2.127246999999999888e-01
2.255000000000000000e+03 2.137944999999999984e-01
2.261000000000000000e+03 2.147881000000000096e-01
2.267000000000000000e+03 2.159726999999999897e-01
2.272000000000000000e+03 2.176653000000000060e-01
2.278000000000000000e+03 2.191712000000000105e-01
2.284000000000000000e+03 2.205686000000000035e-01
2.290000000000000000e+03 2.214673000000000058e-01
2.296000000000000000e+03 2.223370000000000068e-01
2.301000000000000000e+03 2.239576000000000067e-01
2.307000000000000000e+03 2.254537000000000069e-01
2.313000000000000000e+03 2.266840999999999995e-01
2.319000000000000000e+03 2.276181999999999928e-01
2.325000000000000000e+03 2.286625999999999936e-01
2.331000000000000000e+03 2.298998999999999904e-01
2.336000000000000000e+03 2.317420000000000035e-01
2.342000000000000000e+03 2.332397999999999971e-01
2.348000000000000000e+03 2.347648999999999986e-01
2.354000000000000000e+03 2.360723000000000127e-01
2.360000000000000000e+03 2.370047000000000126e-01
2.365000000000000000e+03 2.381235999999999908e-01
2.371000000000000000e+03 2.393388999999999933e-01
2.377000000000000000e+03 2.403692000000000051e-01
2.383000000000000000e+03 2.416299000000000086e-01
2.389000000000000000e+03 2.422996000000000039e-01
2.394000000000000000e+03 2.435093000000000119e-01
2.400000000000000000e+03 2.444646000000000041e-01
2.406000000000000000e+03 2.454617000000000049e-01
2.412000000000000000e+03 2.466954000000000091e-01
2.418000000000000000e+03 2.476614000000000038e-01
2.424000000000000000e+03 2.480017999999999945e-01
2.429000000000000000e+03 2.486967999999999956e-01
2.435000000000000000e+03 2.492614999999999970e-01
2.441000000000000000e+03 2.500562000000000062e-01
2.447000000000000000e+03 2.508451999999999904e-01
2.453000000000000000e+03 2.510944999999999983e-01
2.458000000000000000e+03 2.512415000000000065e-01
2.464000000000000000e+03 2.514886000000000066e-01
2.470000000000000000e+03 2.516291999999999973e-01
2.476000000000000000e+03 2.517871999999999888e-01
2.482000000000000000e+03 2.517164000000000068e-01
2.487000000000000000e+03 2.509626999999999830e-01
2.493000000000000000e+03 2.510723000000000260e-01
2.499000000000000000e+03 2.502309999999999812e-01
2.505000000000000000e+03 2.497041000000000122e-01
2.511000000000000000e+03 2.491764999999999952e-01
2.517000000000000000e+03 2.484333999999999987e-01
2.522000000000000000e+03 2.475594000000000128e-01
2.528000000000000000e+03 2.464343999999999979e-01
2.534000000000000000e+03 2.448513999999999968e-01
2.540000000000000000e+03 2.435510999999999926e-01
2.546000000000000000e+03 2.416453000000000073e-01
2.551000000000000000e+03 2.403491000000000100e-01
2.557000000000000000e+03 2.382842000000000016e-01
2.563000000000000000e+03 2.353040000000000131e-01
2.569000000000000000e+03 2.327527000000000068e-01
2.575000000000000000e+03 2.303256999999999943e-01
2.580000000000000000e+03 2.279665999999999915e-01
2.586000000000000000e+03 2.253259999999999985e-01
2.592000000000000000e+03 2.212795999999999930e-01
2.598000000000000000e+03 2.173791999999999947e-01
2.604000000000000000e+03 2.141357999999999873e-01
2.610000000000000000e+03 2.111274999999999957e-01
2.615000000000000000e+03 2.075734999999999941e-01
2.621000000000000000e+03 2.033201000000000036e-01
2.627000000000000000e+03 1.977711000000000052e-01
2.633000000000000000e+03 1.938884999999999914e-01
2.639000000000000000e+03 1.896520999999999901e-01
2.644000000000000000e+03 1.850944999999999951e-01
2.650000000000000000e+03 1.816496999999999973e-01
2.656000000000000000e+03 1.795371000000000050e-01
2.662000000000000000e+03 1.796669999999999934e-01
2.668000000000000000e+03 1.805640000000000023e-01
2.673000000000000000e+03 1.807486000000000093e-01
2.679000000000000000e+03 1.808598999999999901e-01
2.685000000000000000e+03 1.809796999999999934e-01
2.691000000000000000e+03 1.808789000000000091e-01
2.697000000000000000e+03 1.807673999999999948e-01
2.703000000000000000e+03 1.811049999999999882e-01
2.708000000000000000e+03 1.807232000000000005e-01
2.714000000000000000e+03 1.806541000000000119e-01
2.720000000000000000e+03 1.806270000000000098e-01
2.726000000000000000e+03 1.802805000000000102e-01
2.732000000000000000e+03 1.796126000000000111e-01
2.737000000000000000e+03 1.787663999999999920e-01
2.743000000000000000e+03 1.785290999999999961e-01
2.749000000000000000e+03 1.779627000000000014e-01
2.755000000000000000e+03 1.771640999999999910e-01
2.761000000000000000e+03 1.761437999999999893e-01
2.766000000000000000e+03 1.755169000000000035e-01
2.772000000000000000e+03 1.746802000000000077e-01
2.778000000000000000e+03 1.738711000000000007e-01
2.784000000000000000e+03 1.729391999999999874e-01
2.790000000000000000e+03 1.717433999999999905e-01
2.796000000000000000e+03 1.710004999999999997e-01
2.801000000000000000e+03 1.701703999999999994e-01
2.807000000000000000e+03 1.690801000000000109e-01
2.813000000000000000e+03 1.679792999999999981e-01
2.819000000000000000e+03 1.665291000000000132e-01
2.825000000000000000e+03 1.656023000000000078e-01
2.830000000000000000e+03 1.651520999999999961e-01
2.836000000000000000e+03 1.637502999999999875e-01
2.842000000000000000e+03 1.624340999999999979e-01
2.848000000000000000e+03 1.609307000000000099e-01
2.854000000000000000e+03 1.593806999999999863e-01
2.859000000000000000e+03 1.582101999999999953e-01
2.865000000000000000e+03 1.572114000000000011e-01
2.871000000000000000e+03 1.556559999999999888e-01
2.877000000000000000e+03 1.538770000000000138e-01
2.883000000000000000e+03 1.518508000000000080e-01
2.889000000000000000e+03 1.501728999999999981e-01
2.894000000000000000e+03 1.485960000000000059e-01
2.900000000000000000e+03 1.468867000000000089e-01
2.906000000000000000e+03 1.451890000000000125e-01
2.912000000000000000e+03 1.428796999999999984e-01
2.918000000000000000e+03 1.410596000000000072e-01
2.923000000000000000e+03 1.391145000000000020e-01
2.929000000000000000e+03 1.372379999999999989e-01
2.935000000000000000e+03 1.356565000000000132e-01
2.941000000000000000e+03 1.337739000000000011e-01
2.947000000000000000e+03 1.302356000000000069e-01
2.953000000000000000e+03 1.278124999999999956e-01
2.958000000000000000e+03 1.259281999999999901e-01
2.964000000000000000e+03 1.232671000000000044e-01
2.970000000000000000e+03 1.212204999999999949e-01
2.976000000000000000e+03 1.191901999999999961e-01
2.982000000000000000e+03 1.172235999999999972e-01
2.987000000000000000e+03 1.157910000000000050e-01
2.993000000000000000e+03 1.142819999999999947e-01
2.999000000000000000e+03 1.129446000000000061e-01
3.005000000000000000e+03 1.113679000000000058e-01
3.011000000000000000e+03 1.087044000000000066e-01
3.016000000000000000e+03 1.066881999999999969e-01
3.022000000000000000e+03 1.053696999999999967e-01
3.028000000000000000e+03 1.034960999999999937e-01
3.034000000000000000e+03 1.019377999999999951e-01
3.040000000000000000e+03 9.973927000000000487e-02
3.046000000000000000e+03 9.769313999999999776e-02
3.051000000000000000e+03 9.613331999999999433e-02
3.057000000000000000e+03 9.445436000000000110e-02
3.063000000000000000e+03 9.290576999999999863e-02
3.069000000000000000e+03 9.102686999999999584e-02
3.075000000000000000e+03 8.883180000000000243e-02
3.080000000000000000e+03 8.710083999999999882e-02
3.086000000000000000e+03 8.573047999999999780e-02
3.092000000000000000e+03 8.385914999999999342e-02
3.098000000000000000e+03 8.241041000000000338e-02
3.104000000000000000e+03 8.040284000000000320e-02
3.109000000000000000e+03 7.849902999999999742e-02
3.115000000000000000e+03 7.701442000000000010e-02
3.121000000000000000e+03 7.541554000000000313e-02
3.127000000000000000e+03 7.411329999999999307e-02
3.133000000000000000e+03 7.268555000000000155e-02
3.139000000000000000e+03 7.046876000000000528e-02
3.144000000000000000e+03 6.911963999999999608e-02
3.150000000000000000e+03 6.799122000000000499e-02
3.156000000000000000e+03 6.641407000000000560e-02
3.162000000000000000e+03 6.499707999999999875e-02
3.168000000000000000e+03 6.334399999999999753e-02
3.173000000000000000e+03 6.157715999999999884e-02
3.179000000000000000e+03 6.035866000000000148e-02
3.185000000000000000e+03 5.898389999999999883e-02
3.191000000000000000e+03 5.785792000000000018e-02
3.197000000000000000e+03 5.655542999999999682e-02
3.202000000000000000e+03 5.488697000000000020e-02
3.208000000000000000e+03 5.373511999999999733e-02
3.214000000000000000e+03 5.276245999999999714e-02
3.220000000000000000e+03 5.132202999999999765e-02
3.226000000000000000e+03 5.046777999999999681e-02
3.232000000000000000e+03 4.908740999999999799e-02
3.237000000000000000e+03 4.774853999999999904e-02
3.243000000000000000e+03 4.668018000000000167e-02
3.249000000000000000e+03 4.575611000000000261e-02
3.255000000000000000e+03 4.483105999999999897e-02
3.261000000000000000e+03 4.383764999999999884e-02
3.266000000000000000e+03 4.265234999999999860e-02
3.272000000000000000e+03 4.172558999999999990e-02
3.278000000000000000e+03 4.112866999999999912e-02
3.284000000000000000e+03 3.997119999999999840e-02
3.290000000000000000e+03 3.918287000000000159e-02
3.295000000000000000e+03 3.814014000000000293e-02
3.301000000000000000e+03 3.719385000000000052e-02
3.307000000000000000e+03 3.650318000000000312e-02
3.313000000000000000e+03 3.583594999999999836e-02
3.319000000000000000e+03 3.494897999999999755e-02
3.325000000000000000e+03 3.442358999999999697e-02
3.330000000000000000e+03 3.345899000000000095e-02
3.336000000000000000e+03 3.281739000000000184e-02
3.342000000000000000e+03 3.232447000000000098e-02
3.348000000000000000e+03 3.162232000000000237e-02
3.354000000000000000e+03 3.113476999999999911e-02
3.359000000000000000e+03 3.044385000000000147e-02
3.365000000000000000e+03 2.966993000000000061e-02
3.371000000000000000e+03 2.907618000000000008e-02
3.377000000000000000e+03 2.853295999999999957e-02
3.383000000000000000e+03 2.805225000000000080e-02
3.388000000000000000e+03 2.763745999999999911e-02
3.394000000000000000e+03 2.694971000000000172e-02
3.400000000000000000e+03 2.640088999999999977e-02
3.406000000000000000e+03 2.619288000000000172e-02
3.412000000000000000e+03 2.568140000000000006e-02
3.418000000000000000e+03 2.534571000000000046e-02
3.423000000000000000e+03 2.478125999999999940e-02
3.429000000000000000e+03 2.422314999999999885e-02
3.435000000000000000e+03 2.390942999999999888e-02
3.441000000000000000e+03 2.359864000000000059e-02
3.447000000000000000e+03 2.331176999999999902e-02
3.452000000000000000e+03 2.300293000000000129e-02
3.458000000000000000e+03 2.265210000000000140e-02
3.464000000000000000e+03 2.214282999999999876e-02
3.470000000000000000e+03 2.200707999999999831e-02
3.476000000000000000e+03 2.160449999999999871e-02
3.481000000000000000e+03 2.134350999999999957e-02
3.487000000000000000e+03 2.089355999999999852e-02
3.493000000000000000e+03 2.048291000000000001e-02
3.499000000000000000e+03 2.034106999999999929e-02
3.505000000000000000e+03 2.001928999999999861e-02
3.511000000000000000e+03 1.958862000000000103e-02
3.516000000000000000e+03 1.936181999999999834e-02
3.522000000000000000e+03 1.905932999999999933e-02
3.528000000000000000e+03 1.875243999999999869e-02
3.534000000000000000e+03 1.860498000000000013e-02
3.540000000000000000e+03 1.812280999999999961e-02
3.545000000000000000e+03 1.783985000000000085e-02
3.551000000000000000e+03 1.745533000000000154e-02
3.557000000000000000e+03 1.688989000000000115e-02
3.563000000000000000e+03 1.672167999999999918e-02
3.569000000000000000e+03 1.640331999999999901e-02
3.575000000000000000e+03 1.594922000000000006e-02
3.580000000000000000e+03 1.569556000000000076e-02
3.586000000000000000e+03 1.524853999999999966e-02
3.592000000000000000e+03 1.483031999999999927e-02
3.598000000000000000e+03 1.454223999999999968e-02
3.604000000000000000e+03 1.398876999999999933e-02
3.609000000000000000e+03 1.367896000000000042e-02
3.615000000000000000e+03 1.332471000000000003e-02
3.621000000000000000e+03 1.287280000000000021e-02
3.627000000000000000e+03 1.254151000000000050e-02
3.633000000000000000e+03 1.223437999999999956e-02
3.638000000000000000e+03 1.192236999999999984e-02
3.644000000000000000e+03 1.158496000000000005e-02
3.650000000000000000e+03 1.119482999999999936e-02
3.656000000000000000e+03 1.082934999999999974e-02
3.662000000000000000e+03 1.053173999999999950e-02
3.668000000000000000e+03 1.014037999999999919e-02
3.673000000000000000e+03 9.854006000000000223e-03
3.679000000000000000e+03 9.585451000000000041e-03
3.685000000000000000e+03 9.172608999999999971e-03
3.691000000000000000e+03 8.838868999999999199e-03
3.697000000000000000e+03 8.601075999999999167e-03
3.702000000000000000e+03 8.288818999999999354e-03
3.708000000000000000e+03 8.017823999999999784e-03
3.714000000000000000e+03 7.468751000000000036e-03
3.720000000000000000e+03 7.045412000000000029e-03
3.726000000000000000e+03 6.962892000000000040e-03
3.731000000000000000e+03 6.374269000000000115e-03
3.737000000000000000e+03 6.075195999999999721e-03
3.743000000000000000e+03 5.678711000000000349e-03
3.749000000000000000e+03 5.270020000000000260e-03
3.755000000000000000e+03 5.111817000000000270e-03
3.761000000000000000e+03 4.939210000000000302e-03
3.766000000000000000e+03 4.749269000000000407e-03
3.772000000000000000e+03 4.683106000000000248e-03
3.778000000000000000e+03 4.519531999999999716e-03
3.784000000000000000e+03 4.507080000000000114e-03
3.790000000000000000e+03 4.603028000000000328e-03
3.795000000000000000e+03 4.460206000000000413e-03
3.801000000000000000e+03 4.402833000000000094e-03
3.807000000000000000e+03 4.466064999999999965e-03
3.813000000000000000e+03 4.377686999999999898e-03
3.819000000000000000e+03 4.460694000000000291e-03
3.824000000000000000e+03 4.488281999999999688e-03
3.830000000000000000e+03 4.367188000000000146e-03
3.836000000000000000e+03 4.448243000000000162e-03
3.842000000000000000e+03 4.490235000000000407e-03
3.848000000000000000e+03 4.551758999999999840e-03
3.854000000000000000e+03 4.583252999999999806e-03
3.859000000000000000e+03 4.403320999999999971e-03
3.865000000000000000e+03 4.410401000000000425e-03
3.871000000000000000e+03 4.447511000000000346e-03
3.877000000000000000e+03 4.333985000000000268e-03
3.883000000000000000e+03 4.280761999999999588e-03
3.888000000000000000e+03 4.419921999999999740e-03
3.894000000000000000e+03 4.310060000000000106e-03
3.900000000000000000e+03 4.454589999999999592e-03
3.906000000000000000e+03 4.442871000000000146e-03
3.912000000000000000e+03 4.407715000000000417e-03
3.917000000000000000e+03 4.585694000000000402e-03
3.923000000000000000e+03 4.352784000000000167e-03
3.929000000000000000e+03 4.320313000000000105e-03
3.935000000000000000e+03 4.362305999999999823e-03
3.941000000000000000e+03 4.402345000000000216e-03
3.947000000000000000e+03 4.422607999999999748e-03
3.952000000000000000e+03 4.477295000000000059e-03
3.958000000000000000e+03 4.353515999999999983e-03
3.964000000000000000e+03 4.338378999999999847e-03
3.970000000000000000e+03 4.240479000000000123e-03
3.976000000000000000e+03 4.207032000000000306e-03
3.981000000000000000e+03 4.439453999999999796e-03
3.987000000000000000e+03 4.360107999999999692e-03
3.993000000000000000e+03 4.285401000000000314e-03
3.999000000000000000e+03 4.388427999999999773e-03
4.005000000000000000e+03 4.337892000000000310e-03
4.010000000000000000e+03 4.320558000000000384e-03
4.016000000000000000e+03 4.372560000000000162e-03
4.022000000000000000e+03 4.333497000000000390e-03
4.028000000000000000e+03 4.370118000000000093e-03
4.034000000000000000e+03 4.345459999999999774e-03
4.040000000000000000e+03 4.415772000000000100e-03
4.045000000000000000e+03 4.539307999999999711e-03
4.051000000000000000e+03 4.458252999999999695e-03
4.057000000000000000e+03 4.397706000000000358e-03
4.063000000000000000e+03 4.386720000000000202e-03
4.069000000000000000e+03 4.321534000000000139e-03
4.074000000000000000e+03 4.370362000000000031e-03
4.080000000000000000e+03 4.420167000000000020e-03
4.086000000000000000e+03 4.361816999999999604e-03
4.092000000000000000e+03 4.474121999999999648e-03
4.098000000000000000e+03 4.457031999999999661e-03
4.103000000000000000e+03 4.368897000000000058e-03
4.109000000000000000e+03 4.525879000000000013e-03
4.115000000000000000e+03 4.411621999999999592e-03
4.121000000000000000e+03 4.381104000000000248e-03
4.127000000000000000e+03 4.440185999999999612e-03
4.133000000000000000e+03 4.441406999999999647e-03
4.138000000000000000e+03 4.362549999999999761e-03
4.144000000000000000e+03 4.419679000000000142e-03
4.150000000000000000e+03 4.317872000000000376e-03
4.156000000000000000e+03 4.403077000000000032e-03
4.162000000000000000e+03 4.309814999999999827e-03
4.167000000000000000e+03 4.291505000000000146e-03
4.173000000000000000e+03 4.403320999999999971e-03
4.179000000000000000e+03 4.321778000000000078e-03
4.185000000000000000e+03 4.307618000000000037e-03
4.191000000000000000e+03 4.329834000000000287e-03
4.197000000000000000e+03 4.136718999999999639e-03
4.202000000000000000e+03 4.330811000000000383e-03
4.208000000000000000e+03 4.437744999999999884e-03
4.214000000000000000e+03 4.381836000000000064e-03
4.220000000000000000e+03 4.434570999999999999e-03
4.226000000000000000e+03 4.392090999999999877e-03
4.231000000000000000e+03 4.392822999999999693e-03
4.237000000000000000e+03 4.389894000000000088e-03
4.243000000000000000e+03 4.154785999999999722e-03
4.249000000000000000e+03 4.165040000000000062e-03
4.255000000000000000e+03 4.231933999999999696e-03
4.260000000000000000e+03 4.240235000000000185e-03
4.266000000000000000e+03 4.248779999999999744e-03
4.272000000000000000e+03 4.322509999999999894e-03
4.278000000000000000e+03 4.125000000000000194e-03
4.284000000000000000e+03 4.203125999999999737e-03
4.290000000000000000e+03 4.241212000000000280e-03
4.295000000000000000e+03 4.276611999999999948e-03
4.301000000000000000e+03 4.347412999999999625e-03
4.307000000000000000e+03 4.268555000000000266e-03
4.313000000000000000e+03 4.302491000000000301e-03
4.319000000000000000e+03 4.206299000000000149e-03
4.324000000000000000e+03 4.268311999999999801e-03
4.330000000000000000e+03 4.262695999999999846e-03
4.336000000000000000e+03 4.358886999999999658e-03
4.342000000000000000e+03 4.331787999999999611e-03
4.348000000000000000e+03 4.325929000000000059e-03
4.353000000000000000e+03 4.361816999999999604e-03
4.359000000000000000e+03 4.293945999999999874e-03
4.365000000000000000e+03 4.395996999999999579e-03
4.371000000000000000e+03 4.272706000000000247e-03
4.377000000000000000e+03 4.303467000000000056e-03
4.383000000000000000e+03 4.357910999999999903e-03
4.388000000000000000e+03 4.292724999999999839e-03
4.394000000000000000e+03 4.315186000000000369e-03
4.400000000000000000e+03 4.370362000000000031e-03
4.406000000000000000e+03 4.374756999999999951e-03
4.412000000000000000e+03 4.410156999999999619e-03
4.417000000000000000e+03 4.346191999999999590e-03
4.423000000000000000e+03 4.333741000000000329e-03
4.429000000000000000e+03 4.387208000000000080e-03
4.435000000000000000e+03 4.346436999999999870e-03
4.441000000000000000e+03 4.313721999999999869e-03
4.446000000000000000e+03 4.413575000000000310e-03
4.452000000000000000e+03 4.278076999999999921e-03
4.458000000000000000e+03 4.370362000000000031e-03
4.464000000000000000e+03 4.422119999999999870e-03
4.470000000000000000e+03 4.284180999999999753e-03
4.476000000000000000e+03 4.375732999999999706e-03
4.481000000000000000e+03 4.339599999999999881e-03
4.487000000000000000e+03 4.272460999999999967e-03
4.493000000000000000e+03 4.412842000000000153e-03
4.499000000000000000e+03 4.341310000000000134e-03
4.505000000000000000e+03 4.321778000000000078e-03
4.510000000000000000e+03 4.397217999999999613e-03
4.516000000000000000e+03 4.248046999999999587e-03
4.522000000000000000e+03 4.265136999999999574e-03
4.528000000000000000e+03 4.371827000000000005e-03
4.534000000000000000e+03 4.274903000000000036e-03
4.539000000000000000e+03 4.280761999999999588e-03
4.545000000000000000e+03 4.285889000000000192e-03
4.551000000000000000e+03 4.239258000000000089e-03
4.557000000000000000e+03 4.324464000000000086e-03
4.563000000000000000e+03 4.206055999999999684e-03
4.569000000000000000e+03 4.282471000000000368e-03
4.574000000000000000e+03 4.304688000000000091e-03
4.580000000000000000e+03 4.197267000000000185e-03
4.586000000000000000e+03 4.259034000000000084e-03
4.592000000000000000e+03 4.351563000000000132e-03
4.598000000000000000e+03 4.256348000000000076e-03
4.603000000000000000e+03 4.303223999999999591e-03
4.609000000000000000e+03 4.358398999999999780e-03
4.615000000000000000e+03 4.336669999999999935e-03
4.621000000000000000e+03 4.448731000000000040e-03
4.627000000000000000e+03 4.449462999999999856e-03
4.632000000000000000e+03 4.449952000000000074e-03
4.638000000000000000e+03 4.507813000000000271e-03
4.644000000000000000e+03 4.504883999999999798e-03
4.650000000000000000e+03 4.602784000000000389e-03
4.656000000000000000e+03 4.671876000000000154e-03
4.662000000000000000e+03 4.600830999999999671e-03
4.667000000000000000e+03 4.678467000000000389e-03
4.673000000000000000e+03 4.779053000000000120e-03
4.679000000000000000e+03 4.769288000000000000e-03
4.685000000000000000e+03 4.845458999999999877e-03
4.691000000000000000e+03 4.833253000000000028e-03
4.696000000000000000e+03 4.855713999999999690e-03
4.702000000000000000e+03 5.015869000000000057e-03
4.708000000000000000e+03 5.049317000000000215e-03
4.714000000000000000e+03 5.089844999999999960e-03
4.720000000000000000e+03 5.164062999999999987e-03
4.725000000000000000e+03 5.213624000000000036e-03
4.731000000000000000e+03 5.265869999999999752e-03
4.737000000000000000e+03 5.427002999999999688e-03
4.743000000000000000e+03 5.463868000000000197e-03
4.749000000000000000e+03 5.552979000000000422e-03
4.755000000000000000e+03 5.453857999999999796e-03
4.760000000000000000e+03 5.362305999999999843e-03
4.766000000000000000e+03 5.550783000000000106e-03
4.772000000000000000e+03 5.530763000000000172e-03
4.778000000000000000e+03 5.735841000000000203e-03
4.784000000000000000e+03 5.725342999999999925e-03
4.789000000000000000e+03 5.727295999999999776e-03
4.795000000000000000e+03 5.843995000000000266e-03
4.801000000000000000e+03 5.942872000000000085e-03
4.807000000000000000e+03 5.936524999999999788e-03
4.813000000000000000e+03 5.982666999999999673e-03
4.819000000000000000e+03 5.931885999999999930e-03
4.824000000000000000e+03 5.930420999999999956e-03
4.830000000000000000e+03 6.098145999999999602e-03
4.836000000000000000e+03 5.966553999999999781e-03
4.842000000000000000e+03 6.014649999999999858e-03
4.848000000000000000e+03 6.010742999999999815e-03
4.853000000000000000e+03 6.020021000000000400e-03
4.859000000000000000e+03 6.094727999999999778e-03
4.865000000000000000e+03 6.075439999999999660e-03
4.871000000000000000e+03 6.054443999999999972e-03
4.877000000000000000e+03 6.104980999999999776e-03
4.882000000000000000e+03 6.021241999999999567e-03
4.888000000000000000e+03 6.031983000000000310e-03
4.894000000000000000e+03 6.050538999999999744e-03
4.900000000000000000e+03 5.862794000000000165e-03
4.906000000000000000e+03 5.769531999999999959e-03
4.912000000000000000e+03 5.822510000000000359e-03
4.917000000000000000e+03 5.758789999999999742e-03
4.923000000000000000e+03 5.731934999999999635e-03
4.929000000000000000e+03 5.760498999999999654e-03
4.935000000000000000e+03 5.659668999999999985e-03
4.941000000000000000e+03 5.686036000000000215e-03
4.946000000000000000e+03 5.479249000000000272e-03
4.952000000000000000e+03 5.447266000000000087e-03
4.958000000000000000e+03 5.535156999999999751e-03
4.964000000000000000e+03 5.308837999999999752e-03
4.970000000000000000e+03 5.219727000000000394e-03
4.975000000000000000e+03 5.220215999999999745e-03
4.981000000000000000e+03 5.112305000000000148e-03
4.987000000000000000e+03 5.012939999999999584e-03
4.993000000000000000e+03 4.966065000000000410e-03
4.999000000000000000e+03 4.967774000000000321e-03
5.005000000000000000e+03 5.021241000000000072e-03
5.010000000000000000e+03 4.834228999999999783e-03
5.016000000000000000e+03 4.848388999999999824e-03
5.022000000000000000e+03 4.882568999999999798e-03
5.028000000000000000e+03 4.683350000000000186e-03
5.034000000000000000e+03 4.603760000000000144e-03
5.039000000000000000e+03 4.578370000000000009e-03
5.045000000000000000e+03 4.489990999999999600e-03
5.051000000000000000e+03 4.526368000000000232e-03
5.057000000000000000e+03 4.563722000000000091e-03
5.063000000000000000e+03 4.411866000000000398e-03
5.068000000000000000e+03 4.424805000000000405e-03
5.074000000000000000e+03 4.363281999999999577e-03
5.080000000000000000e+03 4.413331000000000372e-03
5.086000000000000000e+03 4.485597000000000022e-03
5.092000000000000000e+03 4.323486999999999990e-03
5.098000000000000000e+03 4.355468999999999834e-03
5.103000000000000000e+03 4.404540999999999665e-03
5.109000000000000000e+03 4.328857999999999664e-03
5.115000000000000000e+03 4.457275999999999599e-03
5.121000000000000000e+03 4.425049000000000343e-03
5.127000000000000000e+03 4.315430000000000307e-03
5.132000000000000000e+03 4.389160999999999931e-03
5.138000000000000000e+03 4.294679000000000031e-03
5.144000000000000000e+03 4.272950000000000186e-03
5.150000000000000000e+03 4.408935999999999585e-03
5.156000000000000000e+03 4.359619999999999815e-03
5.161000000000000000e+03 4.308595000000000133e-03
5.167000000000000000e+03 4.414795000000000004e-03
5.173000000000000000e+03 4.394776000000000411e-03
5.179000000000000000e+03 4.387939999999999896e-03
5.185000000000000000e+03 4.392578999999999755e-03
5.191000000000000000e+03 4.302491000000000301e-03
5.196000000000000000e+03 4.393799999999999789e-03
5.202000000000000000e+03 4.459961999999999607e-03
5.208000000000000000e+03 4.433349999999999964e-03
5.214000000000000000e+03 4.528321000000000082e-03
5.220000000000000000e+03 4.358154999999999842e-03
5.225000000000000000e+03 4.396973000000000201e-03
5.231000000000000000e+03 4.397461000000000078e-03
5.237000000000000000e+03 4.331299999999999734e-03
5.243000000000000000e+03 4.342773999999999766e-03
5.249000000000000000e+03 4.337892000000000310e-03
5.254000000000000000e+03 4.402589000000000155e-03
5.260000000000000000e+03 4.484132000000000048e-03
5.266000000000000000e+03 4.398682000000000113e-03
5.272000000000000000e+03 4.292968999999999778e-03
5.278000000000000000e+03 4.472656999999999675e-03
5.284000000000000000e+03 4.270753000000000396e-03
5.289000000000000000e+03 4.280029999999999772e-03
5.295000000000000000e+03 4.385255000000000229e-03
5.301000000000000000e+03 4.353515999999999983e-03
5.307000000000000000e+03 4.395020000000000350e-03
5.313000000000000000e+03 4.441650999999999586e-03
5.318000000000000000e+03 4.395996999999999579e-03
5.324000000000000000e+03 4.517089999999999647e-03
5.330000000000000000e+03 4.457031999999999661e-03
5.336000000000000000e+03 4.447267000000000407e-03
5.342000000000000000e+03 4.499511999999999783e-03
5.347000000000000000e+03 4.424316999999999660e-03
5.353000000000000000e+03 4.387695999999999957e-03
5.359000000000000000e+03 4.393310999999999571e-03
5.365000000000000000e+03 4.450196000000000013e-03
5.371000000000000000e+03 4.423096999999999966e-03
5.377000000000000000e+03 4.506836999999999649e-03
5.382000000000000000e+03 4.428956000000000386e-03
5.388000000000000000e+03 4.494385000000000047e-03
5.394000000000000000e+03 4.369386000000000277e-03
5.400000000000000000e+03 4.418212999999999828e-03
5.406000000000000000e+03 4.484132000000000048e-03
5.411000000000000000e+03 4.334962000000000364e-03
5.417000000000000000e+03 4.334229000000000206e-03
5.423000000000000000e+03 4.481689999999999979e-03
5.429000000000000000e+03 4.383301000000000038e-03
5.435000000000000000e+03 4.510499000000000279e-03
5.441000000000000000e+03 4.493165000000000353e-03
5.446000000000000000e+03 4.483398999999999891e-03
5.452000000000000000e+03 4.621338000000000008e-03
5.458000000000000000e+03 4.464843999999999931e-03
5.464000000000000000e+03 4.495606000000000081e-03
5.470000000000000000e+03 4.578370000000000009e-03
5.475000000000000000e+03 4.459961999999999607e-03
5.481000000000000000e+03 4.419435000000000204e-03
5.487000000000000000e+03 4.517089999999999647e-03
5.493000000000000000e+03 4.438721999999999980e-03
5.499000000000000000e+03 4.412354000000000276e-03
5.504000000000000000e+03 4.481935000000000259e-03
5.510000000000000000e+03 4.291261000000000207e-03
5.516000000000000000e+03 4.429932000000000140e-03
5.522000000000000000e+03 4.384278000000000133e-03
5.528000000000000000e+03 4.422363999999999809e-03
5.534000000000000000e+03 4.564697999999999846e-03
5.539000000000000000e+03 4.372560000000000162e-03
5.545000000000000000e+03 4.329101999999999603e-03
5.551000000000000000e+03 4.434814999999999938e-03
5.557000000000000000e+03 4.464112000000000115e-03
5.563000000000000000e+03 4.500978000000000097e-03
5.568000000000000000e+03 4.558351000000000416e-03
5.574000000000000000e+03 4.443360000000000365e-03
5.580000000000000000e+03 4.454103000000000055e-03
5.586000000000000000e+03 4.339599999999999881e-03
5.592000000000000000e+03 4.357665999999999623e-03
5.597000000000000000e+03 4.388183999999999835e-03
5.603000000000000000e+03 4.314209999999999746e-03
5.609000000000000000e+03 4.211425999999999885e-03
5.615000000000000000e+03 4.254395000000000225e-03
5.621000000000000000e+03 4.229247999999999688e-03
5.627000000000000000e+03 4.273683000000000343e-03
5.632000000000000000e+03 4.373046999999999698e-03
5.638000000000000000e+03 4.237549000000000177e-03
5.644000000000000000e+03 4.333008999999999646e-03
5.650000000000000000e+03 4.314942000000000430e-03
5.656000000000000000e+03 4.293456999999999656e-03
5.661000000000000000e+03 4.306886000000000221e-03
5.667000000000000000e+03 4.281738999999999684e-03
5.673000000000000000e+03 4.377686999999999898e-03
5.679000000000000000e+03 4.482177999999999857e-03
5.685000000000000000e+03 4.311523999999999739e-03
5.690000000000000000e+03 4.406494999999999856e-03
5.696000000000000000e+03 4.497804000000000212e-03
5.702000000000000000e+03 4.414307999999999600e-03
5.708000000000000000e+03 4.440185999999999612e-03
5.714000000000000000e+03 4.372560000000000162e-03
5.720000000000000000e+03 4.343017999999999705e-03
5.725000000000000000e+03 4.531982999999999845e-03
5.731000000000000000e+03 4.553955999999999629e-03
5.737000000000000000e+03 4.429444000000000263e-03
5.743000000000000000e+03 4.446290000000000311e-03
5.749000000000000000e+03 4.345703999999999713e-03
5.754000000000000000e+03 4.310302999999999704e-03
5.760000000000000000e+03 4.315918999999999658e-03
5.766000000000000000e+03 4.344727999999999958e-03
5.772000000000000000e+03 4.495362000000000142e-03
5.778000000000000000e+03 4.358398999999999780e-03
5.783000000000000000e+03 4.435548000000000095e-03
5.789000000000000000e+03 4.509034000000000306e-03
5.795000000000000000e+03 4.360107999999999692e-03
5.801000000000000000e+03 4.250732999999999595e-03
5.807000000000000000e+03 4.338378999999999847e-03
5.813000000000000000e+03 4.306397000000000003e-03
5.818000000000000000e+03 4.332520000000000295e-03
5.824000000000000000e+03 4.390381999999999965e-03
5.830000000000000000e+03 4.370362000000000031e-03
5.836000000000000000e+03 4.379639000000000275e-03
5.842000000000000000e+03 4.336915000000000214e-03
5.847000000000000000e+03 4.373535999999999917e-03
5.853000000000000000e+03 4.537109999999999581e-03
5.859000000000000000e+03 4.434570999999999999e-03
5.865000000000000000e+03 4.417481000000000012e-03
5.871000000000000000e+03 4.506836999999999649e-03
5.876000000000000000e+03 4.397950000000000297e-03
5.882000000000000000e+03 4.399659000000000209e-03
5.888000000000000000e+03 4.388427999999999773e-03
5.894000000000000000e+03 4.318604000000000193e-03
5.900000000000000000e+03 4.371095000000000189e-03
5.906000000000000000e+03 4.382081000000000344e-03
5.911000000000000000e+03 4.333741000000000329e-03
5.917000000000000000e+03 4.433595000000000244e-03
5.923000000000000000e+03 4.356445999999999930e-03
5.929000000000000000e+03 4.327392999999999691e-03
5.935000000000000000e+03 4.452638000000000082e-03
5.940000000000000000e+03 4.338136000000000249e-03
5.946000000000000000e+03 4.416259999999999977e-03
5.952000000000000000e+03 4.491944000000000319e-03
5.958000000000000000e+03 4.472168999999999797e-03
5.964000000000000000e+03 4.482177999999999857e-03
5.969000000000000000e+03 4.432130000000000271e-03
5.975000000000000000e+03 4.264648999999999697e-03
5.981000000000000000e+03 4.427246999999999606e-03
5.987000000000000000e+03 4.454345999999999653e-03
5.993000000000000000e+03 4.479737000000000129e-03
5.999000000000000000e+03 4.595703999999999935e-03
6.000000000000000000e+03 4.384034000000000195e-03
