3.000000000000000000e+00 5.242188000000000056e-03
8.000000000000000000e+00 5.206055999999999705e-03
1.200000000000000000e+01 5.274659000000000118e-03
1.700000000000000000e+01 5.180665000000000096e-03
2.300000000000000000e+01 5.140137000000000352e-03
2.900000000000000000e+01 5.177491000000000211e-03
3.400000000000000000e+01 5.082764000000000032e-03
4.000000000000000000e+01 4.994384999999999623e-03
4.600000000000000000e+01 5.117921000000000102e-03
5.200000000000000000e+01 4.979980999999999644e-03
5.800000000000000000e+01 5.003175000000000330e-03
6.300000000000000000e+01 5.122070999999999742e-03
6.900000000000000000e+01 5.130616000000000169e-03
7.500000000000000000e+01 5.061768999999999817e-03
8.100000000000000000e+01 5.058838000000000397e-03
8.700000000000000000e+01 4.938721000000000083e-03
9.200000000000000000e+01 4.955567000000000132e-03
9.800000000000000000e+01 4.857667000000000408e-03
1.040000000000000000e+02 4.826417000000000380e-03
1.100000000000000000e+02 4.837402999999999668e-03
1.160000000000000000e+02 4.689454000000000018e-03
1.220000000000000000e+02 4.720702999999999705e-03
1.270000000000000000e+02 4.746094000000000181e-03
1.330000000000000000e+02 4.652589000000000377e-03
1.390000000000000000e+02 4.806396999999999579e-03
1.450000000000000000e+02 4.784913000000000013e-03
1.510000000000000000e+02 4.782470999999999944e-03
1.560000000000000000e+02 4.983399000000000335e-03
1.620000000000000000e+02 4.947266999999999984e-03
1.680000000000000000e+02 4.947021999999999704e-03
1.740000000000000000e+02 5.039308000000000155e-03
1.800000000000000000e+02 5.054687999999999889e-03
1.850000000000000000e+02 5.030274000000000377e-03
1.910000000000000000e+02 5.220948000000000429e-03
1.970000000000000000e+02 5.322022000000000037e-03
2.030000000000000000e+02 5.455566000000000235e-03
2.090000000000000000e+02 5.570557000000000286e-03
2.150000000000000000e+02 5.638185000000000419e-03
2.200000000000000000e+02 5.745117999999999579e-03
2.260000000000000000e+02 5.845214999999999959e-03
2.320000000000000000e+02 5.884035000000000133e-03
2.380000000000000000e+02 6.115724000000000334e-03
2.440000000000000000e+02 6.098634000000000346e-03
2.490000000000000000e+02 6.191895999999999685e-03
2.550000000000000000e+02 6.506104000000000401e-03
2.610000000000000000e+02 6.632568999999999618e-03
2.670000000000000000e+02 6.785402000000000274e-03
2.730000000000000000e+02 6.996582999999999795e-03
2.780000000000000000e+02 6.946289999999999930e-03
2.840000000000000000e+02 7.151613000000000241e-03
2.900000000000000000e+02 7.099610000000000122e-03
2.960000000000000000e+02 7.283203999999999720e-03
3.020000000000000000e+02 7.437013999999999604e-03
3.080000000000000000e+02 7.293458000000000059e-03
3.130000000000000000e+02 7.388429000000000177e-03
3.190000000000000000e+02 7.548341000000000078e-03
3.250000000000000000e+02 7.520264999999999936e-03
3.310000000000000000e+02 7.552248000000000121e-03
3.370000000000000000e+02 7.592042999999999708e-03
3.420000000000000000e+02 7.547363999999999983e-03
3.480000000000000000e+02 7.496583000000000239e-03
3.540000000000000000e+02 7.426760000000000132e-03
3.600000000000000000e+02 7.367677000000000427e-03
3.660000000000000000e+02 7.463868000000000238e-03
3.710000000000000000e+02 7.256349999999999953e-03
3.770000000000000000e+02 7.186768999999999970e-03
3.830000000000000000e+02 7.364258999999999736e-03
3.890000000000000000e+02 7.182374000000000050e-03
3.950000000000000000e+02 7.075195999999999742e-03
4.010000000000000000e+02 6.972901999999999573e-03
4.060000000000000000e+02 6.910890000000000262e-03
4.120000000000000000e+02 6.823486999999999608e-03
4.180000000000000000e+02 6.649903000000000411e-03
4.240000000000000000e+02 6.457519999999999580e-03
4.300000000000000000e+02 6.408691999999999687e-03
4.350000000000000000e+02 6.231201999999999921e-03
4.410000000000000000e+02 6.178956999999999679e-03
4.470000000000000000e+02 6.177247000000000293e-03
4.530000000000000000e+02 6.008546000000000026e-03
4.590000000000000000e+02 5.851318999999999791e-03
4.640000000000000000e+02 5.848144999999999906e-03
4.700000000000000000e+02 5.649903000000000390e-03
4.760000000000000000e+02 5.673583999999999745e-03
4.820000000000000000e+02 5.522705000000000149e-03
4.880000000000000000e+02 5.567627000000000340e-03
4.940000000000000000e+02 5.692871999999999863e-03
4.990000000000000000e+02 5.543702000000000178e-03
5.050000000000000000e+02 5.492188000000000278e-03
5.110000000000000000e+02 5.714112000000000358e-03
5.170000000000000000e+02 5.566406999999999779e-03
5.230000000000000000e+02 5.752931000000000190e-03
5.280000000000000000e+02 5.746094999999999675e-03
5.340000000000000000e+02 5.666993000000000377e-03
5.400000000000000000e+02 5.768556000000000204e-03
5.460000000000000000e+02 5.747803999999999587e-03
5.520000000000000000e+02 5.662109999999999713e-03
5.580000000000000000e+02 5.793702000000000400e-03
5.630000000000000000e+02 5.848144999999999906e-03
5.690000000000000000e+02 5.785644999999999850e-03
5.750000000000000000e+02 5.879152000000000336e-03
5.810000000000000000e+02 5.807129999999999757e-03
5.870000000000000000e+02 5.847657000000000029e-03
5.920000000000000000e+02 5.843262999999999582e-03
5.980000000000000000e+02 5.700440000000000194e-03
6.040000000000000000e+02 5.648193999999999611e-03
6.100000000000000000e+02 5.579591000000000064e-03
6.160000000000000000e+02 5.514159999999999721e-03
6.210000000000000000e+02 5.519287999999999798e-03
6.270000000000000000e+02 5.288819000000000159e-03
6.330000000000000000e+02 5.204346000000000319e-03
6.390000000000000000e+02 5.258546000000000227e-03
6.450000000000000000e+02 5.176026000000000238e-03
6.510000000000000000e+02 5.229491999999999648e-03
6.560000000000000000e+02 5.295166999999999929e-03
6.620000000000000000e+02 5.224610000000000191e-03
6.680000000000000000e+02 5.403077000000000053e-03
6.740000000000000000e+02 5.529298000000000199e-03
6.800000000000000000e+02 5.561769000000000261e-03
6.850000000000000000e+02 5.871582999999999664e-03
6.910000000000000000e+02 6.094971999999999716e-03
6.970000000000000000e+02 6.463868999999999691e-03
7.030000000000000000e+02 7.014405999999999940e-03
7.090000000000000000e+02 7.505860999999999957e-03
7.140000000000000000e+02 8.058839999999999407e-03
7.200000000000000000e+02 8.696535000000000029e-03
7.260000000000000000e+02 9.266358000000000580e-03
7.320000000000000000e+02 1.006128000000000057e-02
7.380000000000000000e+02 1.096362000000000031e-02
7.440000000000000000e+02 1.169164999999999961e-02
7.490000000000000000e+02 1.256322999999999988e-02
7.550000000000000000e+02 1.315649999999999979e-02
7.610000000000000000e+02 1.394701999999999921e-02
7.670000000000000000e+02 1.506103999999999950e-02
7.730000000000000000e+02 1.592456000000000080e-02
7.780000000000000000e+02 1.675489000000000145e-02
7.840000000000000000e+02 1.760400999999999980e-02
7.900000000000000000e+02 1.814086999999999991e-02
7.960000000000000000e+02 1.894921999999999926e-02
8.020000000000000000e+02 1.997998000000000135e-02
8.070000000000000000e+02 2.064063000000000009e-02
8.130000000000000000e+02 2.139013999999999846e-02
8.190000000000000000e+02 2.214477999999999933e-02
8.250000000000000000e+02 2.261254999999999862e-02
8.310000000000000000e+02 2.361792999999999879e-02
8.370000000000000000e+02 2.420678999999999886e-02
8.420000000000000000e+02 2.495239999999999958e-02
8.480000000000000000e+02 2.551490000000000008e-02
8.540000000000000000e+02 2.587158999999999986e-02
8.600000000000000000e+02 2.649512000000000048e-02
8.660000000000000000e+02 2.706518999999999939e-02
8.710000000000000000e+02 2.742139000000000035e-02
8.770000000000000000e+02 2.797877000000000003e-02
8.830000000000000000e+02 2.833130000000000023e-02
8.890000000000000000e+02 2.882227000000000053e-02
8.950000000000000000e+02 2.926563000000000081e-02
9.000000000000000000e+02 2.961451000000000014e-02
9.060000000000000000e+02 2.988477000000000147e-02
9.120000000000000000e+02 3.028565000000000076e-02
9.180000000000000000e+02 3.033715999999999843e-02
9.240000000000000000e+02 3.059571000000000165e-02
9.300000000000000000e+02 3.074438999999999991e-02
9.350000000000000000e+02 3.064721999999999932e-02
9.410000000000000000e+02 3.073657999999999946e-02
9.470000000000000000e+02 3.041479999999999878e-02
9.530000000000000000e+02 3.035498999999999836e-02
9.590000000000000000e+02 2.989624999999999921e-02
9.640000000000000000e+02 2.920118000000000019e-02
9.700000000000000000e+02 2.857178000000000148e-02
9.760000000000000000e+02 2.789917000000000091e-02
9.820000000000000000e+02 2.714429000000000147e-02
9.880000000000000000e+02 2.613868000000000094e-02
9.930000000000000000e+02 2.476928999999999936e-02
9.990000000000000000e+02 2.372998999999999942e-02
1.005000000000000000e+03 2.276001000000000066e-02
1.011000000000000000e+03 2.178539999999999990e-02
1.017000000000000000e+03 2.091553000000000162e-02
1.023000000000000000e+03 2.004273000000000166e-02
1.028000000000000000e+03 1.914429000000000131e-02
1.034000000000000000e+03 1.863843000000000097e-02
1.040000000000000000e+03 1.835815999999999837e-02
1.046000000000000000e+03 1.813696000000000058e-02
1.052000000000000000e+03 1.835449000000000108e-02
1.057000000000000000e+03 1.875171000000000129e-02
1.063000000000000000e+03 1.923193999999999945e-02
1.069000000000000000e+03 1.998778999999999834e-02
1.075000000000000000e+03 2.075170999999999960e-02
1.081000000000000000e+03 2.158349999999999852e-02
1.087000000000000000e+03 2.306226000000000109e-02
1.092000000000000000e+03 2.429125999999999855e-02
1.098000000000000000e+03 2.539844000000000129e-02
1.104000000000000000e+03 2.660743000000000136e-02
1.110000000000000000e+03 2.752198000000000144e-02
1.116000000000000000e+03 2.858936000000000116e-02
1.121000000000000000e+03 2.982691000000000162e-02
1.127000000000000000e+03 3.084765999999999897e-02
1.133000000000000000e+03 3.176661000000000068e-02
1.139000000000000000e+03 3.245239999999999930e-02
1.145000000000000000e+03 3.312426999999999733e-02
1.150000000000000000e+03 3.393432999999999866e-02
1.156000000000000000e+03 3.446264999999999745e-02
1.162000000000000000e+03 3.498707000000000206e-02
1.168000000000000000e+03 3.554078000000000098e-02
1.174000000000000000e+03 3.566529000000000227e-02
1.180000000000000000e+03 3.605201000000000239e-02
1.185000000000000000e+03 3.639185000000000336e-02
1.191000000000000000e+03 3.677148999999999696e-02
1.197000000000000000e+03 3.722657000000000049e-02
1.203000000000000000e+03 3.758961000000000247e-02
1.209000000000000000e+03 3.825317999999999774e-02
1.214000000000000000e+03 3.920582000000000233e-02
1.220000000000000000e+03 4.015356999999999954e-02
1.226000000000000000e+03 4.112720000000000264e-02
1.232000000000000000e+03 4.234302999999999678e-02
1.238000000000000000e+03 4.362670999999999910e-02
1.243000000000000000e+03 4.515162000000000342e-02
1.249000000000000000e+03 4.731666000000000344e-02
1.255000000000000000e+03 4.942482000000000125e-02
1.261000000000000000e+03 5.117529999999999996e-02
1.267000000000000000e+03 5.317774000000000112e-02
1.273000000000000000e+03 5.491284999999999916e-02
1.278000000000000000e+03 5.748048000000000046e-02
1.284000000000000000e+03 5.980420999999999654e-02
1.290000000000000000e+03 6.198047999999999752e-02
1.296000000000000000e+03 6.369751999999999359e-02
1.302000000000000000e+03 6.537526000000000448e-02
1.307000000000000000e+03 6.726709000000000160e-02
1.313000000000000000e+03 6.916139000000000314e-02
1.319000000000000000e+03 7.072169000000000372e-02
1.325000000000000000e+03 7.201198000000000321e-02
1.331000000000000000e+03 7.301855999999999625e-02
1.336000000000000000e+03 7.373560999999999310e-02
1.342000000000000000e+03 7.468115999999999643e-02
1.348000000000000000e+03 7.522901999999999367e-02
1.354000000000000000e+03 7.541894999999999849e-02
1.360000000000000000e+03 7.553688000000000069e-02
1.366000000000000000e+03 7.534449999999999481e-02
1.371000000000000000e+03 7.512085999999999764e-02
1.377000000000000000e+03 7.466432000000000624e-02
1.383000000000000000e+03 7.402417999999999498e-02
1.389000000000000000e+03 7.389136999999999789e-02
1.395000000000000000e+03 7.330396999999999608e-02
1.400000000000000000e+03 7.301294999999999313e-02
1.406000000000000000e+03 7.298707000000000111e-02
1.412000000000000000e+03 7.332497000000000320e-02
1.418000000000000000e+03 7.414162000000000530e-02
1.424000000000000000e+03 7.519019000000000397e-02
1.429000000000000000e+03 7.673462999999999812e-02
1.435000000000000000e+03 7.872998999999999969e-02
1.441000000000000000e+03 8.228517000000000470e-02
1.447000000000000000e+03 8.587330999999999437e-02
1.453000000000000000e+03 8.947658000000000000e-02
1.459000000000000000e+03 9.344410000000000216e-02
1.464000000000000000e+03 9.683400000000000341e-02
1.470000000000000000e+03 1.017620000000000052e-01
1.476000000000000000e+03 1.071166999999999953e-01
1.482000000000000000e+03 1.109461000000000058e-01
1.488000000000000000e+03 1.146252999999999994e-01
1.493000000000000000e+03 1.177978999999999971e-01
1.499000000000000000e+03 1.210959999999999953e-01
1.505000000000000000e+03 1.252372999999999958e-01
1.511000000000000000e+03 1.284634000000000054e-01
1.517000000000000000e+03 1.311748000000000081e-01
1.522000000000000000e+03 1.339320999999999984e-01
1.528000000000000000e+03 1.359158000000000033e-01
1.534000000000000000e+03 1.388811000000000073e-01
1.540000000000000000e+03 1.418675000000000075e-01
1.546000000000000000e+03 1.440867000000000120e-01
1.552000000000000000e+03 1.459428999999999865e-01
1.557000000000000000e+03 1.477874000000000132e-01
1.563000000000000000e+03 1.495529999999999915e-01
1.569000000000000000e+03 1.518627999999999922e-01
1.575000000000000000e+03 1.535015000000000129e-01
1.581000000000000000e+03 1.551258000000000081e-01
1.586000000000000000e+03 1.567360999999999893e-01
1.592000000000000000e+03 1.581402000000000085e-01
1.598000000000000000e+03 1.598063999999999873e-01
1.604000000000000000e+03 1.618344999999999922e-01
1.610000000000000000e+03 1.630651999999999935e-01
1.616000000000000000e+03 1.649246000000000045e-01
1.621000000000000000e+03 1.659858999999999918e-01
1.627000000000000000e+03 1.674277999999999877e-01
1.633000000000000000e+03 1.691132999999999942e-01
1.639000000000000000e+03 1.705247000000000013e-01
1.645000000000000000e+03 1.721208999999999933e-01
1.650000000000000000e+03 1.732550999999999952e-01
1.656000000000000000e+03 1.744240999999999986e-01
1.662000000000000000e+03 1.760637999999999925e-01
1.668000000000000000e+03 1.777005000000000112e-01
1.674000000000000000e+03 1.786763000000000101e-01
1.679000000000000000e+03 1.797874000000000139e-01
1.685000000000000000e+03 1.808800999999999881e-01
1.691000000000000000e+03 1.822113999999999956e-01
1.697000000000000000e+03 1.840359000000000023e-01
1.703000000000000000e+03 1.856166999999999956e-01
1.709000000000000000e+03 1.867617000000000027e-01
1.714000000000000000e+03 1.881797000000000053e-01
1.720000000000000000e+03 1.896509000000000111e-01
1.726000000000000000e+03 1.912426999999999877e-01
1.732000000000000000e+03 1.933896999999999977e-01
1.738000000000000000e+03 1.951440999999999870e-01
1.743000000000000000e+03 1.966807000000000138e-01
1.749000000000000000e+03 1.981707000000000052e-01
1.755000000000000000e+03 1.999900000000000011e-01
1.761000000000000000e+03 2.021600000000000064e-01
1.767000000000000000e+03 2.040481000000000100e-01
1.772000000000000000e+03 2.053396000000000110e-01
1.778000000000000000e+03 2.068764999999999910e-01
1.784000000000000000e+03 2.083914000000000044e-01
1.790000000000000000e+03 2.103408999999999973e-01
1.796000000000000000e+03 2.124339000000000088e-01
1.802000000000000000e+03 2.140410000000000090e-01
1.807000000000000000e+03 2.153084000000000109e-01
1.813000000000000000e+03 2.167390999999999901e-01
1.819000000000000000e+03 2.181748000000000021e-01
1.825000000000000000e+03 2.197928000000000104e-01
1.831000000000000000e+03 2.213748000000000105e-01
1.836000000000000000e+03 2.228167000000000064e-01
1.842000000000000000e+03 2.239458000000000004e-01
1.848000000000000000e+03 2.252919999999999923e-01
1.854000000000000000e+03 2.271514000000000033e-01
1.860000000000000000e+03 2.288543000000000105e-01
1.865000000000000000e+03 2.304858999999999936e-01
1.871000000000000000e+03 2.318726000000000120e-01
1.877000000000000000e+03 2.331040000000000056e-01
1.883000000000000000e+03 2.343698999999999921e-01
1.889000000000000000e+03 2.361790000000000000e-01
1.895000000000000000e+03 2.378724000000000116e-01
1.900000000000000000e+03 2.396100999999999925e-01
1.906000000000000000e+03 2.412463999999999997e-01
1.912000000000000000e+03 2.423711000000000060e-01
1.918000000000000000e+03 2.442002000000000062e-01
1.924000000000000000e+03 2.464455999999999869e-01
1.929000000000000000e+03 2.481262999999999941e-01
1.935000000000000000e+03 2.497341999999999895e-01
1.941000000000000000e+03 2.512610000000000121e-01
1.947000000000000000e+03 2.530889000000000055e-01
1.953000000000000000e+03 2.550777000000000183e-01
1.958000000000000000e+03 2.570200000000000262e-01
1.964000000000000000e+03 2.584643999999999830e-01
1.970000000000000000e+03 2.600336999999999787e-01
1.976000000000000000e+03 2.614277999999999880e-01
1.982000000000000000e+03 2.639470999999999901e-01
1.988000000000000000e+03 2.663821000000000105e-01
1.993000000000000000e+03 2.679716999999999794e-01
1.999000000000000000e+03 2.695719999999999783e-01
2.005000000000000000e+03 2.710289000000000170e-01
2.011000000000000000e+03 2.730484000000000244e-01
2.017000000000000000e+03 2.755040000000000266e-01
2.022000000000000000e+03 2.775329999999999742e-01
2.028000000000000000e+03 2.790913999999999895e-01
2.034000000000000000e+03 2.807471000000000272e-01
2.040000000000000000e+03 2.822267999999999999e-01
2.046000000000000000e+03 2.844476000000000226e-01
2.051000000000000000e+03 2.865966999999999820e-01
2.057000000000000000e+03 2.884824999999999751e-01
2.063000000000000000e+03 2.901913999999999882e-01
2.069000000000000000e+03 2.918222999999999789e-01
2.075000000000000000e+03 2.936235999999999846e-01
2.081000000000000000e+03 2.959891000000000050e-01
2.086000000000000000e+03 2.980483999999999911e-01
2.092000000000000000e+03 2.996520999999999768e-01
2.098000000000000000e+03 3.013387000000000149e-01
2.104000000000000000e+03 3.032272999999999774e-01
2.110000000000000000e+03 3.052929999999999811e-01
2.115000000000000000e+03 3.077412999999999954e-01
2.121000000000000000e+03 3.097253999999999841e-01
2.127000000000000000e+03 3.117778999999999967e-01
2.133000000000000000e+03 3.135434999999999750e-01
2.139000000000000000e+03 3.156680000000000041e-01
2.145000000000000000e+03 3.182790999999999815e-01
2.150000000000000000e+03 3.206152999999999920e-01
2.156000000000000000e+03 3.229548999999999892e-01
2.162000000000000000e+03 3.249754000000000254e-01
2.168000000000000000e+03 3.270261999999999891e-01
2.174000000000000000e+03 3.293403999999999776e-01
2.179000000000000000e+03 3.320306000000000091e-01
2.185000000000000000e+03 3.343973000000000084e-01
2.191000000000000000e+03 3.364246000000000181e-01
2.197000000000000000e+03 3.383489000000000080e-01
2.203000000000000000e+03 3.405347000000000235e-01
2.208000000000000000e+03 3.432692999999999994e-01
2.214000000000000000e+03 3.454421999999999771e-01
2.220000000000000000e+03 3.475608000000000031e-01
2.226000000000000000e+03 3.494582999999999995e-01
2.232000000000000000e+03 3.514384999999999870e-01
2.238000000000000000e+03 3.540561999999999876e-01
2.243000000000000000e+03 3.567221999999999893e-01
2.249000000000000000e+03 3.589332000000000078e-01
2.255000000000000000e+03 3.610184000000000171e-01
2.261000000000000000e+03 3.631263000000000130e-01
2.267000000000000000e+03 3.649993000000000265e-01
2.272000000000000000e+03 3.679553999999999880e-01
2.278000000000000000e+03 3.702400000000000135e-01
2.284000000000000000e+03 3.721406999999999909e-01
2.290000000000000000e+03 3.742847000000000257e-01
2.296000000000000000e+03 3.761523999999999979e-01
2.301000000000000000e+03 3.787116999999999845e-01
2.307000000000000000e+03 3.814808000000000088e-01
2.313000000000000000e+03 3.835073999999999983e-01
2.319000000000000000e+03 3.860250000000000070e-01
2.325000000000000000e+03 3.880005999999999733e-01
2.331000000000000000e+03 3.898408999999999902e-01
2.336000000000000000e+03 3.927606000000000153e-01
2.342000000000000000e+03 3.952749999999999875e-01
2.348000000000000000e+03 3.975924000000000125e-01
2.354000000000000000e+03 4.000748000000000082e-01
2.360000000000000000e+03 4.018064000000000080e-01
2.365000000000000000e+03 4.046849000000000141e-01
2.371000000000000000e+03 4.070904000000000189e-01
2.377000000000000000e+03 4.093126000000000264e-01
2.383000000000000000e+03 4.111484999999999723e-01
2.389000000000000000e+03 4.130982000000000265e-01
2.394000000000000000e+03 4.149651999999999785e-01
2.400000000000000000e+03 4.176181999999999950e-01
2.406000000000000000e+03 4.198426000000000102e-01
2.412000000000000000e+03 4.215269999999999850e-01
2.418000000000000000e+03 4.230657999999999919e-01
2.424000000000000000e+03 4.246218999999999966e-01
2.429000000000000000e+03 4.265637999999999930e-01
2.435000000000000000e+03 4.283552999999999944e-01
2.441000000000000000e+03 4.294260999999999773e-01
2.447000000000000000e+03 4.303035000000000054e-01
2.453000000000000000e+03 4.312893999999999894e-01
2.458000000000000000e+03 4.321568000000000076e-01
2.464000000000000000e+03 4.330693999999999932e-01
2.470000000000000000e+03 4.339917999999999831e-01
2.476000000000000000e+03 4.346188000000000273e-01
2.482000000000000000e+03 4.350272000000000028e-01
2.487000000000000000e+03 4.352661999999999920e-01
2.493000000000000000e+03 4.356990000000000030e-01
2.499000000000000000e+03 4.350341999999999820e-01
2.505000000000000000e+03 4.343738999999999795e-01
2.511000000000000000e+03 4.336557999999999802e-01
2.517000000000000000e+03 4.326512000000000135e-01
2.522000000000000000e+03 4.313961000000000046e-01
2.528000000000000000e+03 4.295283999999999769e-01
2.534000000000000000e+03 4.273920999999999970e-01
2.540000000000000000e+03 4.252316999999999902e-01
2.546000000000000000e+03 4.228333000000000230e-01
2.551000000000000000e+03 4.202117000000000213e-01
2.557000000000000000e+03 4.168974999999999764e-01
2.563000000000000000e+03 4.122454999999999870e-01
2.569000000000000000e+03 4.087495999999999907e-01
2.575000000000000000e+03 4.052356999999999765e-01
2.580000000000000000e+03 4.010815999999999826e-01
2.586000000000000000e+03 3.968923999999999785e-01
2.592000000000000000e+03 3.906676000000000037e-01
2.598000000000000000e+03 3.853616999999999737e-01
2.604000000000000000e+03 3.801902999999999810e-01
2.610000000000000000e+03 3.747045999999999988e-01
2.615000000000000000e+03 3.694279999999999786e-01
2.621000000000000000e+03 3.630682000000000076e-01
2.627000000000000000e+03 3.539434000000000191e-01
2.633000000000000000e+03 3.477934999999999777e-01
2.639000000000000000e+03 3.451656000000000168e-01
2.644000000000000000e+03 3.452397999999999856e-01
2.650000000000000000e+03 3.476495000000000002e-01
2.656000000000000000e+03 3.512067999999999857e-01
2.662000000000000000e+03 3.545580999999999872e-01
2.668000000000000000e+03 3.566094000000000208e-01
2.674000000000000000e+03 3.583303999999999934e-01
2.679000000000000000e+03 3.601805000000000145e-01
2.685000000000000000e+03 3.622451999999999894e-01
2.691000000000000000e+03 3.643103999999999787e-01
2.697000000000000000e+03 3.662949999999999817e-01
2.703000000000000000e+03 3.678764999999999952e-01
2.708000000000000000e+03 3.692394999999999983e-01
2.714000000000000000e+03 3.704780999999999769e-01
2.720000000000000000e+03 3.718159999999999799e-01
2.726000000000000000e+03 3.733686999999999978e-01
2.732000000000000000e+03 3.746425999999999923e-01
2.737000000000000000e+03 3.756225999999999732e-01
2.743000000000000000e+03 3.764280999999999877e-01
2.749000000000000000e+03 3.780302999999999858e-01
2.755000000000000000e+03 3.789411999999999781e-01
2.761000000000000000e+03 3.799056000000000100e-01
2.767000000000000000e+03 3.809332000000000273e-01
2.772000000000000000e+03 3.819353999999999805e-01
2.778000000000000000e+03 3.824444000000000177e-01
2.784000000000000000e+03 3.835146999999999862e-01
2.790000000000000000e+03 3.844039000000000206e-01
2.796000000000000000e+03 3.853963000000000250e-01
2.801000000000000000e+03 3.862734999999999919e-01
2.807000000000000000e+03 3.867569000000000146e-01
2.813000000000000000e+03 3.873885000000000245e-01
2.819000000000000000e+03 3.883352999999999944e-01
2.825000000000000000e+03 3.887738000000000027e-01
2.830000000000000000e+03 3.893787000000000220e-01
2.836000000000000000e+03 3.897849999999999926e-01
2.842000000000000000e+03 3.900736000000000203e-01
2.848000000000000000e+03 3.908923999999999732e-01
2.854000000000000000e+03 3.913709000000000215e-01
2.860000000000000000e+03 3.917886999999999897e-01
2.865000000000000000e+03 3.915787000000000018e-01
2.871000000000000000e+03 3.917651999999999801e-01
2.877000000000000000e+03 3.924146000000000023e-01
2.883000000000000000e+03 3.927649999999999753e-01
2.889000000000000000e+03 3.929682999999999926e-01
2.894000000000000000e+03 3.929733999999999727e-01
2.900000000000000000e+03 3.928989999999999982e-01
2.906000000000000000e+03 3.930870000000000197e-01
2.912000000000000000e+03 3.932978999999999781e-01
2.918000000000000000e+03 3.936810000000000032e-01
2.923000000000000000e+03 3.934474000000000027e-01
2.929000000000000000e+03 3.937517999999999851e-01
2.935000000000000000e+03 3.940557000000000087e-01
2.941000000000000000e+03 3.947681000000000107e-01
2.947000000000000000e+03 3.949680999999999886e-01
2.953000000000000000e+03 3.952125000000000221e-01
2.958000000000000000e+03 3.955005999999999799e-01
2.964000000000000000e+03 3.954669000000000101e-01
2.970000000000000000e+03 3.957137000000000016e-01
2.976000000000000000e+03 3.955113000000000101e-01
2.982000000000000000e+03 3.954309999999999770e-01
2.987000000000000000e+03 3.955764999999999976e-01
2.993000000000000000e+03 3.954827000000000203e-01
2.999000000000000000e+03 3.950434999999999919e-01
3.005000000000000000e+03 3.949079999999999813e-01
3.011000000000000000e+03 3.944851999999999803e-01
3.016000000000000000e+03 3.943520999999999832e-01
3.022000000000000000e+03 3.944268000000000218e-01
3.028000000000000000e+03 3.939693000000000223e-01
3.034000000000000000e+03 3.938850999999999880e-01
3.040000000000000000e+03 3.931021000000000098e-01
3.046000000000000000e+03 3.930508999999999808e-01
3.051000000000000000e+03 3.928651000000000226e-01
3.057000000000000000e+03 3.925892000000000270e-01
3.063000000000000000e+03 3.920931000000000277e-01
3.069000000000000000e+03 3.919448999999999850e-01
3.075000000000000000e+03 3.914160999999999890e-01
3.080000000000000000e+03 3.913440999999999725e-01
3.086000000000000000e+03 3.912125000000000186e-01
3.092000000000000000e+03 3.904945000000000221e-01
3.098000000000000000e+03 3.903419000000000194e-01
3.104000000000000000e+03 3.894959000000000060e-01
3.109000000000000000e+03 3.888847999999999749e-01
3.115000000000000000e+03 3.880823999999999940e-01
3.121000000000000000e+03 3.875850000000000128e-01
3.127000000000000000e+03 3.873615999999999726e-01
3.133000000000000000e+03 3.867415000000000158e-01
3.139000000000000000e+03 3.857729999999999770e-01
3.144000000000000000e+03 3.853712000000000248e-01
3.150000000000000000e+03 3.845872000000000179e-01
3.156000000000000000e+03 3.835970000000000213e-01
3.162000000000000000e+03 3.831182000000000198e-01
3.168000000000000000e+03 3.824775999999999732e-01
3.173000000000000000e+03 3.815721000000000251e-01
3.179000000000000000e+03 3.811705000000000232e-01
3.185000000000000000e+03 3.805456999999999868e-01
3.191000000000000000e+03 3.800827999999999984e-01
3.197000000000000000e+03 3.792896000000000045e-01
3.203000000000000000e+03 3.783701999999999899e-01
3.208000000000000000e+03 3.773343000000000114e-01
3.214000000000000000e+03 3.772016999999999731e-01
3.220000000000000000e+03 3.761109000000000258e-01
3.226000000000000000e+03 3.754813000000000178e-01
3.232000000000000000e+03 3.741797000000000040e-01
3.237000000000000000e+03 3.739539000000000057e-01
3.243000000000000000e+03 3.730266999999999888e-01
3.249000000000000000e+03 3.729004000000000207e-01
3.255000000000000000e+03 3.717521999999999771e-01
3.261000000000000000e+03 3.710107999999999739e-01
3.266000000000000000e+03 3.698061999999999738e-01
3.272000000000000000e+03 3.688398999999999983e-01
3.278000000000000000e+03 3.680706000000000255e-01
3.284000000000000000e+03 3.673225999999999991e-01
3.290000000000000000e+03 3.664824999999999888e-01
3.296000000000000000e+03 3.654147999999999841e-01
3.301000000000000000e+03 3.647138999999999798e-01
3.307000000000000000e+03 3.637654000000000165e-01
3.313000000000000000e+03 3.630264000000000268e-01
3.319000000000000000e+03 3.623140000000000249e-01
3.325000000000000000e+03 3.612283000000000022e-01
3.330000000000000000e+03 3.602448999999999790e-01
3.336000000000000000e+03 3.591044999999999932e-01
3.342000000000000000e+03 3.586443000000000270e-01
3.348000000000000000e+03 3.576872999999999858e-01
3.354000000000000000e+03 3.564473000000000225e-01
3.359000000000000000e+03 3.555010000000000114e-01
3.365000000000000000e+03 3.543378999999999834e-01
3.371000000000000000e+03 3.534507000000000065e-01
3.377000000000000000e+03 3.525203000000000086e-01
3.383000000000000000e+03 3.516385000000000205e-01
3.389000000000000000e+03 3.508970000000000145e-01
3.394000000000000000e+03 3.493951000000000140e-01
3.400000000000000000e+03 3.483909000000000034e-01
3.406000000000000000e+03 3.477618000000000098e-01
3.412000000000000000e+03 3.467134000000000049e-01
3.418000000000000000e+03 3.460150000000000170e-01
3.423000000000000000e+03 3.447014999999999940e-01
3.429000000000000000e+03 3.432579000000000047e-01
3.435000000000000000e+03 3.423495999999999762e-01
3.441000000000000000e+03 3.416658000000000195e-01
3.447000000000000000e+03 3.406901999999999986e-01
3.452000000000000000e+03 3.398028000000000159e-01
3.458000000000000000e+03 3.384272999999999865e-01
3.464000000000000000e+03 3.374766000000000155e-01
3.470000000000000000e+03 3.364797999999999956e-01
3.476000000000000000e+03 3.355043999999999804e-01
3.482000000000000000e+03 3.344992999999999994e-01
3.487000000000000000e+03 3.331636000000000042e-01
3.493000000000000000e+03 3.317245999999999806e-01
3.499000000000000000e+03 3.307287999999999895e-01
3.505000000000000000e+03 3.301272000000000095e-01
3.511000000000000000e+03 3.289380000000000082e-01
3.516000000000000000e+03 3.278726000000000140e-01
3.522000000000000000e+03 3.262398000000000242e-01
3.528000000000000000e+03 3.250681000000000265e-01
3.534000000000000000e+03 3.239179999999999837e-01
3.540000000000000000e+03 3.223594000000000181e-01
3.545000000000000000e+03 3.210855000000000237e-01
3.551000000000000000e+03 3.194643999999999817e-01
3.557000000000000000e+03 3.175287999999999999e-01
3.563000000000000000e+03 3.158536000000000121e-01
3.569000000000000000e+03 3.143742999999999954e-01
3.575000000000000000e+03 3.129379999999999939e-01
3.580000000000000000e+03 3.115125000000000255e-01
3.586000000000000000e+03 3.092797999999999936e-01
3.592000000000000000e+03 3.076748999999999734e-01
3.598000000000000000e+03 3.063157000000000241e-01
3.604000000000000000e+03 3.045428000000000024e-01
3.609000000000000000e+03 3.034541000000000044e-01
3.615000000000000000e+03 3.015704000000000162e-01
3.621000000000000000e+03 2.996419000000000166e-01
3.627000000000000000e+03 2.981925000000000270e-01
3.633000000000000000e+03 2.965986999999999929e-01
3.638000000000000000e+03 2.954163000000000205e-01
3.644000000000000000e+03 2.938859999999999806e-01
3.650000000000000000e+03 2.919367999999999963e-01
3.656000000000000000e+03 2.900913999999999993e-01
3.662000000000000000e+03 2.887089999999999934e-01
3.668000000000000000e+03 2.863552999999999793e-01
3.673000000000000000e+03 2.845771999999999746e-01
3.679000000000000000e+03 2.819311999999999929e-01
3.685000000000000000e+03 2.793288999999999911e-01
3.691000000000000000e+03 2.771970999999999741e-01
3.697000000000000000e+03 2.748041999999999985e-01
3.702000000000000000e+03 2.720325000000000104e-01
3.708000000000000000e+03 2.686999999999999944e-01
3.714000000000000000e+03 2.641381999999999897e-01
3.720000000000000000e+03 2.604641999999999791e-01
3.726000000000000000e+03 2.571995000000000253e-01
3.732000000000000000e+03 2.524639000000000189e-01
3.737000000000000000e+03 2.479414000000000062e-01
3.743000000000000000e+03 2.415142000000000122e-01
3.749000000000000000e+03 2.340822999999999932e-01
3.755000000000000000e+03 2.272432000000000063e-01
3.761000000000000000e+03 2.204212000000000116e-01
3.766000000000000000e+03 2.134175000000000100e-01
3.772000000000000000e+03 2.047808000000000128e-01
3.778000000000000000e+03 1.934619999999999951e-01
3.784000000000000000e+03 1.843950000000000033e-01
3.790000000000000000e+03 1.767411999999999872e-01
3.795000000000000000e+03 1.671220999999999957e-01
3.801000000000000000e+03 1.592134000000000049e-01
3.807000000000000000e+03 1.487400000000000111e-01
3.813000000000000000e+03 1.386962999999999946e-01
3.819000000000000000e+03 1.311772999999999967e-01
3.825000000000000000e+03 1.247077999999999937e-01
3.830000000000000000e+03 1.185674000000000033e-01
3.836000000000000000e+03 1.126685000000000048e-01
3.842000000000000000e+03 1.059954000000000035e-01
3.848000000000000000e+03 1.014295000000000058e-01
3.854000000000000000e+03 9.831666999999999490e-02
3.859000000000000000e+03 9.515358000000000149e-02
3.865000000000000000e+03 9.287331000000000059e-02
3.871000000000000000e+03 9.066652000000000045e-02
3.877000000000000000e+03 8.906300000000000328e-02
3.883000000000000000e+03 8.818360000000000087e-02
3.888000000000000000e+03 8.782544999999999935e-02
3.894000000000000000e+03 8.735498999999999348e-02
3.900000000000000000e+03 8.665771999999999364e-02
3.906000000000000000e+03 8.602906000000000442e-02
3.912000000000000000e+03 8.536011999999999766e-02
3.918000000000000000e+03 8.467065999999999482e-02
3.923000000000000000e+03 8.343483000000000149e-02
3.929000000000000000e+03 8.209547000000000372e-02
3.935000000000000000e+03 7.974024999999999863e-02
3.941000000000000000e+03 7.671901000000000415e-02
3.947000000000000000e+03 7.384986000000000328e-02
3.952000000000000000e+03 7.059621000000000646e-02
3.958000000000000000e+03 6.727004000000000317e-02
3.964000000000000000e+03 6.334937000000000207e-02
3.970000000000000000e+03 5.789575999999999750e-02
3.976000000000000000e+03 5.371949000000000168e-02
3.981000000000000000e+03 5.050782000000000188e-02
3.987000000000000000e+03 4.678419000000000327e-02
3.993000000000000000e+03 4.375683999999999824e-02
3.999000000000000000e+03 4.030567000000000177e-02
4.005000000000000000e+03 3.733130999999999949e-02
4.011000000000000000e+03 3.531812000000000146e-02
4.016000000000000000e+03 3.382592999999999711e-02
4.022000000000000000e+03 3.265234999999999665e-02
4.028000000000000000e+03 3.188648000000000177e-02
4.034000000000000000e+03 3.125317999999999846e-02
4.040000000000000000e+03 3.105787000000000131e-02
4.045000000000000000e+03 3.129859000000000113e-02
4.051000000000000000e+03 3.144360999999999684e-02
4.057000000000000000e+03 3.198585000000000317e-02
4.063000000000000000e+03 3.291821999999999804e-02
4.069000000000000000e+03 3.388842999999999717e-02
4.074000000000000000e+03 3.488647999999999749e-02
4.080000000000000000e+03 3.551635999999999682e-02
4.086000000000000000e+03 3.618604000000000265e-02
4.092000000000000000e+03 3.674244000000000121e-02
4.098000000000000000e+03 3.712867000000000250e-02
4.104000000000000000e+03 3.703930999999999890e-02
4.109000000000000000e+03 3.683960000000000012e-02
4.115000000000000000e+03 3.594409999999999966e-02
4.121000000000000000e+03 3.509741999999999723e-02
4.127000000000000000e+03 3.352002999999999927e-02
4.133000000000000000e+03 3.184791000000000011e-02
4.138000000000000000e+03 3.034252999999999950e-02
4.144000000000000000e+03 2.903980000000000103e-02
4.150000000000000000e+03 2.780468999999999996e-02
4.156000000000000000e+03 2.674291999999999989e-02
4.162000000000000000e+03 2.548510999999999832e-02
4.167000000000000000e+03 2.485425000000000134e-02
4.173000000000000000e+03 2.455542000000000141e-02
4.179000000000000000e+03 2.428369999999999834e-02
4.185000000000000000e+03 2.434936999999999865e-02
4.191000000000000000e+03 2.496046000000000029e-02
4.197000000000000000e+03 2.546460000000000043e-02
4.202000000000000000e+03 2.637476000000000056e-02
4.208000000000000000e+03 2.732520000000000088e-02
4.214000000000000000e+03 2.812695999999999946e-02
4.220000000000000000e+03 2.959815000000000015e-02
4.226000000000000000e+03 3.122217000000000048e-02
4.231000000000000000e+03 3.250464000000000131e-02
4.237000000000000000e+03 3.349926999999999766e-02
4.243000000000000000e+03 3.431642000000000026e-02
4.249000000000000000e+03 3.502709999999999851e-02
4.255000000000000000e+03 3.560180999999999762e-02
4.260000000000000000e+03 3.573193999999999676e-02
4.266000000000000000e+03 3.549585000000000240e-02
4.272000000000000000e+03 3.527295999999999904e-02
4.278000000000000000e+03 3.481519000000000280e-02
4.284000000000000000e+03 3.422120000000000023e-02
4.290000000000000000e+03 3.352295999999999748e-02
4.295000000000000000e+03 3.291480000000000100e-02
4.301000000000000000e+03 3.272363999999999828e-02
4.307000000000000000e+03 3.243482000000000309e-02
4.313000000000000000e+03 3.251807000000000308e-02
4.319000000000000000e+03 3.293163999999999814e-02
4.324000000000000000e+03 3.348828999999999695e-02
4.330000000000000000e+03 3.431642000000000026e-02
4.336000000000000000e+03 3.531592000000000064e-02
4.342000000000000000e+03 3.640502999999999795e-02
4.348000000000000000e+03 3.792211999999999666e-02
4.354000000000000000e+03 3.997876999999999681e-02
4.359000000000000000e+03 4.148707000000000089e-02
4.365000000000000000e+03 4.296313999999999689e-02
4.371000000000000000e+03 4.432325000000000154e-02
4.377000000000000000e+03 4.533741000000000160e-02
4.383000000000000000e+03 4.643189000000000344e-02
4.388000000000000000e+03 4.713599999999999735e-02
4.394000000000000000e+03 4.747632999999999714e-02
4.400000000000000000e+03 4.762476999999999683e-02
4.406000000000000000e+03 4.752564000000000094e-02
4.412000000000000000e+03 4.750196000000000279e-02
4.417000000000000000e+03 4.733277000000000317e-02
4.423000000000000000e+03 4.713330999999999771e-02
4.429000000000000000e+03 4.716553999999999885e-02
4.435000000000000000e+03 4.718408999999999798e-02
4.441000000000000000e+03 4.735571999999999698e-02
4.447000000000000000e+03 4.815259999999999679e-02
4.452000000000000000e+03 4.895240000000000008e-02
4.458000000000000000e+03 4.982447000000000265e-02
4.464000000000000000e+03 5.079078000000000065e-02
4.470000000000000000e+03 5.160693999999999698e-02
4.476000000000000000e+03 5.278932000000000069e-02
4.481000000000000000e+03 5.433252999999999694e-02
4.487000000000000000e+03 5.516432000000000280e-02
4.493000000000000000e+03 5.604640000000000316e-02
4.499000000000000000e+03 5.676562999999999748e-02
4.505000000000000000e+03 5.714674000000000142e-02
4.510000000000000000e+03 5.753590000000000093e-02
4.516000000000000000e+03 5.769288000000000194e-02
4.522000000000000000e+03 5.761353999999999781e-02
4.528000000000000000e+03 5.761866999999999683e-02
4.534000000000000000e+03 5.740797000000000261e-02
4.540000000000000000e+03 5.725587000000000037e-02
4.545000000000000000e+03 5.707398000000000332e-02
4.551000000000000000e+03 5.689770999999999718e-02
4.557000000000000000e+03 5.682936000000000237e-02
4.563000000000000000e+03 5.694068000000000046e-02
4.569000000000000000e+03 5.707324999999999898e-02
4.574000000000000000e+03 5.735939000000000315e-02
4.580000000000000000e+03 5.762720999999999816e-02
4.586000000000000000e+03 5.791285000000000183e-02
4.592000000000000000e+03 5.815088999999999675e-02
4.598000000000000000e+03 5.805860999999999661e-02
4.603000000000000000e+03 5.830445000000000072e-02
4.609000000000000000e+03 5.843849000000000266e-02
4.615000000000000000e+03 5.822559000000000068e-02
4.621000000000000000e+03 5.804346999999999979e-02
4.627000000000000000e+03 5.773683000000000287e-02
4.633000000000000000e+03 5.730226000000000069e-02
4.638000000000000000e+03 5.715846000000000121e-02
4.644000000000000000e+03 5.643213999999999869e-02
4.650000000000000000e+03 5.604492999999999975e-02
4.656000000000000000e+03 5.566871000000000319e-02
4.662000000000000000e+03 5.532838000000000339e-02
4.667000000000000000e+03 5.479884000000000144e-02
4.673000000000000000e+03 5.444018999999999942e-02
4.679000000000000000e+03 5.393897000000000275e-02
4.685000000000000000e+03 5.354859000000000008e-02
4.691000000000000000e+03 5.304981000000000280e-02
4.696000000000000000e+03 5.281861000000000195e-02
4.702000000000000000e+03 5.243214000000000208e-02
4.708000000000000000e+03 5.154127000000000014e-02
4.714000000000000000e+03 5.116626999999999981e-02
4.720000000000000000e+03 5.079493999999999676e-02
4.726000000000000000e+03 5.016529000000000127e-02
4.731000000000000000e+03 4.966505000000000225e-02
4.737000000000000000e+03 4.890698999999999741e-02
4.743000000000000000e+03 4.807300999999999935e-02
4.749000000000000000e+03 4.767799000000000342e-02
4.755000000000000000e+03 4.686378000000000071e-02
4.760000000000000000e+03 4.618751000000000106e-02
4.766000000000000000e+03 4.568530999999999981e-02
4.772000000000000000e+03 4.473706999999999684e-02
4.778000000000000000e+03 4.411475000000000118e-02
4.784000000000000000e+03 4.365332999999999714e-02
4.789000000000000000e+03 4.301246000000000236e-02
4.795000000000000000e+03 4.230004999999999876e-02
4.801000000000000000e+03 4.146045999999999759e-02
4.807000000000000000e+03 4.090479000000000337e-02
4.813000000000000000e+03 4.044434000000000223e-02
4.819000000000000000e+03 3.971142999999999895e-02
4.824000000000000000e+03 3.919580000000000286e-02
4.830000000000000000e+03 3.863453000000000026e-02
4.836000000000000000e+03 3.764209999999999778e-02
4.842000000000000000e+03 3.695849999999999830e-02
4.848000000000000000e+03 3.637598000000000220e-02
4.853000000000000000e+03 3.576441000000000342e-02
4.859000000000000000e+03 3.530297999999999770e-02
4.865000000000000000e+03 3.447851999999999861e-02
4.871000000000000000e+03 3.377345000000000347e-02
4.877000000000000000e+03 3.335499000000000103e-02
4.883000000000000000e+03 3.260255000000000097e-02
4.888000000000000000e+03 3.209009000000000167e-02
4.894000000000000000e+03 3.164356000000000113e-02
4.900000000000000000e+03 3.080176000000000094e-02
4.906000000000000000e+03 3.011694999999999997e-02
4.912000000000000000e+03 2.972730000000000164e-02
4.917000000000000000e+03 2.916822000000000165e-02
4.923000000000000000e+03 2.862842000000000164e-02
4.929000000000000000e+03 2.784058000000000019e-02
4.935000000000000000e+03 2.710450000000000012e-02
4.941000000000000000e+03 2.661817000000000003e-02
4.946000000000000000e+03 2.596729000000000051e-02
4.952000000000000000e+03 2.544677999999999871e-02
4.958000000000000000e+03 2.496728999999999962e-02
4.964000000000000000e+03 2.410009999999999930e-02
4.970000000000000000e+03 2.365137000000000142e-02
4.976000000000000000e+03 2.332764000000000018e-02
4.981000000000000000e+03 2.282079999999999873e-02
4.987000000000000000e+03 2.229565999999999840e-02
4.993000000000000000e+03 2.175488000000000074e-02
4.999000000000000000e+03 2.105761999999999912e-02
5.005000000000000000e+03 2.065747000000000069e-02
5.010000000000000000e+03 2.014209000000000138e-02
5.016000000000000000e+03 1.969361000000000028e-02
5.022000000000000000e+03 1.921801999999999885e-02
5.028000000000000000e+03 1.839746000000000090e-02
5.034000000000000000e+03 1.786402000000000129e-02
5.039000000000000000e+03 1.753955000000000097e-02
5.045000000000000000e+03 1.707813000000000039e-02
5.051000000000000000e+03 1.660131999999999927e-02
5.057000000000000000e+03 1.601270000000000124e-02
5.063000000000000000e+03 1.551635999999999987e-02
5.069000000000000000e+03 1.513159000000000032e-02
5.074000000000000000e+03 1.456884999999999951e-02
5.080000000000000000e+03 1.409936999999999996e-02
5.086000000000000000e+03 1.379736999999999977e-02
5.092000000000000000e+03 1.319116000000000039e-02
5.098000000000000000e+03 1.278198000000000008e-02
5.103000000000000000e+03 1.239208999999999970e-02
5.109000000000000000e+03 1.197875999999999976e-02
5.115000000000000000e+03 1.156542999999999981e-02
5.121000000000000000e+03 1.113720999999999982e-02
5.127000000000000000e+03 1.085155999999999968e-02
5.132000000000000000e+03 1.055762000000000020e-02
5.138000000000000000e+03 1.013940999999999974e-02
5.144000000000000000e+03 9.911866000000000079e-03
5.150000000000000000e+03 9.673829000000000108e-03
5.156000000000000000e+03 9.158205000000000859e-03
5.162000000000000000e+03 8.852297000000000290e-03
5.167000000000000000e+03 8.632812999999999598e-03
5.173000000000000000e+03 8.380860000000000393e-03
5.179000000000000000e+03 8.243409999999999627e-03
5.185000000000000000e+03 7.938966000000000425e-03
5.191000000000000000e+03 7.651123999999999599e-03
5.196000000000000000e+03 7.614746999999999835e-03
5.202000000000000000e+03 7.468751000000000036e-03
5.208000000000000000e+03 7.328369999999999850e-03
5.214000000000000000e+03 7.193849000000000424e-03
5.220000000000000000e+03 6.923829000000000268e-03
5.225000000000000000e+03 6.734620000000000190e-03
5.231000000000000000e+03 6.781251000000000292e-03
5.237000000000000000e+03 6.531496000000000350e-03
5.243000000000000000e+03 6.347901000000000411e-03
5.249000000000000000e+03 6.137207999999999899e-03
5.255000000000000000e+03 5.850586999999999975e-03
5.260000000000000000e+03 5.682862000000000330e-03
5.266000000000000000e+03 5.385743000000000127e-03
5.272000000000000000e+03 5.204102999999999854e-03
5.278000000000000000e+03 5.219482999999999588e-03
5.284000000000000000e+03 5.020265000000000317e-03
5.289000000000000000e+03 5.059082999999999809e-03
5.295000000000000000e+03 5.209960999999999932e-03
5.301000000000000000e+03 5.168457000000000433e-03
5.307000000000000000e+03 5.213867999999999975e-03
5.313000000000000000e+03 5.253907000000000369e-03
5.318000000000000000e+03 5.177735000000000150e-03
5.324000000000000000e+03 5.181152999999999974e-03
5.330000000000000000e+03 5.041503999999999604e-03
5.336000000000000000e+03 5.020265000000000317e-03
5.342000000000000000e+03 5.005616000000000058e-03
5.348000000000000000e+03 4.743652999999999585e-03
5.353000000000000000e+03 4.837158999999999730e-03
5.359000000000000000e+03 4.821533999999999716e-03
5.365000000000000000e+03 4.710693999999999645e-03
5.371000000000000000e+03 4.709228999999999672e-03
5.377000000000000000e+03 4.735108000000000025e-03
5.382000000000000000e+03 4.681885000000000213e-03
5.388000000000000000e+03 4.813478000000000374e-03
5.394000000000000000e+03 4.706544000000000005e-03
5.400000000000000000e+03 4.714112000000000337e-03
5.406000000000000000e+03 4.762696000000000290e-03
5.412000000000000000e+03 4.668702000000000268e-03
5.417000000000000000e+03 4.611816999999999826e-03
5.423000000000000000e+03 4.762940000000000229e-03
5.429000000000000000e+03 4.728760999999999728e-03
5.435000000000000000e+03 4.671386999999999935e-03
5.441000000000000000e+03 4.661621999999999814e-03
5.446000000000000000e+03 4.743652999999999585e-03
5.452000000000000000e+03 4.824707999999999601e-03
5.458000000000000000e+03 4.581787999999999833e-03
5.464000000000000000e+03 4.521729000000000373e-03
5.470000000000000000e+03 4.681397000000000336e-03
5.475000000000000000e+03 4.568359999999999609e-03
5.481000000000000000e+03 4.572510000000000116e-03
5.487000000000000000e+03 4.688232999999999984e-03
5.493000000000000000e+03 4.573487000000000212e-03
5.499000000000000000e+03 4.717774000000000099e-03
5.505000000000000000e+03 4.765138000000000360e-03
5.510000000000000000e+03 4.788330999999999837e-03
5.516000000000000000e+03 4.774658999999999674e-03
5.522000000000000000e+03 4.691650999999999808e-03
5.528000000000000000e+03 4.639649000000000030e-03
5.534000000000000000e+03 4.683839000000000405e-03
5.539000000000000000e+03 4.671386999999999935e-03
5.545000000000000000e+03 4.614013999999999616e-03
5.551000000000000000e+03 4.672364000000000031e-03
5.557000000000000000e+03 4.563478000000000152e-03
5.563000000000000000e+03 4.524903000000000258e-03
5.568000000000000000e+03 4.598877999999999820e-03
5.574000000000000000e+03 4.526856000000000109e-03
5.580000000000000000e+03 4.666016000000000261e-03
5.586000000000000000e+03 4.582764999999999929e-03
5.592000000000000000e+03 4.646728999999999617e-03
5.598000000000000000e+03 4.756347999999999653e-03
5.603000000000000000e+03 4.518310999999999682e-03
5.609000000000000000e+03 4.616211999999999746e-03
5.615000000000000000e+03 4.690431000000000114e-03
5.621000000000000000e+03 4.575685000000000342e-03
5.627000000000000000e+03 4.638185000000000398e-03
5.632000000000000000e+03 4.774414999999999736e-03
5.638000000000000000e+03 4.698975999999999674e-03
5.644000000000000000e+03 4.798583999999999836e-03
5.650000000000000000e+03 4.694336999999999815e-03
5.656000000000000000e+03 4.580566999999999798e-03
5.661000000000000000e+03 4.707031999999999883e-03
5.667000000000000000e+03 4.655274000000000044e-03
5.673000000000000000e+03 4.613037999999999861e-03
5.679000000000000000e+03 4.690917999999999650e-03
5.685000000000000000e+03 4.677490999999999767e-03
5.691000000000000000e+03 4.718751000000000195e-03
5.696000000000000000e+03 4.732911000000000236e-03
5.702000000000000000e+03 4.635987000000000267e-03
5.708000000000000000e+03 4.763672000000000045e-03
5.714000000000000000e+03 4.798341000000000238e-03
5.720000000000000000e+03 4.672851999999999908e-03
5.725000000000000000e+03 4.748048000000000372e-03
5.731000000000000000e+03 4.600830999999999671e-03
5.737000000000000000e+03 4.678711000000000328e-03
5.743000000000000000e+03 4.766601999999999992e-03
5.749000000000000000e+03 4.656493999999999737e-03
5.754000000000000000e+03 4.606934000000000029e-03
5.760000000000000000e+03 4.651368000000000343e-03
5.766000000000000000e+03 4.622315000000000104e-03
5.772000000000000000e+03 4.795167000000000353e-03
5.778000000000000000e+03 4.666504000000000138e-03
5.784000000000000000e+03 4.666993000000000356e-03
5.789000000000000000e+03 4.742432000000000418e-03
5.795000000000000000e+03 4.710449999999999707e-03
5.801000000000000000e+03 4.608642999999999941e-03
5.807000000000000000e+03 4.687499999999999827e-03
5.813000000000000000e+03 4.650147000000000308e-03
5.818000000000000000e+03 4.658203999999999990e-03
5.824000000000000000e+03 4.673829000000000004e-03
5.830000000000000000e+03 4.660400999999999780e-03
5.836000000000000000e+03 4.748048000000000372e-03
5.842000000000000000e+03 4.704835000000000093e-03
5.847000000000000000e+03 4.754394999999999802e-03
5.853000000000000000e+03 4.758057000000000432e-03
5.859000000000000000e+03 4.614258000000000422e-03
5.865000000000000000e+03 4.477784000000000278e-03
5.871000000000000000e+03 4.682618000000000370e-03
5.877000000000000000e+03 4.538086999999999677e-03
5.882000000000000000e+03 4.545411000000000069e-03
5.888000000000000000e+03 4.741943999999999673e-03
5.894000000000000000e+03 4.670899000000000058e-03
5.900000000000000000e+03 4.739746999999999884e-03
5.906000000000000000e+03 4.582519999999999649e-03
5.911000000000000000e+03 4.585694000000000402e-03
5.917000000000000000e+03 4.667237000000000295e-03
5.923000000000000000e+03 4.665770999999999981e-03
5.929000000000000000e+03 4.607177999999999968e-03
5.935000000000000000e+03 4.620606000000000192e-03
5.941000000000000000e+03 4.571290000000000422e-03
5.946000000000000000e+03 4.582275999999999710e-03
5.952000000000000000e+03 4.686769000000000351e-03
5.958000000000000000e+03 4.698975999999999674e-03
5.964000000000000000e+03 4.727539999999999694e-03
5.970000000000000000e+03 4.666260999999999673e-03
5.975000000000000000e+03 4.622804000000000323e-03
5.981000000000000000e+03 4.702394000000000365e-03
5.987000000000000000e+03 4.653565000000000132e-03
5.993000000000000000e+03 4.562501000000000057e-03
5.999000000000000000e+03 4.597412999999999847e-03
6.000000000000000000e+03 4.642578999999999977e-03
