3.000000000000000000e+00 1.051904000000000033e-02
8.000000000000000000e+00 1.046606999999999919e-02
1.200000000000000000e+01 1.068726000000000051e-02
1.700000000000000000e+01 1.062036000000000056e-02
2.300000000000000000e+01 1.043798999999999942e-02
2.900000000000000000e+01 1.054761000000000067e-02
3.400000000000000000e+01 1.046387000000000012e-02
4.000000000000000000e+01 1.038989000000000058e-02
4.600000000000000000e+01 1.044384999999999931e-02
5.200000000000000000e+01 1.035522999999999999e-02
5.800000000000000000e+01 1.025025000000000068e-02
6.300000000000000000e+01 1.025562000000000001e-02
6.900000000000000000e+01 1.023022999999999988e-02
7.500000000000000000e+01 1.035230000000000004e-02
8.100000000000000000e+01 1.026807000000000067e-02
8.700000000000000000e+01 1.005883999999999945e-02
9.200000000000000000e+01 1.014037999999999919e-02
9.800000000000000000e+01 1.000390999999999954e-02
1.040000000000000000e+02 9.952149999999999885e-03
1.100000000000000000e+02 9.981936000000000281e-03
1.160000000000000000e+02 9.928223999999999383e-03
1.220000000000000000e+02 9.817140999999999715e-03
1.270000000000000000e+02 9.812012999999999638e-03
1.330000000000000000e+02 9.760011000000000728e-03
1.390000000000000000e+02 9.689454999999999596e-03
1.450000000000000000e+02 9.548097999999999655e-03
1.510000000000000000e+02 9.446289999999999548e-03
1.560000000000000000e+02 9.430664999999999534e-03
1.620000000000000000e+02 9.246582999999999192e-03
1.680000000000000000e+02 9.314698999999999202e-03
1.740000000000000000e+02 9.464600999999999570e-03
1.800000000000000000e+02 9.389649999999999386e-03
1.850000000000000000e+02 9.396730000000000707e-03
1.910000000000000000e+02 9.307130999999999738e-03
1.970000000000000000e+02 9.343508000000000369e-03
2.030000000000000000e+02 9.411621999999999696e-03
2.090000000000000000e+02 9.404786999999999522e-03
2.150000000000000000e+02 9.395997999999999156e-03
2.200000000000000000e+02 9.482911999999999592e-03
2.260000000000000000e+02 9.442139999999999908e-03
2.320000000000000000e+02 9.493166000000000798e-03
2.380000000000000000e+02 9.689454999999999596e-03
2.440000000000000000e+02 9.715822000000000694e-03
2.490000000000000000e+02 9.730470999999999218e-03
2.550000000000000000e+02 9.997804000000000760e-03
2.610000000000000000e+02 1.025536999999999976e-02
2.670000000000000000e+02 1.047973999999999954e-02
2.730000000000000000e+02 1.058594000000000028e-02
2.780000000000000000e+02 1.072192999999999931e-02
2.840000000000000000e+02 1.090819999999999984e-02
2.900000000000000000e+02 1.102759000000000031e-02
2.960000000000000000e+02 1.123388999999999985e-02
3.020000000000000000e+02 1.143335000000000011e-02
3.080000000000000000e+02 1.145702999999999999e-02
3.130000000000000000e+02 1.160767000000000049e-02
3.190000000000000000e+02 1.185693999999999984e-02
3.250000000000000000e+02 1.186254999999999948e-02
3.310000000000000000e+02 1.207471000000000065e-02
3.370000000000000000e+02 1.215990999999999947e-02
3.420000000000000000e+02 1.207300000000000040e-02
3.480000000000000000e+02 1.227880999999999938e-02
3.540000000000000000e+02 1.219750999999999995e-02
3.600000000000000000e+02 1.219262999999999944e-02
3.660000000000000000e+02 1.247802999999999933e-02
3.710000000000000000e+02 1.237548999999999941e-02
3.770000000000000000e+02 1.247973999999999958e-02
3.830000000000000000e+02 1.254638999999999928e-02
3.890000000000000000e+02 1.248705999999999948e-02
3.950000000000000000e+02 1.255273999999999973e-02
4.010000000000000000e+02 1.243116000000000013e-02
4.060000000000000000e+02 1.241283999999999964e-02
4.120000000000000000e+02 1.231079000000000027e-02
4.180000000000000000e+02 1.211768000000000046e-02
4.240000000000000000e+02 1.202808000000000002e-02
4.300000000000000000e+02 1.208886999999999982e-02
4.350000000000000000e+02 1.185010000000000056e-02
4.410000000000000000e+02 1.188892000000000074e-02
4.470000000000000000e+02 1.182543999999999956e-02
4.530000000000000000e+02 1.144164999999999939e-02
4.590000000000000000e+02 1.137450999999999914e-02
4.640000000000000000e+02 1.126928999999999952e-02
4.700000000000000000e+02 1.106030000000000034e-02
4.760000000000000000e+02 1.094189999999999920e-02
4.820000000000000000e+02 1.065356999999999936e-02
4.880000000000000000e+02 1.047094999999999970e-02
4.940000000000000000e+02 1.046973000000000001e-02
4.990000000000000000e+02 1.020483999999999974e-02
5.050000000000000000e+02 1.011547999999999961e-02
5.110000000000000000e+02 1.006176999999999939e-02
5.170000000000000000e+02 9.901369000000000142e-03
5.230000000000000000e+02 9.859621000000000704e-03
5.280000000000000000e+02 9.833497999999999545e-03
5.340000000000000000e+02 9.729493000000000516e-03
5.400000000000000000e+02 9.663332000000000171e-03
5.460000000000000000e+02 9.498780999999999544e-03
5.520000000000000000e+02 9.575929999999999859e-03
5.570000000000000000e+02 9.709473999999999189e-03
5.630000000000000000e+02 9.641113999999999240e-03
5.690000000000000000e+02 9.643555999999999309e-03
5.750000000000000000e+02 9.795655000000000334e-03
5.810000000000000000e+02 9.804933999999999525e-03
5.870000000000000000e+02 9.813478000000000478e-03
5.920000000000000000e+02 9.826417000000000485e-03
5.980000000000000000e+02 9.914552000000000087e-03
6.040000000000000000e+02 1.000049000000000077e-02
6.100000000000000000e+02 9.917238000000000095e-03
6.160000000000000000e+02 9.925295000000000645e-03
6.210000000000000000e+02 9.914063000000000736e-03
6.270000000000000000e+02 9.672853000000000354e-03
6.330000000000000000e+02 9.816406999999999217e-03
6.390000000000000000e+02 9.854250000000000162e-03
6.450000000000000000e+02 9.656738999999999254e-03
6.500000000000000000e+02 9.611817999999999404e-03
6.560000000000000000e+02 9.449709000000000580e-03
6.620000000000000000e+02 9.324707999999999261e-03
6.680000000000000000e+02 9.184328000000000283e-03
6.740000000000000000e+02 9.018312000000000550e-03
6.800000000000000000e+02 8.879151999999999531e-03
6.850000000000000000e+02 8.973145000000000079e-03
6.910000000000000000e+02 8.701418000000000694e-03
6.970000000000000000e+02 8.539308000000000662e-03
7.030000000000000000e+02 8.600830999999999754e-03
7.090000000000000000e+02 8.678955999999999824e-03
7.140000000000000000e+02 8.809327000000000477e-03
7.200000000000000000e+02 9.032959999999999601e-03
7.260000000000000000e+02 9.246338999999999253e-03
7.320000000000000000e+02 9.762941000000000674e-03
7.380000000000000000e+02 1.038427999999999921e-02
7.440000000000000000e+02 1.102416999999999980e-02
7.490000000000000000e+02 1.174878000000000033e-02
7.550000000000000000e+02 1.250269000000000033e-02
7.610000000000000000e+02 1.332885999999999967e-02
7.670000000000000000e+02 1.474023999999999994e-02
7.730000000000000000e+02 1.604809999999999917e-02
7.780000000000000000e+02 1.727050999999999933e-02
7.840000000000000000e+02 1.839941999999999966e-02
7.900000000000000000e+02 1.957617999999999858e-02
7.960000000000000000e+02 2.105933000000000110e-02
8.020000000000000000e+02 2.286059999999999828e-02
8.070000000000000000e+02 2.434301999999999994e-02
8.130000000000000000e+02 2.570069000000000173e-02
8.190000000000000000e+02 2.701684999999999851e-02
8.250000000000000000e+02 2.815698999999999980e-02
8.310000000000000000e+02 2.990527999999999936e-02
8.370000000000000000e+02 3.158886999999999806e-02
8.420000000000000000e+02 3.283668000000000003e-02
8.480000000000000000e+02 3.398755999999999999e-02
8.540000000000000000e+02 3.516406999999999866e-02
8.600000000000000000e+02 3.639942000000000177e-02
8.660000000000000000e+02 3.794581000000000343e-02
8.710000000000000000e+02 3.895826000000000150e-02
8.770000000000000000e+02 3.999756000000000145e-02
8.830000000000000000e+02 4.087305000000000105e-02
8.890000000000000000e+02 4.172875999999999669e-02
8.950000000000000000e+02 4.290185999999999999e-02
9.000000000000000000e+02 4.387695999999999957e-02
9.060000000000000000e+02 4.456079000000000290e-02
9.120000000000000000e+02 4.524439000000000238e-02
9.180000000000000000e+02 4.578639000000000320e-02
9.240000000000000000e+02 4.644800000000000317e-02
9.300000000000000000e+02 4.705419999999999742e-02
9.350000000000000000e+02 4.736548000000000147e-02
9.410000000000000000e+02 4.784594999999999820e-02
9.470000000000000000e+02 4.789990999999999693e-02
9.530000000000000000e+02 4.797339999999999938e-02
9.590000000000000000e+02 4.816382999999999776e-02
9.640000000000000000e+02 4.800660000000000344e-02
9.700000000000000000e+02 4.783936999999999912e-02
9.760000000000000000e+02 4.771631999999999957e-02
9.820000000000000000e+02 4.728981000000000157e-02
9.880000000000000000e+02 4.695752999999999733e-02
9.930000000000000000e+02 4.596241000000000215e-02
9.990000000000000000e+02 4.508130999999999944e-02
1.005000000000000000e+03 4.431518999999999736e-02
1.011000000000000000e+03 4.311475000000000030e-02
1.017000000000000000e+03 4.201246000000000147e-02
1.023000000000000000e+03 4.054760999999999782e-02
1.028000000000000000e+03 3.865211000000000341e-02
1.034000000000000000e+03 3.716699999999999865e-02
1.040000000000000000e+03 3.565870000000000151e-02
1.046000000000000000e+03 3.423218000000000094e-02
1.052000000000000000e+03 3.274781000000000220e-02
1.057000000000000000e+03 3.072437000000000085e-02
1.063000000000000000e+03 2.939233999999999944e-02
1.069000000000000000e+03 2.826539000000000135e-02
1.075000000000000000e+03 2.722242000000000064e-02
1.081000000000000000e+03 2.677515000000000103e-02
1.086000000000000000e+03 2.640649999999999942e-02
1.092000000000000000e+03 2.619312000000000029e-02
1.098000000000000000e+03 2.648046999999999901e-02
1.104000000000000000e+03 2.683839000000000016e-02
1.110000000000000000e+03 2.729760999999999993e-02
1.116000000000000000e+03 2.811914000000000080e-02
1.121000000000000000e+03 2.948877999999999916e-02
1.127000000000000000e+03 3.061132999999999910e-02
1.133000000000000000e+03 3.168823999999999946e-02
1.139000000000000000e+03 3.294579999999999731e-02
1.145000000000000000e+03 3.396070000000000338e-02
1.150000000000000000e+03 3.553466999999999737e-02
1.156000000000000000e+03 3.713111000000000189e-02
1.162000000000000000e+03 3.828394000000000241e-02
1.168000000000000000e+03 3.938745999999999914e-02
1.174000000000000000e+03 4.018628999999999951e-02
1.179000000000000000e+03 4.110645000000000271e-02
1.185000000000000000e+03 4.218945999999999807e-02
1.191000000000000000e+03 4.288403999999999827e-02
1.197000000000000000e+03 4.348243000000000247e-02
1.203000000000000000e+03 4.403101000000000237e-02
1.209000000000000000e+03 4.442626999999999687e-02
1.214000000000000000e+03 4.502930000000000127e-02
1.220000000000000000e+03 4.545289000000000273e-02
1.226000000000000000e+03 4.575097999999999665e-02
1.232000000000000000e+03 4.603466999999999976e-02
1.238000000000000000e+03 4.630738000000000215e-02
1.243000000000000000e+03 4.685498999999999914e-02
1.249000000000000000e+03 4.756592999999999932e-02
1.255000000000000000e+03 4.837086000000000163e-02
1.261000000000000000e+03 4.932886999999999689e-02
1.267000000000000000e+03 5.037574000000000218e-02
1.272000000000000000e+03 5.153590000000000254e-02
1.278000000000000000e+03 5.330982000000000082e-02
1.284000000000000000e+03 5.556201999999999669e-02
1.290000000000000000e+03 5.758691999999999978e-02
1.296000000000000000e+03 5.963940999999999687e-02
1.302000000000000000e+03 6.153540999999999872e-02
1.307000000000000000e+03 6.385279000000000649e-02
1.313000000000000000e+03 6.695996999999999366e-02
1.319000000000000000e+03 6.963379000000000096e-02
1.325000000000000000e+03 7.193164999999999976e-02
1.331000000000000000e+03 7.421363000000000265e-02
1.336000000000000000e+03 7.637818000000000385e-02
1.342000000000000000e+03 7.876149000000000344e-02
1.348000000000000000e+03 8.151782999999999946e-02
1.354000000000000000e+03 8.341089000000000142e-02
1.360000000000000000e+03 8.526367999999999447e-02
1.365000000000000000e+03 8.663184999999999636e-02
1.371000000000000000e+03 8.805298999999999765e-02
1.377000000000000000e+03 8.965016000000000651e-02
1.383000000000000000e+03 9.062868000000000313e-02
1.389000000000000000e+03 9.128564999999999596e-02
1.395000000000000000e+03 9.191285000000000427e-02
1.400000000000000000e+03 9.215772999999999326e-02
1.406000000000000000e+03 9.238453000000000637e-02
1.412000000000000000e+03 9.198438999999999921e-02
1.418000000000000000e+03 9.160548000000000302e-02
1.424000000000000000e+03 9.142970000000000264e-02
1.429000000000000000e+03 9.103248999999999369e-02
1.435000000000000000e+03 9.073707999999999774e-02
1.441000000000000000e+03 9.022681999999999924e-02
1.447000000000000000e+03 9.000025999999999859e-02
1.453000000000000000e+03 9.022120000000000140e-02
1.458000000000000000e+03 9.072267000000000525e-02
1.464000000000000000e+03 9.169483999999999968e-02
1.470000000000000000e+03 9.370288999999999702e-02
1.476000000000000000e+03 9.690577999999999692e-02
1.482000000000000000e+03 9.997585000000000499e-02
1.488000000000000000e+03 1.034604999999999969e-01
1.493000000000000000e+03 1.072358999999999951e-01
1.499000000000000000e+03 1.113428000000000057e-01
1.505000000000000000e+03 1.174889999999999962e-01
1.511000000000000000e+03 1.228230000000000016e-01
1.517000000000000000e+03 1.274260000000000115e-01
1.522000000000000000e+03 1.319634000000000085e-01
1.528000000000000000e+03 1.359055000000000124e-01
1.534000000000000000e+03 1.410965000000000136e-01
1.540000000000000000e+03 1.465381000000000045e-01
1.546000000000000000e+03 1.505196000000000034e-01
1.551000000000000000e+03 1.541797000000000029e-01
1.557000000000000000e+03 1.573615999999999904e-01
1.563000000000000000e+03 1.605117000000000071e-01
1.569000000000000000e+03 1.643266999999999922e-01
1.575000000000000000e+03 1.676896999999999971e-01
1.581000000000000000e+03 1.704043000000000085e-01
1.586000000000000000e+03 1.729041000000000050e-01
1.592000000000000000e+03 1.751367000000000063e-01
1.598000000000000000e+03 1.781172000000000033e-01
1.604000000000000000e+03 1.813688999999999996e-01
1.610000000000000000e+03 1.836415999999999882e-01
1.615000000000000000e+03 1.857784000000000102e-01
1.621000000000000000e+03 1.874079999999999913e-01
1.627000000000000000e+03 1.896340999999999999e-01
1.633000000000000000e+03 1.922436999999999896e-01
1.639000000000000000e+03 1.943268999999999969e-01
1.645000000000000000e+03 1.960246999999999962e-01
1.650000000000000000e+03 1.977927999999999908e-01
1.656000000000000000e+03 1.992646999999999891e-01
1.662000000000000000e+03 2.014256000000000102e-01
1.668000000000000000e+03 2.037534000000000012e-01
1.674000000000000000e+03 2.054185000000000039e-01
1.679000000000000000e+03 2.069594999999999907e-01
1.685000000000000000e+03 2.083672000000000024e-01
1.691000000000000000e+03 2.102198000000000122e-01
1.697000000000000000e+03 2.125120000000000064e-01
1.703000000000000000e+03 2.141307000000000071e-01
1.708000000000000000e+03 2.158023000000000025e-01
1.714000000000000000e+03 2.176098999999999950e-01
1.720000000000000000e+03 2.190432999999999963e-01
1.726000000000000000e+03 2.209712000000000065e-01
1.732000000000000000e+03 2.230034999999999934e-01
1.738000000000000000e+03 2.248122999999999927e-01
1.743000000000000000e+03 2.264348999999999945e-01
1.749000000000000000e+03 2.279831999999999970e-01
1.755000000000000000e+03 2.297148999999999996e-01
1.761000000000000000e+03 2.321769999999999945e-01
1.767000000000000000e+03 2.342204999999999981e-01
1.772000000000000000e+03 2.359577999999999953e-01
1.778000000000000000e+03 2.377835000000000087e-01
1.784000000000000000e+03 2.395535000000000025e-01
1.790000000000000000e+03 2.422242000000000006e-01
1.796000000000000000e+03 2.448614000000000068e-01
1.801000000000000000e+03 2.469297000000000020e-01
1.807000000000000000e+03 2.488565000000000083e-01
1.813000000000000000e+03 2.508159999999999834e-01
1.819000000000000000e+03 2.526197000000000026e-01
1.825000000000000000e+03 2.549758999999999776e-01
1.831000000000000000e+03 2.573052000000000117e-01
1.836000000000000000e+03 2.592662000000000022e-01
1.842000000000000000e+03 2.608577000000000257e-01
1.848000000000000000e+03 2.625932999999999740e-01
1.854000000000000000e+03 2.647060999999999997e-01
1.860000000000000000e+03 2.669062999999999852e-01
1.865000000000000000e+03 2.685652000000000039e-01
1.871000000000000000e+03 2.703357000000000121e-01
1.877000000000000000e+03 2.720390999999999782e-01
1.883000000000000000e+03 2.734811999999999799e-01
1.889000000000000000e+03 2.753710999999999798e-01
1.894000000000000000e+03 2.771457999999999977e-01
1.900000000000000000e+03 2.792835000000000178e-01
1.906000000000000000e+03 2.813977999999999757e-01
1.912000000000000000e+03 2.828350000000000031e-01
1.918000000000000000e+03 2.853508000000000155e-01
1.924000000000000000e+03 2.876450999999999869e-01
1.929000000000000000e+03 2.895385999999999793e-01
1.935000000000000000e+03 2.913853000000000137e-01
1.941000000000000000e+03 2.930693999999999799e-01
1.947000000000000000e+03 2.947498000000000062e-01
1.953000000000000000e+03 2.972693000000000141e-01
1.958000000000000000e+03 2.994702000000000197e-01
1.964000000000000000e+03 3.013911000000000229e-01
1.970000000000000000e+03 3.031406999999999852e-01
1.976000000000000000e+03 3.050209999999999866e-01
1.982000000000000000e+03 3.073733000000000160e-01
1.987000000000000000e+03 3.101403999999999828e-01
1.993000000000000000e+03 3.119995999999999881e-01
1.999000000000000000e+03 3.140441999999999956e-01
2.005000000000000000e+03 3.158726000000000034e-01
2.011000000000000000e+03 3.177996000000000154e-01
2.017000000000000000e+03 3.206017999999999923e-01
2.022000000000000000e+03 3.227805999999999731e-01
2.028000000000000000e+03 3.249171000000000142e-01
2.034000000000000000e+03 3.267569000000000168e-01
2.040000000000000000e+03 3.287734999999999963e-01
2.046000000000000000e+03 3.312458999999999820e-01
2.051000000000000000e+03 3.340655000000000152e-01
2.057000000000000000e+03 3.363698999999999995e-01
2.063000000000000000e+03 3.386379999999999946e-01
2.069000000000000000e+03 3.405966999999999745e-01
2.075000000000000000e+03 3.429382999999999737e-01
2.080000000000000000e+03 3.462299999999999822e-01
2.086000000000000000e+03 3.482557000000000014e-01
2.092000000000000000e+03 3.506192000000000197e-01
2.098000000000000000e+03 3.527364000000000055e-01
2.104000000000000000e+03 3.548264999999999891e-01
2.110000000000000000e+03 3.578868000000000049e-01
2.115000000000000000e+03 3.609874000000000138e-01
2.121000000000000000e+03 3.632674000000000181e-01
2.127000000000000000e+03 3.655340000000000256e-01
2.133000000000000000e+03 3.675684000000000173e-01
2.139000000000000000e+03 3.703692000000000095e-01
2.144000000000000000e+03 3.735447000000000073e-01
2.150000000000000000e+03 3.762693999999999761e-01
2.156000000000000000e+03 3.787105000000000055e-01
2.162000000000000000e+03 3.811932000000000098e-01
2.168000000000000000e+03 3.832362000000000268e-01
2.173000000000000000e+03 3.862708000000000252e-01
2.179000000000000000e+03 3.899310000000000276e-01
2.185000000000000000e+03 3.928948999999999914e-01
2.191000000000000000e+03 3.956502000000000074e-01
2.197000000000000000e+03 3.982207999999999859e-01
2.203000000000000000e+03 4.008821000000000190e-01
2.208000000000000000e+03 4.045124999999999971e-01
2.214000000000000000e+03 4.079630000000000201e-01
2.220000000000000000e+03 4.105991999999999975e-01
2.226000000000000000e+03 4.137395999999999852e-01
2.232000000000000000e+03 4.165022999999999920e-01
2.237000000000000000e+03 4.199555999999999845e-01
2.243000000000000000e+03 4.236478000000000188e-01
2.249000000000000000e+03 4.264483000000000024e-01
2.255000000000000000e+03 4.293030999999999930e-01
2.261000000000000000e+03 4.320023000000000057e-01
2.266000000000000000e+03 4.345576999999999912e-01
2.272000000000000000e+03 4.380116000000000009e-01
2.278000000000000000e+03 4.414969000000000254e-01
2.284000000000000000e+03 4.447615999999999792e-01
2.290000000000000000e+03 4.476904999999999912e-01
2.296000000000000000e+03 4.501924999999999955e-01
2.301000000000000000e+03 4.539344000000000157e-01
2.307000000000000000e+03 4.581139000000000183e-01
2.313000000000000000e+03 4.611912000000000234e-01
2.319000000000000000e+03 4.639898000000000078e-01
2.325000000000000000e+03 4.665776999999999841e-01
2.330000000000000000e+03 4.690943000000000196e-01
2.336000000000000000e+03 4.724649000000000210e-01
2.342000000000000000e+03 4.763513999999999804e-01
2.348000000000000000e+03 4.794320000000000248e-01
2.354000000000000000e+03 4.823112999999999984e-01
2.360000000000000000e+03 4.853890000000000149e-01
2.365000000000000000e+03 4.889279999999999737e-01
2.371000000000000000e+03 4.929878999999999789e-01
2.377000000000000000e+03 4.963872999999999758e-01
2.383000000000000000e+03 4.996574999999999767e-01
2.389000000000000000e+03 5.027911000000000463e-01
2.394000000000000000e+03 5.054920000000000524e-01
2.400000000000000000e+03 5.093355000000000521e-01
2.406000000000000000e+03 5.129966999999999722e-01
2.412000000000000000e+03 5.161588000000000287e-01
2.418000000000000000e+03 5.194722000000000506e-01
2.423000000000000000e+03 5.218258000000000063e-01
2.429000000000000000e+03 5.255579000000000223e-01
2.435000000000000000e+03 5.293079000000000534e-01
2.441000000000000000e+03 5.319500000000000339e-01
2.447000000000000000e+03 5.342936999999999825e-01
2.453000000000000000e+03 5.371772999999999687e-01
2.458000000000000000e+03 5.394261000000000195e-01
2.464000000000000000e+03 5.425295999999999452e-01
2.470000000000000000e+03 5.454522000000000537e-01
2.476000000000000000e+03 5.474681000000000131e-01
2.482000000000000000e+03 5.500121000000000038e-01
2.487000000000000000e+03 5.521540999999999810e-01
2.493000000000000000e+03 5.543516000000000554e-01
2.499000000000000000e+03 5.568940999999999475e-01
2.505000000000000000e+03 5.588992999999999878e-01
2.511000000000000000e+03 5.606668000000000207e-01
2.516000000000000000e+03 5.622072999999999654e-01
2.522000000000000000e+03 5.635489000000000193e-01
2.528000000000000000e+03 5.650144999999999751e-01
2.534000000000000000e+03 5.658092000000000121e-01
2.540000000000000000e+03 5.660768000000000466e-01
2.546000000000000000e+03 5.663589999999999458e-01
2.551000000000000000e+03 5.664251000000000147e-01
2.557000000000000000e+03 5.666531999999999680e-01
2.563000000000000000e+03 5.657611000000000168e-01
2.569000000000000000e+03 5.649463999999999597e-01
2.575000000000000000e+03 5.636643999999999544e-01
2.580000000000000000e+03 5.618241000000000485e-01
2.586000000000000000e+03 5.607491000000000003e-01
2.592000000000000000e+03 5.574354000000000253e-01
2.598000000000000000e+03 5.543270000000000142e-01
2.604000000000000000e+03 5.514972000000000207e-01
2.609000000000000000e+03 5.479562000000000044e-01
2.615000000000000000e+03 5.443567999999999740e-01
2.621000000000000000e+03 5.397205000000000474e-01
2.627000000000000000e+03 5.331664000000000403e-01
2.633000000000000000e+03 5.277686000000000321e-01
2.639000000000000000e+03 5.230647999999999964e-01
2.644000000000000000e+03 5.172324999999999839e-01
2.650000000000000000e+03 5.113235000000000419e-01
2.656000000000000000e+03 5.027563999999999922e-01
2.662000000000000000e+03 4.951165000000000149e-01
2.668000000000000000e+03 4.880554999999999755e-01
2.673000000000000000e+03 4.807081000000000270e-01
2.679000000000000000e+03 4.732215000000000171e-01
2.685000000000000000e+03 4.645105999999999957e-01
2.691000000000000000e+03 4.569831999999999783e-01
2.697000000000000000e+03 4.566527000000000225e-01
2.702000000000000000e+03 4.591715000000000102e-01
2.708000000000000000e+03 4.627788999999999930e-01
2.714000000000000000e+03 4.663188999999999806e-01
2.720000000000000000e+03 4.709876000000000063e-01
2.726000000000000000e+03 4.745497000000000187e-01
2.732000000000000000e+03 4.770139999999999936e-01
2.737000000000000000e+03 4.799178000000000055e-01
2.743000000000000000e+03 4.819594999999999851e-01
2.749000000000000000e+03 4.847555000000000058e-01
2.755000000000000000e+03 4.873116000000000114e-01
2.761000000000000000e+03 4.894748999999999906e-01
2.766000000000000000e+03 4.913821999999999912e-01
2.772000000000000000e+03 4.935243000000000269e-01
2.778000000000000000e+03 4.950207999999999831e-01
2.784000000000000000e+03 4.971515000000000239e-01
2.790000000000000000e+03 4.986833999999999989e-01
2.795000000000000000e+03 5.005530999999999731e-01
2.801000000000000000e+03 5.021556000000000353e-01
2.807000000000000000e+03 5.032138999999999918e-01
2.813000000000000000e+03 5.049495999999999984e-01
2.819000000000000000e+03 5.072145000000000126e-01
2.825000000000000000e+03 5.086979000000000362e-01
2.830000000000000000e+03 5.100120999999999682e-01
2.836000000000000000e+03 5.109649000000000552e-01
2.842000000000000000e+03 5.125579000000000107e-01
2.848000000000000000e+03 5.142035000000000355e-01
2.854000000000000000e+03 5.160747999999999447e-01
2.859000000000000000e+03 5.175627999999999895e-01
2.865000000000000000e+03 5.187532000000000254e-01
2.871000000000000000e+03 5.197610999999999759e-01
2.877000000000000000e+03 5.209989000000000425e-01
2.883000000000000000e+03 5.224571000000000076e-01
2.888000000000000000e+03 5.234250999999999765e-01
2.894000000000000000e+03 5.245513000000000536e-01
2.900000000000000000e+03 5.254029000000000060e-01
2.906000000000000000e+03 5.268464999999999954e-01
2.912000000000000000e+03 5.281649000000000482e-01
2.918000000000000000e+03 5.290761000000000491e-01
2.923000000000000000e+03 5.297770000000000534e-01
2.929000000000000000e+03 5.308682000000000123e-01
2.935000000000000000e+03 5.316707999999999990e-01
2.941000000000000000e+03 5.329481000000000357e-01
2.947000000000000000e+03 5.343077000000000520e-01
2.952000000000000000e+03 5.355020000000000335e-01
2.958000000000000000e+03 5.364940000000000264e-01
2.964000000000000000e+03 5.374537000000000342e-01
2.970000000000000000e+03 5.382894000000000290e-01
2.976000000000000000e+03 5.393204000000000331e-01
2.982000000000000000e+03 5.406800000000000495e-01
2.987000000000000000e+03 5.413054999999999950e-01
2.993000000000000000e+03 5.420601000000000447e-01
2.999000000000000000e+03 5.423014000000000445e-01
3.005000000000000000e+03 5.432251999999999637e-01
3.011000000000000000e+03 5.449616999999999933e-01
3.016000000000000000e+03 5.463582000000000161e-01
3.022000000000000000e+03 5.466299999999999493e-01
3.028000000000000000e+03 5.469148999999999816e-01
3.034000000000000000e+03 5.473900000000000432e-01
3.040000000000000000e+03 5.483582000000000178e-01
3.045000000000000000e+03 5.492502999999999691e-01
3.051000000000000000e+03 5.501987999999999879e-01
3.057000000000000000e+03 5.508022999999999669e-01
3.063000000000000000e+03 5.515390999999999488e-01
3.069000000000000000e+03 5.520013000000000281e-01
3.075000000000000000e+03 5.529022000000000103e-01
3.080000000000000000e+03 5.533658000000000188e-01
3.086000000000000000e+03 5.538821999999999912e-01
3.092000000000000000e+03 5.545495999999999759e-01
3.098000000000000000e+03 5.546235999999999944e-01
3.104000000000000000e+03 5.551072000000000228e-01
3.109000000000000000e+03 5.554493000000000347e-01
3.115000000000000000e+03 5.563067000000000428e-01
3.121000000000000000e+03 5.570127999999999746e-01
3.127000000000000000e+03 5.572608000000000006e-01
3.133000000000000000e+03 5.580492000000000230e-01
3.138000000000000000e+03 5.585881999999999792e-01
3.144000000000000000e+03 5.585689999999999822e-01
3.150000000000000000e+03 5.589079999999999604e-01
3.156000000000000000e+03 5.590429999999999566e-01
3.162000000000000000e+03 5.585113000000000438e-01
3.168000000000000000e+03 5.587058999999999775e-01
3.173000000000000000e+03 5.584036999999999473e-01
3.179000000000000000e+03 5.585301000000000293e-01
3.185000000000000000e+03 5.588427999999999729e-01
3.191000000000000000e+03 5.587360999999999578e-01
3.197000000000000000e+03 5.590165000000000273e-01
3.202000000000000000e+03 5.595120999999999567e-01
3.208000000000000000e+03 5.602298000000000000e-01
3.214000000000000000e+03 5.606925000000000381e-01
3.220000000000000000e+03 5.600924000000000458e-01
3.226000000000000000e+03 5.601407000000000469e-01
3.231000000000000000e+03 5.603044999999999831e-01
3.237000000000000000e+03 5.602492999999999501e-01
3.243000000000000000e+03 5.602705999999999520e-01
3.249000000000000000e+03 5.602287999999999712e-01
3.255000000000000000e+03 5.603995000000000504e-01
3.261000000000000000e+03 5.609819999999999807e-01
3.266000000000000000e+03 5.607313000000000436e-01
3.272000000000000000e+03 5.605413000000000201e-01
3.278000000000000000e+03 5.608159999999999812e-01
3.284000000000000000e+03 5.606071999999999722e-01
3.290000000000000000e+03 5.607955000000000023e-01
3.295000000000000000e+03 5.606721999999999539e-01
3.301000000000000000e+03 5.602087999999999512e-01
3.307000000000000000e+03 5.601897999999999600e-01
3.313000000000000000e+03 5.600530999999999704e-01
3.319000000000000000e+03 5.599576000000000553e-01
3.324000000000000000e+03 5.603116000000000207e-01
3.330000000000000000e+03 5.596737000000000517e-01
3.336000000000000000e+03 5.591793000000000458e-01
3.342000000000000000e+03 5.588132999999999573e-01
3.348000000000000000e+03 5.585014999999999841e-01
3.354000000000000000e+03 5.580557999999999907e-01
3.359000000000000000e+03 5.575352000000000086e-01
3.365000000000000000e+03 5.569323999999999941e-01
3.371000000000000000e+03 5.563398999999999983e-01
3.377000000000000000e+03 5.559549000000000296e-01
3.383000000000000000e+03 5.554647000000000334e-01
3.388000000000000000e+03 5.553614000000000051e-01
3.394000000000000000e+03 5.544158999999999615e-01
3.400000000000000000e+03 5.539732000000000545e-01
3.406000000000000000e+03 5.534843999999999875e-01
3.412000000000000000e+03 5.526067999999999536e-01
3.417000000000000000e+03 5.521561000000000385e-01
3.423000000000000000e+03 5.513706999999999914e-01
3.429000000000000000e+03 5.506817000000000517e-01
3.435000000000000000e+03 5.500886999999999860e-01
3.441000000000000000e+03 5.494358999999999771e-01
3.447000000000000000e+03 5.488823999999999925e-01
3.452000000000000000e+03 5.482970000000000343e-01
3.458000000000000000e+03 5.469566000000000150e-01
3.464000000000000000e+03 5.460711000000000315e-01
3.470000000000000000e+03 5.452757000000000298e-01
3.476000000000000000e+03 5.442533000000000509e-01
3.481000000000000000e+03 5.443276999999999699e-01
3.487000000000000000e+03 5.434390000000000054e-01
3.493000000000000000e+03 5.421061999999999825e-01
3.499000000000000000e+03 5.416474999999999485e-01
3.505000000000000000e+03 5.412120000000000264e-01
3.510000000000000000e+03 5.403713999999999462e-01
3.516000000000000000e+03 5.391911999999999816e-01
3.522000000000000000e+03 5.378678000000000070e-01
3.528000000000000000e+03 5.368583000000000105e-01
3.534000000000000000e+03 5.364079999999999959e-01
3.540000000000000000e+03 5.349747000000000252e-01
3.545000000000000000e+03 5.341666000000000469e-01
3.551000000000000000e+03 5.328570000000000251e-01
3.557000000000000000e+03 5.314710000000000267e-01
3.563000000000000000e+03 5.304214999999999902e-01
3.569000000000000000e+03 5.297102999999999673e-01
3.574000000000000000e+03 5.282554999999999890e-01
3.580000000000000000e+03 5.269485000000000419e-01
3.586000000000000000e+03 5.253166999999999698e-01
3.592000000000000000e+03 5.240998999999999519e-01
3.598000000000000000e+03 5.231337000000000348e-01
3.603000000000000000e+03 5.217049000000000269e-01
3.609000000000000000e+03 5.207005000000000106e-01
3.615000000000000000e+03 5.192894000000000121e-01
3.621000000000000000e+03 5.176167999999999880e-01
3.627000000000000000e+03 5.164182999999999968e-01
3.633000000000000000e+03 5.147755000000000525e-01
3.638000000000000000e+03 5.134876000000000440e-01
3.644000000000000000e+03 5.118198999999999943e-01
3.650000000000000000e+03 5.101617000000000512e-01
3.656000000000000000e+03 5.085728000000000470e-01
3.662000000000000000e+03 5.072164000000000117e-01
3.667000000000000000e+03 5.061326999999999909e-01
3.673000000000000000e+03 5.053944000000000214e-01
3.679000000000000000e+03 5.038538000000000183e-01
3.685000000000000000e+03 5.022915999999999492e-01
3.691000000000000000e+03 5.005644999999999678e-01
3.696000000000000000e+03 4.998330999999999746e-01
3.702000000000000000e+03 4.982188000000000172e-01
3.708000000000000000e+03 4.966943999999999804e-01
3.714000000000000000e+03 4.943851000000000218e-01
3.720000000000000000e+03 4.929388000000000103e-01
3.726000000000000000e+03 4.918416999999999928e-01
3.731000000000000000e+03 4.900945999999999914e-01
3.737000000000000000e+03 4.882225000000000037e-01
3.743000000000000000e+03 4.865726000000000218e-01
3.749000000000000000e+03 4.849603000000000108e-01
3.755000000000000000e+03 4.833018000000000036e-01
3.760000000000000000e+03 4.816001999999999783e-01
3.766000000000000000e+03 4.799751999999999907e-01
3.772000000000000000e+03 4.779105000000000159e-01
3.778000000000000000e+03 4.752642999999999729e-01
3.784000000000000000e+03 4.735065999999999997e-01
3.790000000000000000e+03 4.723513999999999768e-01
3.795000000000000000e+03 4.701023999999999758e-01
3.801000000000000000e+03 4.688039999999999985e-01
3.807000000000000000e+03 4.671160999999999786e-01
3.813000000000000000e+03 4.650069000000000008e-01
3.819000000000000000e+03 4.630323000000000078e-01
3.824000000000000000e+03 4.608199000000000045e-01
3.830000000000000000e+03 4.592891000000000057e-01
3.836000000000000000e+03 4.574905000000000221e-01
3.842000000000000000e+03 4.545789000000000080e-01
3.848000000000000000e+03 4.524607999999999963e-01
3.853000000000000000e+03 4.509680999999999829e-01
3.859000000000000000e+03 4.491910000000000069e-01
3.865000000000000000e+03 4.475339999999999874e-01
3.871000000000000000e+03 4.452916000000000096e-01
3.877000000000000000e+03 4.425036999999999998e-01
3.883000000000000000e+03 4.402074000000000265e-01
3.888000000000000000e+03 4.384095000000000075e-01
3.894000000000000000e+03 4.363666999999999963e-01
3.900000000000000000e+03 4.342605999999999966e-01
3.906000000000000000e+03 4.314226999999999923e-01
3.912000000000000000e+03 4.292510999999999965e-01
3.917000000000000000e+03 4.277007999999999921e-01
3.923000000000000000e+03 4.251218999999999970e-01
3.929000000000000000e+03 4.231266000000000194e-01
3.935000000000000000e+03 4.208166999999999880e-01
3.941000000000000000e+03 4.180544999999999956e-01
3.946000000000000000e+03 4.161892999999999843e-01
3.952000000000000000e+03 4.138177000000000105e-01
3.958000000000000000e+03 4.113899999999999779e-01
3.964000000000000000e+03 4.097835000000000227e-01
3.970000000000000000e+03 4.074007000000000045e-01
3.976000000000000000e+03 4.049521999999999844e-01
3.981000000000000000e+03 4.033506000000000036e-01
3.987000000000000000e+03 4.008213999999999944e-01
3.993000000000000000e+03 3.988643000000000050e-01
3.999000000000000000e+03 3.962525000000000075e-01
4.005000000000000000e+03 3.934012000000000064e-01
4.010000000000000000e+03 3.912391000000000063e-01
4.016000000000000000e+03 3.895688999999999957e-01
4.022000000000000000e+03 3.874075000000000157e-01
4.028000000000000000e+03 3.849498000000000086e-01
4.034000000000000000e+03 3.817505999999999955e-01
4.039000000000000000e+03 3.792625000000000024e-01
4.045000000000000000e+03 3.773928999999999756e-01
4.051000000000000000e+03 3.747012000000000120e-01
4.057000000000000000e+03 3.728527999999999842e-01
4.063000000000000000e+03 3.701135999999999870e-01
4.069000000000000000e+03 3.672990999999999895e-01
4.074000000000000000e+03 3.648857999999999824e-01
4.080000000000000000e+03 3.628333000000000252e-01
4.086000000000000000e+03 3.609066000000000218e-01
4.092000000000000000e+03 3.584820000000000229e-01
4.098000000000000000e+03 3.551038000000000250e-01
4.103000000000000000e+03 3.523973000000000244e-01
4.109000000000000000e+03 3.506167000000000034e-01
4.115000000000000000e+03 3.476320999999999994e-01
4.121000000000000000e+03 3.453881999999999786e-01
4.127000000000000000e+03 3.428598999999999952e-01
4.132000000000000000e+03 3.401391999999999749e-01
4.138000000000000000e+03 3.376636000000000082e-01
4.144000000000000000e+03 3.353050000000000197e-01
4.150000000000000000e+03 3.328041999999999945e-01
4.156000000000000000e+03 3.308587000000000056e-01
4.162000000000000000e+03 3.277114999999999889e-01
4.167000000000000000e+03 3.249008999999999925e-01
4.173000000000000000e+03 3.226585000000000147e-01
4.179000000000000000e+03 3.203142999999999962e-01
4.185000000000000000e+03 3.189903000000000044e-01
4.191000000000000000e+03 3.165604000000000195e-01
4.196000000000000000e+03 3.134528999999999788e-01
4.202000000000000000e+03 3.114153000000000060e-01
4.208000000000000000e+03 3.090120000000000089e-01
4.214000000000000000e+03 3.064676000000000067e-01
4.220000000000000000e+03 3.037678999999999796e-01
4.225000000000000000e+03 3.003762999999999850e-01
4.231000000000000000e+03 2.977400000000000047e-01
4.237000000000000000e+03 2.957680999999999782e-01
4.243000000000000000e+03 2.931129000000000095e-01
4.249000000000000000e+03 2.909941999999999807e-01
4.255000000000000000e+03 2.882730000000000015e-01
4.260000000000000000e+03 2.855117999999999823e-01
4.266000000000000000e+03 2.829205000000000192e-01
4.272000000000000000e+03 2.810088000000000030e-01
4.278000000000000000e+03 2.787161000000000222e-01
4.284000000000000000e+03 2.763483999999999940e-01
4.289000000000000000e+03 2.730035000000000101e-01
4.295000000000000000e+03 2.702727999999999797e-01
4.301000000000000000e+03 2.681808999999999998e-01
4.307000000000000000e+03 2.656144999999999756e-01
4.313000000000000000e+03 2.633808999999999734e-01
4.318000000000000000e+03 2.607675999999999883e-01
4.324000000000000000e+03 2.576843999999999801e-01
4.330000000000000000e+03 2.551160000000000094e-01
4.336000000000000000e+03 2.528387000000000273e-01
4.342000000000000000e+03 2.505100000000000104e-01
4.348000000000000000e+03 2.481827000000000061e-01
4.353000000000000000e+03 2.451048000000000116e-01
4.359000000000000000e+03 2.427431999999999923e-01
4.365000000000000000e+03 2.403772000000000131e-01
4.371000000000000000e+03 2.376514000000000126e-01
4.377000000000000000e+03 2.356502000000000041e-01
4.382000000000000000e+03 2.331099000000000088e-01
4.388000000000000000e+03 2.298426000000000080e-01
4.394000000000000000e+03 2.276740999999999904e-01
4.400000000000000000e+03 2.261867999999999934e-01
4.406000000000000000e+03 2.235759999999999970e-01
4.411000000000000000e+03 2.211016000000000092e-01
4.417000000000000000e+03 2.181277000000000077e-01
4.423000000000000000e+03 2.158592000000000011e-01
4.429000000000000000e+03 2.138166999999999984e-01
4.435000000000000000e+03 2.110810999999999937e-01
4.441000000000000000e+03 2.091552999999999884e-01
4.446000000000000000e+03 2.067097999999999991e-01
4.452000000000000000e+03 2.036882999999999888e-01
4.458000000000000000e+03 2.015183000000000113e-01
4.464000000000000000e+03 1.996703999999999979e-01
4.470000000000000000e+03 1.976524000000000059e-01
4.475000000000000000e+03 1.954007000000000105e-01
4.481000000000000000e+03 1.922631999999999952e-01
4.487000000000000000e+03 1.901328999999999936e-01
4.493000000000000000e+03 1.881057999999999897e-01
4.499000000000000000e+03 1.858738000000000057e-01
4.505000000000000000e+03 1.840519999999999934e-01
4.510000000000000000e+03 1.814204000000000094e-01
4.516000000000000000e+03 1.787287999999999932e-01
4.522000000000000000e+03 1.768552999999999931e-01
4.528000000000000000e+03 1.749339000000000033e-01
4.534000000000000000e+03 1.734037999999999968e-01
4.539000000000000000e+03 1.711403999999999981e-01
4.545000000000000000e+03 1.685253999999999919e-01
4.551000000000000000e+03 1.662843999999999989e-01
4.557000000000000000e+03 1.644258000000000108e-01
4.563000000000000000e+03 1.620530000000000026e-01
4.568000000000000000e+03 1.602824999999999944e-01
4.574000000000000000e+03 1.582775999999999905e-01
4.580000000000000000e+03 1.556086999999999887e-01
4.586000000000000000e+03 1.535466000000000053e-01
4.592000000000000000e+03 1.518013000000000001e-01
4.598000000000000000e+03 1.501396999999999871e-01
4.603000000000000000e+03 1.482865999999999906e-01
4.609000000000000000e+03 1.458368999999999915e-01
4.615000000000000000e+03 1.439495000000000080e-01
4.621000000000000000e+03 1.424711999999999923e-01
4.627000000000000000e+03 1.405514999999999959e-01
4.632000000000000000e+03 1.390688999999999953e-01
4.638000000000000000e+03 1.372285000000000033e-01
4.644000000000000000e+03 1.350195999999999896e-01
4.650000000000000000e+03 1.333200999999999969e-01
4.656000000000000000e+03 1.316965999999999970e-01
4.661000000000000000e+03 1.301565000000000083e-01
4.667000000000000000e+03 1.282892999999999950e-01
4.673000000000000000e+03 1.261719000000000035e-01
4.679000000000000000e+03 1.243525999999999937e-01
4.685000000000000000e+03 1.229401999999999995e-01
4.691000000000000000e+03 1.212261000000000033e-01
4.696000000000000000e+03 1.199020999999999976e-01
4.702000000000000000e+03 1.184474999999999972e-01
4.708000000000000000e+03 1.161632999999999971e-01
4.714000000000000000e+03 1.145491000000000009e-01
4.720000000000000000e+03 1.130261000000000043e-01
4.725000000000000000e+03 1.115440000000000043e-01
4.731000000000000000e+03 1.102677999999999991e-01
4.737000000000000000e+03 1.081664999999999988e-01
4.743000000000000000e+03 1.064292000000000016e-01
4.749000000000000000e+03 1.050393000000000021e-01
4.754000000000000000e+03 1.034405000000000047e-01
4.760000000000000000e+03 1.020945000000000047e-01
4.766000000000000000e+03 1.004972999999999977e-01
4.772000000000000000e+03 9.828175999999999579e-02
4.778000000000000000e+03 9.704786999999999442e-02
4.784000000000000000e+03 9.585622000000000587e-02
4.789000000000000000e+03 9.448731999999999964e-02
4.795000000000000000e+03 9.310986999999999736e-02
4.801000000000000000e+03 9.120949000000000417e-02
4.807000000000000000e+03 8.975684999999999913e-02
4.813000000000000000e+03 8.826343999999999856e-02
4.818000000000000000e+03 8.666504999999999348e-02
4.824000000000000000e+03 8.564014000000000348e-02
4.830000000000000000e+03 8.419801000000000368e-02
4.836000000000000000e+03 8.238062999999999636e-02
4.842000000000000000e+03 8.106763999999999637e-02
4.847000000000000000e+03 7.997340000000000004e-02
4.853000000000000000e+03 7.870021000000000655e-02
4.859000000000000000e+03 7.746240999999999544e-02
4.865000000000000000e+03 7.589650000000000563e-02
4.871000000000000000e+03 7.466968999999999690e-02
4.877000000000000000e+03 7.348804999999999921e-02
4.882000000000000000e+03 7.209376000000000673e-02
4.888000000000000000e+03 7.114771999999999763e-02
4.894000000000000000e+03 6.996046000000000209e-02
4.900000000000000000e+03 6.805885000000000407e-02
4.906000000000000000e+03 6.688355999999999468e-02
4.911000000000000000e+03 6.588283000000000333e-02
4.917000000000000000e+03 6.477856999999999366e-02
4.923000000000000000e+03 6.376368999999999787e-02
4.929000000000000000e+03 6.251563999999999732e-02
4.935000000000000000e+03 6.133277000000000173e-02
4.940000000000000000e+03 6.025683999999999901e-02
4.946000000000000000e+03 5.894947999999999855e-02
4.952000000000000000e+03 5.816603000000000051e-02
4.958000000000000000e+03 5.714038999999999924e-02
4.964000000000000000e+03 5.552441999999999794e-02
4.970000000000000000e+03 5.445459999999999884e-02
4.975000000000000000e+03 5.369117000000000334e-02
4.981000000000000000e+03 5.267262000000000333e-02
4.987000000000000000e+03 5.169093000000000299e-02
4.993000000000000000e+03 5.050928999999999836e-02
4.999000000000000000e+03 4.944848999999999772e-02
5.004000000000000000e+03 4.855664999999999981e-02
5.010000000000000000e+03 4.752686999999999884e-02
5.016000000000000000e+03 4.671998000000000123e-02
5.022000000000000000e+03 4.568238000000000160e-02
5.028000000000000000e+03 4.427099999999999785e-02
5.034000000000000000e+03 4.336475000000000052e-02
5.039000000000000000e+03 4.266236000000000333e-02
5.045000000000000000e+03 4.180640000000000051e-02
5.051000000000000000e+03 4.087501000000000329e-02
5.057000000000000000e+03 3.970313000000000314e-02
5.063000000000000000e+03 3.868603999999999793e-02
5.068000000000000000e+03 3.797485999999999917e-02
5.074000000000000000e+03 3.703638000000000069e-02
5.080000000000000000e+03 3.632616999999999791e-02
5.086000000000000000e+03 3.550244999999999790e-02
5.092000000000000000e+03 3.424317000000000333e-02
5.097000000000000000e+03 3.351123999999999770e-02
5.103000000000000000e+03 3.276318999999999759e-02
5.109000000000000000e+03 3.194190000000000224e-02
5.115000000000000000e+03 3.110865000000000158e-02
5.121000000000000000e+03 3.015527999999999959e-02
5.127000000000000000e+03 2.920557000000000014e-02
5.132000000000000000e+03 2.856177000000000021e-02
5.138000000000000000e+03 2.768456999999999862e-02
5.144000000000000000e+03 2.696557999999999941e-02
5.150000000000000000e+03 2.636743999999999893e-02
5.156000000000000000e+03 2.512574000000000057e-02
5.161000000000000000e+03 2.442675999999999875e-02
5.167000000000000000e+03 2.391211999999999852e-02
5.173000000000000000e+03 2.325781999999999849e-02
5.179000000000000000e+03 2.262499999999999928e-02
5.185000000000000000e+03 2.178857999999999837e-02
5.190000000000000000e+03 2.111280000000000101e-02
5.196000000000000000e+03 2.074097000000000093e-02
5.202000000000000000e+03 2.009398999999999907e-02
5.208000000000000000e+03 1.969384999999999886e-02
5.214000000000000000e+03 1.932738999999999985e-02
5.220000000000000000e+03 1.863110999999999934e-02
5.225000000000000000e+03 1.818555000000000171e-02
5.231000000000000000e+03 1.777953999999999993e-02
5.237000000000000000e+03 1.734058000000000127e-02
5.243000000000000000e+03 1.705395999999999995e-02
5.249000000000000000e+03 1.666114000000000137e-02
5.254000000000000000e+03 1.632812999999999973e-02
5.260000000000000000e+03 1.610034999999999938e-02
5.266000000000000000e+03 1.548754999999999923e-02
5.272000000000000000e+03 1.509278000000000008e-02
5.278000000000000000e+03 1.460326999999999979e-02
5.283000000000000000e+03 1.365381000000000060e-02
5.289000000000000000e+03 1.282885999999999922e-02
5.295000000000000000e+03 1.205835000000000067e-02
5.301000000000000000e+03 1.106591999999999992e-02
5.307000000000000000e+03 1.045580999999999941e-02
5.313000000000000000e+03 1.010058999999999957e-02
5.318000000000000000e+03 9.720216999999999746e-03
5.324000000000000000e+03 9.764161999999999841e-03
5.330000000000000000e+03 9.544189999999999272e-03
5.336000000000000000e+03 9.596436999999999329e-03
5.342000000000000000e+03 9.915284999999999377e-03
5.347000000000000000e+03 9.604249000000000466e-03
5.353000000000000000e+03 9.452393999999999380e-03
5.359000000000000000e+03 9.354493999999999657e-03
5.365000000000000000e+03 9.039795999999999249e-03
5.371000000000000000e+03 8.825684999999999780e-03
5.376000000000000000e+03 8.278809999999999295e-03
5.382000000000000000e+03 7.833009000000000152e-03
5.388000000000000000e+03 7.683596000000000002e-03
5.394000000000000000e+03 7.321534999999999675e-03
5.400000000000000000e+03 7.201418000000000229e-03
5.406000000000000000e+03 7.223878000000000417e-03
5.411000000000000000e+03 7.298340999999999856e-03
5.417000000000000000e+03 7.548341000000000078e-03
5.423000000000000000e+03 7.701173000000000393e-03
5.429000000000000000e+03 7.607179000000000371e-03
5.435000000000000000e+03 7.612062000000000168e-03
5.440000000000000000e+03 7.551514999999999964e-03
5.446000000000000000e+03 7.481202999999999638e-03
5.452000000000000000e+03 7.519287999999999840e-03
5.458000000000000000e+03 7.325439999999999903e-03
5.464000000000000000e+03 7.258790999999999681e-03
5.469000000000000000e+03 7.397217999999999676e-03
5.475000000000000000e+03 7.388429000000000177e-03
5.481000000000000000e+03 7.368897999999999594e-03
5.487000000000000000e+03 7.423830000000000186e-03
5.493000000000000000e+03 7.372560000000000224e-03
5.499000000000000000e+03 7.347412999999999687e-03
5.504000000000000000e+03 7.376955000000000144e-03
5.510000000000000000e+03 7.266602999999999951e-03
5.516000000000000000e+03 7.334717999999999620e-03
5.522000000000000000e+03 7.234865000000000046e-03
5.528000000000000000e+03 7.237061999999999835e-03
5.533000000000000000e+03 7.216797999999999963e-03
5.539000000000000000e+03 7.048340999999999634e-03
5.545000000000000000e+03 6.961671000000000005e-03
5.551000000000000000e+03 7.022706000000000087e-03
5.557000000000000000e+03 6.923097999999999926e-03
5.562000000000000000e+03 7.015137999999999756e-03
5.568000000000000000e+03 6.996828000000000075e-03
5.574000000000000000e+03 6.864503000000000098e-03
5.580000000000000000e+03 6.917238000000000032e-03
5.586000000000000000e+03 6.839844999999999779e-03
5.592000000000000000e+03 6.734620000000000190e-03
5.597000000000000000e+03 6.876466000000000349e-03
5.603000000000000000e+03 6.751466000000000238e-03
5.609000000000000000e+03 6.681152999999999571e-03
5.615000000000000000e+03 6.815187000000000328e-03
5.621000000000000000e+03 6.674074000000000326e-03
5.626000000000000000e+03 6.620118000000000356e-03
5.632000000000000000e+03 6.748780999999999704e-03
5.638000000000000000e+03 6.713379999999999695e-03
5.644000000000000000e+03 6.801515000000000165e-03
5.650000000000000000e+03 6.778321000000000346e-03
5.655000000000000000e+03 6.745362000000000406e-03
5.661000000000000000e+03 6.780518999999999609e-03
5.667000000000000000e+03 6.633303000000000116e-03
5.673000000000000000e+03 6.691164000000000313e-03
5.679000000000000000e+03 6.807373999999999717e-03
5.685000000000000000e+03 6.627197999999999943e-03
5.690000000000000000e+03 6.744629999999999723e-03
5.696000000000000000e+03 6.774902999999999655e-03
5.702000000000000000e+03 6.786376999999999687e-03
5.708000000000000000e+03 6.878419000000000200e-03
5.714000000000000000e+03 6.795655000000000272e-03
5.719000000000000000e+03 6.739502999999999987e-03
5.725000000000000000e+03 6.731690000000000243e-03
5.731000000000000000e+03 6.669434999999999600e-03
5.737000000000000000e+03 6.568848999999999869e-03
5.743000000000000000e+03 6.635743000000000370e-03
5.748000000000000000e+03 6.616457000000000067e-03
5.754000000000000000e+03 6.679201000000000062e-03
5.760000000000000000e+03 6.831544999999999632e-03
5.766000000000000000e+03 6.793457999999999615e-03
5.772000000000000000e+03 6.823486999999999608e-03
5.778000000000000000e+03 6.847658000000000390e-03
5.783000000000000000e+03 6.726318999999999701e-03
5.789000000000000000e+03 6.799806000000000253e-03
5.795000000000000000e+03 6.698243999999999899e-03
5.801000000000000000e+03 6.696045999999999769e-03
5.807000000000000000e+03 6.800050000000000192e-03
5.812000000000000000e+03 6.702638000000000346e-03
5.818000000000000000e+03 6.627931000000000100e-03
5.824000000000000000e+03 6.712891999999999817e-03
5.830000000000000000e+03 6.657228000000000277e-03
5.836000000000000000e+03 6.790285000000000071e-03
5.841000000000000000e+03 6.753906999999999966e-03
5.847000000000000000e+03 6.718263000000000360e-03
5.853000000000000000e+03 6.664795999999999741e-03
5.859000000000000000e+03 6.645752999999999903e-03
5.865000000000000000e+03 6.593507999999999661e-03
5.871000000000000000e+03 6.613769999999999719e-03
5.876000000000000000e+03 6.454103000000000097e-03
5.882000000000000000e+03 6.533937000000000078e-03
5.888000000000000000e+03 6.582521000000000032e-03
5.894000000000000000e+03 6.530763000000000193e-03
5.900000000000000000e+03 6.621583999999999803e-03
5.905000000000000000e+03 6.513917000000000145e-03
5.911000000000000000e+03 6.521729999999999888e-03
5.917000000000000000e+03 6.665772999999999837e-03
5.923000000000000000e+03 6.559571999999999625e-03
5.929000000000000000e+03 6.524415000000000422e-03
5.934000000000000000e+03 6.597170000000000291e-03
5.940000000000000000e+03 6.532228000000000166e-03
5.946000000000000000e+03 6.494874000000000307e-03
5.952000000000000000e+03 6.565918999999999922e-03
5.958000000000000000e+03 6.581543999999999936e-03
5.964000000000000000e+03 6.660402000000000163e-03
5.969000000000000000e+03 6.545900000000000329e-03
5.975000000000000000e+03 6.413331999999999887e-03
5.981000000000000000e+03 6.594972000000000160e-03
5.987000000000000000e+03 6.551514999999999943e-03
5.993000000000000000e+03 6.541749999999999822e-03
5.998000000000000000e+03 6.646728999999999658e-03
6.000000000000000000e+03 6.561036000000000125e-03
