3.000000000000000000e+00 7.845704999999999693e-03
8.000000000000000000e+00 7.908692999999999626e-03
1.200000000000000000e+01 7.900391999999999137e-03
1.700000000000000000e+01 7.975586999999999260e-03
2.300000000000000000e+01 7.862793999999999339e-03
2.900000000000000000e+01 7.899414999999999909e-03
3.400000000000000000e+01 7.754152000000000267e-03
4.000000000000000000e+01 7.665039999999999701e-03
4.600000000000000000e+01 7.760743999999999976e-03
5.200000000000000000e+01 7.536621999999999766e-03
5.800000000000000000e+01 7.527345000000000390e-03
6.300000000000000000e+01 7.582275999999999773e-03
6.900000000000000000e+01 7.492432999999999732e-03
7.500000000000000000e+01 7.502441999999999792e-03
8.100000000000000000e+01 7.453126000000000022e-03
8.700000000000000000e+01 7.429200000000000387e-03
9.200000000000000000e+01 7.513429000000000288e-03
9.800000000000000000e+01 7.345461000000000178e-03
1.040000000000000000e+02 7.270752999999999591e-03
1.100000000000000000e+02 7.373048000000000102e-03
1.160000000000000000e+02 7.236328999999999678e-03
1.220000000000000000e+02 7.125489999999999949e-03
1.270000000000000000e+02 7.246339000000000079e-03
1.330000000000000000e+02 7.090332999999999879e-03
1.390000000000000000e+02 7.094239999999999921e-03
1.450000000000000000e+02 7.021730000000000332e-03
1.510000000000000000e+02 7.032715999999999620e-03
1.560000000000000000e+02 6.973390999999999791e-03
1.620000000000000000e+02 6.861573000000000151e-03
1.680000000000000000e+02 6.766114000000000156e-03
1.740000000000000000e+02 6.930908999999999855e-03
1.800000000000000000e+02 6.800294000000000130e-03
1.850000000000000000e+02 6.773926999999999900e-03
1.910000000000000000e+02 6.896242000000000344e-03
1.970000000000000000e+02 6.819336999999999968e-03
2.030000000000000000e+02 6.908204999999999728e-03
2.090000000000000000e+02 7.009277999999999863e-03
2.150000000000000000e+02 6.989747000000000147e-03
2.200000000000000000e+02 7.061035999999999702e-03
2.260000000000000000e+02 7.187014000000000249e-03
2.320000000000000000e+02 7.158203999999999609e-03
2.380000000000000000e+02 7.317139999999999755e-03
2.440000000000000000e+02 7.369386000000000339e-03
2.490000000000000000e+02 7.496095000000000362e-03
2.550000000000000000e+02 7.699952000000000359e-03
2.610000000000000000e+02 7.835939000000000099e-03
2.670000000000000000e+02 8.054933000000000232e-03
2.730000000000000000e+02 8.093506999999999785e-03
2.780000000000000000e+02 8.116945000000000410e-03
2.840000000000000000e+02 8.231934999999999253e-03
2.900000000000000000e+02 8.388184999999999392e-03
2.960000000000000000e+02 8.478028999999999774e-03
3.020000000000000000e+02 8.618897000000000364e-03
3.080000000000000000e+02 8.610598000000000557e-03
3.130000000000000000e+02 8.669436000000000850e-03
3.190000000000000000e+02 8.877931999999999838e-03
3.250000000000000000e+02 8.903321000000000499e-03
3.310000000000000000e+02 8.896485000000000851e-03
3.370000000000000000e+02 9.008789999999999160e-03
3.420000000000000000e+02 8.992187999999999917e-03
3.480000000000000000e+02 8.993410000000000293e-03
3.540000000000000000e+02 8.881593000000000127e-03
3.600000000000000000e+02 8.907717000000000759e-03
3.660000000000000000e+02 9.020508999999999472e-03
3.710000000000000000e+02 8.946534000000000778e-03
3.770000000000000000e+02 8.971925000000000386e-03
3.830000000000000000e+02 9.035891000000000756e-03
3.890000000000000000e+02 8.902589000000000682e-03
3.950000000000000000e+02 8.926760000000000597e-03
4.010000000000000000e+02 8.949221000000000259e-03
4.060000000000000000e+02 8.743654000000000009e-03
4.120000000000000000e+02 8.775147000000000502e-03
4.180000000000000000e+02 8.596437000000000175e-03
4.240000000000000000e+02 8.447266999999999623e-03
4.300000000000000000e+02 8.519287999999999861e-03
4.350000000000000000e+02 8.256348999999999633e-03
4.410000000000000000e+02 8.140869999999999704e-03
4.470000000000000000e+02 8.016115000000000740e-03
4.530000000000000000e+02 7.796876000000000327e-03
4.590000000000000000e+02 7.848390999999999701e-03
4.640000000000000000e+02 7.696777999999999606e-03
4.700000000000000000e+02 7.496583000000000239e-03
4.760000000000000000e+02 7.471437000000000044e-03
4.820000000000000000e+02 7.244874000000000105e-03
4.880000000000000000e+02 7.087648000000000212e-03
4.940000000000000000e+02 7.107912000000000084e-03
4.990000000000000000e+02 7.004395000000000066e-03
5.050000000000000000e+02 6.851808000000000030e-03
5.110000000000000000e+02 6.940186999999999572e-03
5.170000000000000000e+02 6.876466000000000349e-03
5.230000000000000000e+02 6.982666999999999694e-03
5.280000000000000000e+02 6.933350999999999924e-03
5.340000000000000000e+02 6.791992999999999642e-03
5.400000000000000000e+02 6.911867000000000358e-03
5.460000000000000000e+02 6.821289999999999819e-03
5.520000000000000000e+02 6.739259000000000048e-03
5.580000000000000000e+02 6.895019999999999968e-03
5.630000000000000000e+02 6.855225999999999854e-03
5.690000000000000000e+02 6.926269999999999996e-03
5.750000000000000000e+02 7.022706000000000087e-03
5.810000000000000000e+02 7.124756999999999792e-03
5.870000000000000000e+02 7.021486000000000394e-03
5.920000000000000000e+02 7.144288000000000374e-03
5.980000000000000000e+02 7.031739000000000392e-03
6.040000000000000000e+02 7.159668999999999582e-03
6.100000000000000000e+02 7.023683000000000183e-03
6.160000000000000000e+02 6.975343000000000168e-03
6.210000000000000000e+02 7.095460999999999956e-03
6.270000000000000000e+02 6.865480000000000194e-03
6.330000000000000000e+02 6.803468000000000016e-03
6.390000000000000000e+02 6.722658000000000279e-03
6.450000000000000000e+02 6.500001000000000043e-03
6.510000000000000000e+02 6.530519000000000254e-03
6.560000000000000000e+02 6.385988000000000428e-03
6.620000000000000000e+02 6.263672999999999984e-03
6.680000000000000000e+02 6.293214000000000100e-03
6.740000000000000000e+02 6.098878000000000285e-03
6.800000000000000000e+02 6.140381999999999785e-03
6.850000000000000000e+02 6.207276000000000286e-03
6.910000000000000000e+02 6.106203000000000151e-03
6.970000000000000000e+02 6.163087000000000253e-03
7.030000000000000000e+02 6.385988000000000428e-03
7.090000000000000000e+02 6.443848999999999758e-03
7.140000000000000000e+02 6.725099000000000007e-03
7.200000000000000000e+02 7.065430999999999621e-03
7.260000000000000000e+02 7.212403000000000043e-03
7.320000000000000000e+02 7.672120000000000155e-03
7.380000000000000000e+02 8.035158000000000578e-03
7.440000000000000000e+02 8.598144999999999746e-03
7.490000000000000000e+02 9.214355999999999935e-03
7.550000000000000000e+02 9.692384000000000069e-03
7.610000000000000000e+02 1.035230000000000004e-02
7.670000000000000000e+02 1.133130000000000075e-02
7.730000000000000000e+02 1.223852999999999920e-02
7.780000000000000000e+02 1.295287999999999995e-02
7.840000000000000000e+02 1.367481000000000078e-02
7.900000000000000000e+02 1.433813999999999922e-02
7.960000000000000000e+02 1.513549999999999965e-02
8.020000000000000000e+02 1.614550999999999834e-02
8.070000000000000000e+02 1.697461000000000109e-02
8.130000000000000000e+02 1.780566999999999914e-02
8.190000000000000000e+02 1.856249999999999914e-02
8.250000000000000000e+02 1.928857999999999961e-02
8.310000000000000000e+02 2.030712999999999963e-02
8.370000000000000000e+02 2.111352999999999841e-02
8.420000000000000000e+02 2.195019999999999957e-02
8.480000000000000000e+02 2.259326000000000043e-02
8.540000000000000000e+02 2.313354999999999925e-02
8.600000000000000000e+02 2.386011000000000035e-02
8.660000000000000000e+02 2.447339000000000112e-02
8.710000000000000000e+02 2.502124999999999835e-02
8.770000000000000000e+02 2.571313999999999891e-02
8.830000000000000000e+02 2.620460000000000150e-02
8.890000000000000000e+02 2.658326000000000092e-02
8.950000000000000000e+02 2.741309000000000107e-02
9.000000000000000000e+02 2.787036999999999848e-02
9.060000000000000000e+02 2.821314000000000113e-02
9.120000000000000000e+02 2.864428999999999934e-02
9.180000000000000000e+02 2.898266999999999857e-02
9.240000000000000000e+02 2.943139999999999992e-02
9.300000000000000000e+02 2.974755999999999928e-02
9.350000000000000000e+02 3.000488999999999934e-02
9.410000000000000000e+02 3.033813999999999955e-02
9.470000000000000000e+02 3.057177999999999979e-02
9.530000000000000000e+02 3.061890000000000098e-02
9.590000000000000000e+02 3.084864000000000009e-02
9.640000000000000000e+02 3.092359000000000080e-02
9.700000000000000000e+02 3.091674999999999979e-02
9.760000000000000000e+02 3.085815999999999906e-02
9.820000000000000000e+02 3.055273999999999837e-02
9.880000000000000000e+02 3.023583999999999994e-02
9.930000000000000000e+02 2.953466999999999898e-02
9.990000000000000000e+02 2.890577000000000077e-02
1.005000000000000000e+03 2.845850000000000116e-02
1.011000000000000000e+03 2.736036000000000024e-02
1.017000000000000000e+03 2.678418000000000118e-02
1.023000000000000000e+03 2.572607999999999839e-02
1.028000000000000000e+03 2.435694000000000053e-02
1.034000000000000000e+03 2.332226999999999911e-02
1.040000000000000000e+03 2.247485999999999928e-02
1.046000000000000000e+03 2.147779000000000008e-02
1.052000000000000000e+03 2.064942000000000166e-02
1.057000000000000000e+03 1.964404999999999971e-02
1.063000000000000000e+03 1.885863999999999943e-02
1.069000000000000000e+03 1.868409000000000042e-02
1.075000000000000000e+03 1.845971999999999891e-02
1.081000000000000000e+03 1.844994999999999968e-02
1.086000000000000000e+03 1.896265000000000103e-02
1.092000000000000000e+03 1.948534999999999850e-02
1.098000000000000000e+03 2.015528000000000111e-02
1.104000000000000000e+03 2.089428999999999939e-02
1.110000000000000000e+03 2.159229000000000009e-02
1.116000000000000000e+03 2.261304000000000092e-02
1.121000000000000000e+03 2.403076999999999991e-02
1.127000000000000000e+03 2.507813000000000056e-02
1.133000000000000000e+03 2.627026999999999834e-02
1.139000000000000000e+03 2.729737000000000136e-02
1.145000000000000000e+03 2.829786000000000107e-02
1.150000000000000000e+03 2.964966000000000129e-02
1.156000000000000000e+03 3.084034000000000081e-02
1.162000000000000000e+03 3.166651000000000188e-02
1.168000000000000000e+03 3.254420000000000229e-02
1.174000000000000000e+03 3.301318999999999781e-02
1.180000000000000000e+03 3.373339999999999672e-02
1.185000000000000000e+03 3.434253000000000305e-02
1.191000000000000000e+03 3.480811000000000321e-02
1.197000000000000000e+03 3.527319999999999761e-02
1.203000000000000000e+03 3.556958000000000342e-02
1.209000000000000000e+03 3.582202999999999776e-02
1.214000000000000000e+03 3.626806999999999948e-02
1.220000000000000000e+03 3.658569999999999878e-02
1.226000000000000000e+03 3.702442000000000233e-02
1.232000000000000000e+03 3.745849999999999874e-02
1.238000000000000000e+03 3.786500000000000282e-02
1.243000000000000000e+03 3.860058999999999713e-02
1.249000000000000000e+03 3.954810000000000270e-02
1.255000000000000000e+03 4.055567000000000200e-02
1.261000000000000000e+03 4.183668000000000109e-02
1.267000000000000000e+03 4.315601000000000159e-02
1.273000000000000000e+03 4.440845000000000209e-02
1.278000000000000000e+03 4.645483999999999725e-02
1.284000000000000000e+03 4.864479000000000025e-02
1.290000000000000000e+03 5.076343999999999995e-02
1.296000000000000000e+03 5.257569000000000131e-02
1.302000000000000000e+03 5.434790999999999928e-02
1.307000000000000000e+03 5.647412999999999739e-02
1.313000000000000000e+03 5.903346000000000288e-02
1.319000000000000000e+03 6.130714000000000302e-02
1.325000000000000000e+03 6.318044000000000437e-02
1.331000000000000000e+03 6.483009000000000688e-02
1.336000000000000000e+03 6.646924999999999362e-02
1.342000000000000000e+03 6.843995999999999413e-02
1.348000000000000000e+03 7.030322999999999434e-02
1.354000000000000000e+03 7.155420999999999310e-02
1.360000000000000000e+03 7.261328999999999700e-02
1.366000000000000000e+03 7.345289000000000679e-02
1.371000000000000000e+03 7.429687999999999570e-02
1.377000000000000000e+03 7.487256999999999940e-02
1.383000000000000000e+03 7.532618000000000646e-02
1.389000000000000000e+03 7.548486999999999558e-02
1.395000000000000000e+03 7.540528999999999982e-02
1.400000000000000000e+03 7.516406999999999949e-02
1.406000000000000000e+03 7.500270000000000548e-02
1.412000000000000000e+03 7.424756999999999885e-02
1.418000000000000000e+03 7.373071999999999959e-02
1.424000000000000000e+03 7.340186999999999407e-02
1.429000000000000000e+03 7.293336000000000263e-02
1.435000000000000000e+03 7.287061999999999706e-02
1.441000000000000000e+03 7.281885999999999914e-02
1.447000000000000000e+03 7.336695000000000022e-02
1.453000000000000000e+03 7.436842000000000452e-02
1.459000000000000000e+03 7.579395999999999356e-02
1.464000000000000000e+03 7.787159000000000442e-02
1.470000000000000000e+03 8.085792999999999453e-02
1.476000000000000000e+03 8.533791000000000293e-02
1.482000000000000000e+03 8.901003000000000387e-02
1.488000000000000000e+03 9.279176000000000091e-02
1.493000000000000000e+03 9.651661999999999741e-02
1.499000000000000000e+03 1.004507000000000039e-01
1.505000000000000000e+03 1.058472000000000024e-01
1.511000000000000000e+03 1.101077000000000028e-01
1.517000000000000000e+03 1.137200000000000016e-01
1.522000000000000000e+03 1.175298000000000037e-01
1.528000000000000000e+03 1.207668999999999965e-01
1.534000000000000000e+03 1.243796999999999958e-01
1.540000000000000000e+03 1.284719000000000000e-01
1.546000000000000000e+03 1.313971999999999918e-01
1.552000000000000000e+03 1.339448000000000027e-01
1.557000000000000000e+03 1.364273000000000013e-01
1.563000000000000000e+03 1.385769000000000029e-01
1.569000000000000000e+03 1.414897999999999989e-01
1.575000000000000000e+03 1.436819000000000013e-01
1.581000000000000000e+03 1.457710000000000117e-01
1.586000000000000000e+03 1.478920999999999986e-01
1.592000000000000000e+03 1.495591000000000004e-01
1.598000000000000000e+03 1.516228000000000020e-01
1.604000000000000000e+03 1.539509000000000016e-01
1.610000000000000000e+03 1.555163999999999991e-01
1.615000000000000000e+03 1.571137999999999979e-01
1.621000000000000000e+03 1.586978000000000000e-01
1.627000000000000000e+03 1.601826000000000083e-01
1.633000000000000000e+03 1.620680999999999927e-01
1.639000000000000000e+03 1.637233999999999912e-01
1.645000000000000000e+03 1.649560999999999944e-01
1.650000000000000000e+03 1.665078000000000114e-01
1.656000000000000000e+03 1.677530000000000132e-01
1.662000000000000000e+03 1.695014999999999994e-01
1.668000000000000000e+03 1.713394000000000028e-01
1.674000000000000000e+03 1.725273999999999974e-01
1.679000000000000000e+03 1.737135999999999958e-01
1.685000000000000000e+03 1.747336999999999918e-01
1.691000000000000000e+03 1.763049999999999895e-01
1.697000000000000000e+03 1.781355000000000022e-01
1.703000000000000000e+03 1.797306999999999932e-01
1.708000000000000000e+03 1.810254000000000030e-01
1.714000000000000000e+03 1.824653999999999998e-01
1.720000000000000000e+03 1.836934000000000067e-01
1.726000000000000000e+03 1.852052999999999894e-01
1.732000000000000000e+03 1.869282999999999917e-01
1.738000000000000000e+03 1.885722999999999983e-01
1.743000000000000000e+03 1.900178999999999896e-01
1.749000000000000000e+03 1.915712999999999999e-01
1.755000000000000000e+03 1.931023000000000045e-01
1.761000000000000000e+03 1.947952000000000017e-01
1.767000000000000000e+03 1.966214000000000017e-01
1.772000000000000000e+03 1.984730000000000105e-01
1.778000000000000000e+03 1.999557999999999891e-01
1.784000000000000000e+03 2.013880000000000114e-01
1.790000000000000000e+03 2.035202999999999873e-01
1.796000000000000000e+03 2.058540000000000092e-01
1.802000000000000000e+03 2.076247999999999982e-01
1.807000000000000000e+03 2.092121999999999871e-01
1.813000000000000000e+03 2.107459000000000138e-01
1.819000000000000000e+03 2.120623000000000091e-01
1.825000000000000000e+03 2.141614000000000018e-01
1.831000000000000000e+03 2.158291999999999988e-01
1.836000000000000000e+03 2.174327000000000065e-01
1.842000000000000000e+03 2.187709999999999932e-01
1.848000000000000000e+03 2.202088000000000101e-01
1.854000000000000000e+03 2.220197999999999894e-01
1.860000000000000000e+03 2.238777000000000128e-01
1.865000000000000000e+03 2.252229000000000037e-01
1.871000000000000000e+03 2.266826999999999870e-01
1.877000000000000000e+03 2.280156999999999878e-01
1.883000000000000000e+03 2.293286999999999964e-01
1.889000000000000000e+03 2.313985000000000070e-01
1.895000000000000000e+03 2.328484000000000109e-01
1.900000000000000000e+03 2.343254999999999921e-01
1.906000000000000000e+03 2.356931999999999916e-01
1.912000000000000000e+03 2.369852000000000070e-01
1.918000000000000000e+03 2.388116000000000128e-01
1.924000000000000000e+03 2.410029999999999950e-01
1.929000000000000000e+03 2.424939000000000122e-01
1.935000000000000000e+03 2.439340999999999871e-01
1.941000000000000000e+03 2.456357999999999875e-01
1.947000000000000000e+03 2.472696000000000061e-01
1.953000000000000000e+03 2.494802999999999882e-01
1.958000000000000000e+03 2.511163000000000145e-01
1.964000000000000000e+03 2.530397999999999814e-01
1.970000000000000000e+03 2.549673000000000078e-01
1.976000000000000000e+03 2.565967000000000109e-01
1.982000000000000000e+03 2.587807999999999775e-01
1.988000000000000000e+03 2.610917999999999850e-01
1.993000000000000000e+03 2.629870999999999737e-01
1.999000000000000000e+03 2.648587000000000025e-01
2.005000000000000000e+03 2.662952000000000097e-01
2.011000000000000000e+03 2.679231000000000251e-01
2.017000000000000000e+03 2.701985000000000081e-01
2.022000000000000000e+03 2.722105000000000219e-01
2.028000000000000000e+03 2.743455000000000199e-01
2.034000000000000000e+03 2.760574000000000083e-01
2.040000000000000000e+03 2.776240999999999848e-01
2.046000000000000000e+03 2.796567999999999832e-01
2.051000000000000000e+03 2.820366999999999735e-01
2.057000000000000000e+03 2.839443999999999857e-01
2.063000000000000000e+03 2.856933999999999862e-01
2.069000000000000000e+03 2.872778999999999749e-01
2.075000000000000000e+03 2.892319999999999891e-01
2.081000000000000000e+03 2.916050000000000031e-01
2.086000000000000000e+03 2.938181000000000265e-01
2.092000000000000000e+03 2.958528999999999742e-01
2.098000000000000000e+03 2.975825999999999749e-01
2.104000000000000000e+03 2.990209999999999813e-01
2.110000000000000000e+03 3.017032000000000047e-01
2.115000000000000000e+03 3.041179999999999994e-01
2.121000000000000000e+03 3.058389000000000246e-01
2.127000000000000000e+03 3.078438000000000008e-01
2.133000000000000000e+03 3.093857999999999886e-01
2.139000000000000000e+03 3.114827000000000012e-01
2.144000000000000000e+03 3.143027999999999933e-01
2.150000000000000000e+03 3.163371999999999851e-01
2.156000000000000000e+03 3.186074999999999879e-01
2.162000000000000000e+03 3.204036000000000106e-01
2.168000000000000000e+03 3.223852999999999858e-01
2.174000000000000000e+03 3.250486000000000208e-01
2.179000000000000000e+03 3.281879999999999797e-01
2.185000000000000000e+03 3.303190999999999766e-01
2.191000000000000000e+03 3.327385999999999955e-01
2.197000000000000000e+03 3.344079999999999830e-01
2.203000000000000000e+03 3.368791999999999898e-01
2.208000000000000000e+03 3.398823999999999734e-01
2.214000000000000000e+03 3.422319999999999807e-01
2.220000000000000000e+03 3.445890999999999815e-01
2.226000000000000000e+03 3.467464000000000102e-01
2.232000000000000000e+03 3.487559000000000076e-01
2.237000000000000000e+03 3.513383999999999951e-01
2.243000000000000000e+03 3.543151999999999968e-01
2.249000000000000000e+03 3.569102000000000108e-01
2.255000000000000000e+03 3.591516000000000153e-01
2.261000000000000000e+03 3.611124000000000001e-01
2.267000000000000000e+03 3.633141999999999761e-01
2.272000000000000000e+03 3.660128000000000270e-01
2.278000000000000000e+03 3.685948000000000002e-01
2.284000000000000000e+03 3.710450000000000137e-01
2.290000000000000000e+03 3.729888000000000092e-01
2.296000000000000000e+03 3.749374999999999791e-01
2.301000000000000000e+03 3.775001000000000051e-01
2.307000000000000000e+03 3.810387000000000080e-01
2.313000000000000000e+03 3.835333000000000214e-01
2.319000000000000000e+03 3.858553000000000122e-01
2.325000000000000000e+03 3.875979999999999981e-01
2.331000000000000000e+03 3.898132999999999737e-01
2.336000000000000000e+03 3.927134999999999931e-01
2.342000000000000000e+03 3.958176999999999945e-01
2.348000000000000000e+03 3.980326000000000142e-01
2.354000000000000000e+03 4.005552000000000001e-01
2.360000000000000000e+03 4.026614000000000027e-01
2.365000000000000000e+03 4.055789000000000200e-01
2.371000000000000000e+03 4.086536000000000057e-01
2.377000000000000000e+03 4.110284000000000160e-01
2.383000000000000000e+03 4.133660000000000112e-01
2.389000000000000000e+03 4.154770999999999881e-01
2.394000000000000000e+03 4.178240999999999761e-01
2.400000000000000000e+03 4.210047000000000095e-01
2.406000000000000000e+03 4.240425999999999918e-01
2.412000000000000000e+03 4.259519999999999973e-01
2.418000000000000000e+03 4.283311000000000202e-01
2.424000000000000000e+03 4.301189999999999736e-01
2.429000000000000000e+03 4.327733000000000274e-01
2.435000000000000000e+03 4.355520999999999976e-01
2.441000000000000000e+03 4.376666000000000167e-01
2.447000000000000000e+03 4.397860000000000102e-01
2.453000000000000000e+03 4.412498000000000253e-01
2.458000000000000000e+03 4.432016999999999762e-01
2.464000000000000000e+03 4.450316000000000272e-01
2.470000000000000000e+03 4.471175000000000010e-01
2.476000000000000000e+03 4.489654000000000145e-01
2.482000000000000000e+03 4.503103999999999996e-01
2.487000000000000000e+03 4.510959999999999970e-01
2.493000000000000000e+03 4.525248000000000048e-01
2.499000000000000000e+03 4.543382000000000254e-01
2.505000000000000000e+03 4.553906999999999816e-01
2.511000000000000000e+03 4.560770000000000102e-01
2.517000000000000000e+03 4.564651000000000125e-01
2.522000000000000000e+03 4.568174999999999875e-01
2.528000000000000000e+03 4.571072999999999942e-01
2.534000000000000000e+03 4.569032000000000093e-01
2.540000000000000000e+03 4.568761000000000072e-01
2.546000000000000000e+03 4.559043999999999874e-01
2.551000000000000000e+03 4.547738000000000058e-01
2.557000000000000000e+03 4.543826999999999727e-01
2.563000000000000000e+03 4.529381000000000101e-01
2.569000000000000000e+03 4.515488999999999753e-01
2.575000000000000000e+03 4.496724000000000276e-01
2.580000000000000000e+03 4.470970000000000222e-01
2.586000000000000000e+03 4.450457999999999914e-01
2.592000000000000000e+03 4.410691999999999946e-01
2.598000000000000000e+03 4.374442000000000053e-01
2.604000000000000000e+03 4.341753999999999891e-01
2.610000000000000000e+03 4.304520000000000013e-01
2.615000000000000000e+03 4.263687999999999922e-01
2.621000000000000000e+03 4.218255000000000199e-01
2.627000000000000000e+03 4.150615999999999750e-01
2.633000000000000000e+03 4.101382000000000083e-01
2.639000000000000000e+03 4.052003000000000132e-01
2.644000000000000000e+03 3.997350000000000070e-01
2.650000000000000000e+03 3.943682000000000021e-01
2.656000000000000000e+03 3.864539000000000168e-01
2.662000000000000000e+03 3.789746999999999977e-01
2.668000000000000000e+03 3.726250999999999869e-01
2.673000000000000000e+03 3.681213999999999875e-01
2.679000000000000000e+03 3.668622999999999745e-01
2.685000000000000000e+03 3.693057000000000145e-01
2.691000000000000000e+03 3.739175000000000137e-01
2.697000000000000000e+03 3.771716999999999986e-01
2.703000000000000000e+03 3.800071999999999894e-01
2.708000000000000000e+03 3.824059000000000208e-01
2.714000000000000000e+03 3.845638000000000112e-01
2.720000000000000000e+03 3.876524000000000081e-01
2.726000000000000000e+03 3.903441000000000272e-01
2.732000000000000000e+03 3.922684000000000171e-01
2.737000000000000000e+03 3.940315999999999819e-01
2.743000000000000000e+03 3.956795000000000173e-01
2.749000000000000000e+03 3.977185999999999777e-01
2.755000000000000000e+03 3.998247999999999802e-01
2.761000000000000000e+03 4.014786000000000188e-01
2.766000000000000000e+03 4.028464999999999963e-01
2.772000000000000000e+03 4.040273999999999810e-01
2.778000000000000000e+03 4.051675000000000137e-01
2.784000000000000000e+03 4.074412000000000034e-01
2.790000000000000000e+03 4.090371999999999897e-01
2.796000000000000000e+03 4.102067999999999826e-01
2.801000000000000000e+03 4.111640999999999768e-01
2.807000000000000000e+03 4.122579000000000105e-01
2.813000000000000000e+03 4.138102000000000169e-01
2.819000000000000000e+03 4.154815000000000036e-01
2.825000000000000000e+03 4.167120000000000268e-01
2.830000000000000000e+03 4.176428999999999836e-01
2.836000000000000000e+03 4.185108000000000161e-01
2.842000000000000000e+03 4.198736000000000135e-01
2.848000000000000000e+03 4.211729000000000167e-01
2.854000000000000000e+03 4.221914999999999973e-01
2.860000000000000000e+03 4.232364000000000126e-01
2.865000000000000000e+03 4.243169999999999997e-01
2.871000000000000000e+03 4.250303000000000275e-01
2.877000000000000000e+03 4.259100000000000108e-01
2.883000000000000000e+03 4.273519000000000068e-01
2.889000000000000000e+03 4.281909999999999883e-01
2.894000000000000000e+03 4.287320000000000020e-01
2.900000000000000000e+03 4.295618999999999965e-01
2.906000000000000000e+03 4.302474000000000021e-01
2.912000000000000000e+03 4.310940999999999801e-01
2.918000000000000000e+03 4.319992999999999750e-01
2.923000000000000000e+03 4.327494000000000063e-01
2.929000000000000000e+03 4.334330000000000127e-01
2.935000000000000000e+03 4.338326000000000127e-01
2.941000000000000000e+03 4.345145000000000257e-01
2.947000000000000000e+03 4.357666000000000039e-01
2.953000000000000000e+03 4.368930999999999787e-01
2.958000000000000000e+03 4.378064999999999873e-01
2.964000000000000000e+03 4.385247999999999924e-01
2.970000000000000000e+03 4.390537999999999941e-01
2.976000000000000000e+03 4.400736000000000092e-01
2.982000000000000000e+03 4.405755000000000088e-01
2.987000000000000000e+03 4.409626999999999852e-01
2.993000000000000000e+03 4.415402999999999967e-01
2.999000000000000000e+03 4.418737999999999833e-01
3.005000000000000000e+03 4.426630999999999760e-01
3.011000000000000000e+03 4.437812999999999897e-01
3.016000000000000000e+03 4.446258000000000155e-01
3.022000000000000000e+03 4.447686000000000139e-01
3.028000000000000000e+03 4.447925999999999824e-01
3.034000000000000000e+03 4.452307999999999821e-01
3.040000000000000000e+03 4.457461999999999813e-01
3.046000000000000000e+03 4.467273999999999967e-01
3.051000000000000000e+03 4.470244999999999913e-01
3.057000000000000000e+03 4.476217000000000112e-01
3.063000000000000000e+03 4.479375999999999913e-01
3.069000000000000000e+03 4.483598999999999779e-01
3.075000000000000000e+03 4.485513999999999890e-01
3.080000000000000000e+03 4.489123999999999892e-01
3.086000000000000000e+03 4.495605999999999769e-01
3.092000000000000000e+03 4.499886000000000164e-01
3.098000000000000000e+03 4.503863000000000172e-01
3.104000000000000000e+03 4.506765999999999828e-01
3.109000000000000000e+03 4.506557999999999953e-01
3.115000000000000000e+03 4.509803000000000006e-01
3.121000000000000000e+03 4.514380000000000059e-01
3.127000000000000000e+03 4.515242999999999896e-01
3.133000000000000000e+03 4.515736000000000194e-01
3.139000000000000000e+03 4.518078999999999845e-01
3.144000000000000000e+03 4.518777999999999961e-01
3.150000000000000000e+03 4.518486999999999920e-01
3.156000000000000000e+03 4.516815000000000135e-01
3.162000000000000000e+03 4.518016000000000254e-01
3.168000000000000000e+03 4.516895000000000215e-01
3.173000000000000000e+03 4.518297000000000008e-01
3.179000000000000000e+03 4.518131000000000230e-01
3.185000000000000000e+03 4.517513000000000223e-01
3.191000000000000000e+03 4.513789999999999747e-01
3.197000000000000000e+03 4.514756999999999798e-01
3.202000000000000000e+03 4.515560000000000129e-01
3.208000000000000000e+03 4.512816000000000050e-01
3.214000000000000000e+03 4.512285999999999797e-01
3.220000000000000000e+03 4.512376000000000165e-01
3.226000000000000000e+03 4.514786000000000077e-01
3.232000000000000000e+03 4.520208000000000004e-01
3.237000000000000000e+03 4.518620999999999888e-01
3.243000000000000000e+03 4.510170000000000012e-01
3.249000000000000000e+03 4.508943999999999730e-01
3.255000000000000000e+03 4.511072999999999888e-01
3.261000000000000000e+03 4.514043999999999834e-01
3.266000000000000000e+03 4.512699000000000016e-01
3.272000000000000000e+03 4.510688999999999949e-01
3.278000000000000000e+03 4.510798999999999781e-01
3.284000000000000000e+03 4.507025000000000059e-01
3.290000000000000000e+03 4.505186999999999942e-01
3.295000000000000000e+03 4.502038999999999902e-01
3.301000000000000000e+03 4.497340000000000226e-01
3.307000000000000000e+03 4.494646999999999948e-01
3.313000000000000000e+03 4.491541000000000006e-01
3.319000000000000000e+03 4.489914999999999878e-01
3.325000000000000000e+03 4.487200000000000077e-01
3.330000000000000000e+03 4.484596000000000138e-01
3.336000000000000000e+03 4.480742999999999809e-01
3.342000000000000000e+03 4.479009999999999936e-01
3.348000000000000000e+03 4.475333000000000228e-01
3.354000000000000000e+03 4.471107000000000276e-01
3.359000000000000000e+03 4.464015000000000066e-01
3.365000000000000000e+03 4.459031999999999996e-01
3.371000000000000000e+03 4.458382000000000178e-01
3.377000000000000000e+03 4.455528000000000266e-01
3.383000000000000000e+03 4.449563999999999742e-01
3.388000000000000000e+03 4.441698000000000035e-01
3.394000000000000000e+03 4.436438999999999799e-01
3.400000000000000000e+03 4.428774999999999795e-01
3.406000000000000000e+03 4.429615000000000080e-01
3.412000000000000000e+03 4.417027000000000037e-01
3.418000000000000000e+03 4.410721000000000225e-01
3.423000000000000000e+03 4.406976000000000226e-01
3.429000000000000000e+03 4.403922000000000114e-01
3.435000000000000000e+03 4.397537000000000251e-01
3.441000000000000000e+03 4.389895999999999798e-01
3.447000000000000000e+03 4.383263000000000020e-01
3.452000000000000000e+03 4.376358000000000192e-01
3.458000000000000000e+03 4.369411999999999741e-01
3.464000000000000000e+03 4.361111999999999767e-01
3.470000000000000000e+03 4.355805999999999845e-01
3.476000000000000000e+03 4.344243999999999883e-01
3.482000000000000000e+03 4.338621999999999757e-01
3.487000000000000000e+03 4.327823000000000087e-01
3.493000000000000000e+03 4.316014000000000239e-01
3.499000000000000000e+03 4.307401000000000146e-01
3.505000000000000000e+03 4.304586000000000245e-01
3.511000000000000000e+03 4.293580000000000174e-01
3.516000000000000000e+03 4.287223000000000006e-01
3.522000000000000000e+03 4.272630000000000039e-01
3.528000000000000000e+03 4.265090999999999744e-01
3.534000000000000000e+03 4.260036999999999852e-01
3.540000000000000000e+03 4.250838000000000116e-01
3.545000000000000000e+03 4.239478999999999886e-01
3.551000000000000000e+03 4.228797000000000250e-01
3.557000000000000000e+03 4.216729000000000172e-01
3.563000000000000000e+03 4.205869999999999886e-01
3.569000000000000000e+03 4.197312999999999739e-01
3.575000000000000000e+03 4.184580999999999995e-01
3.580000000000000000e+03 4.172244999999999981e-01
3.586000000000000000e+03 4.160420000000000229e-01
3.592000000000000000e+03 4.151036000000000170e-01
3.598000000000000000e+03 4.144153999999999893e-01
3.604000000000000000e+03 4.128091999999999873e-01
3.609000000000000000e+03 4.115106000000000042e-01
3.615000000000000000e+03 4.101916999999999924e-01
3.621000000000000000e+03 4.086758999999999808e-01
3.627000000000000000e+03 4.072694000000000036e-01
3.633000000000000000e+03 4.063386999999999971e-01
3.638000000000000000e+03 4.056983000000000117e-01
3.644000000000000000e+03 4.046704999999999885e-01
3.650000000000000000e+03 4.032998999999999890e-01
3.656000000000000000e+03 4.022417999999999827e-01
3.662000000000000000e+03 4.014259000000000022e-01
3.668000000000000000e+03 3.999515000000000153e-01
3.673000000000000000e+03 3.997293000000000096e-01
3.679000000000000000e+03 3.984875999999999974e-01
3.685000000000000000e+03 3.971050999999999886e-01
3.691000000000000000e+03 3.960930999999999758e-01
3.697000000000000000e+03 3.944470999999999949e-01
3.702000000000000000e+03 3.935189000000000048e-01
3.708000000000000000e+03 3.926273000000000124e-01
3.714000000000000000e+03 3.910139999999999727e-01
3.720000000000000000e+03 3.893469999999999986e-01
3.726000000000000000e+03 3.882918000000000203e-01
3.731000000000000000e+03 3.868475000000000108e-01
3.737000000000000000e+03 3.858092000000000188e-01
3.743000000000000000e+03 3.837598999999999871e-01
3.749000000000000000e+03 3.819140999999999786e-01
3.755000000000000000e+03 3.807203000000000115e-01
3.761000000000000000e+03 3.798328000000000260e-01
3.766000000000000000e+03 3.782999000000000223e-01
3.772000000000000000e+03 3.768213999999999730e-01
3.778000000000000000e+03 3.746078999999999937e-01
3.784000000000000000e+03 3.732778999999999958e-01
3.790000000000000000e+03 3.723001000000000227e-01
3.795000000000000000e+03 3.706369999999999942e-01
3.801000000000000000e+03 3.694548999999999750e-01
3.807000000000000000e+03 3.674317000000000277e-01
3.813000000000000000e+03 3.656453000000000064e-01
3.819000000000000000e+03 3.644583000000000128e-01
3.824000000000000000e+03 3.630396000000000178e-01
3.830000000000000000e+03 3.613538000000000028e-01
3.836000000000000000e+03 3.599787999999999877e-01
3.842000000000000000e+03 3.577227000000000046e-01
3.848000000000000000e+03 3.560450000000000004e-01
3.854000000000000000e+03 3.545027000000000039e-01
3.859000000000000000e+03 3.526259999999999950e-01
3.865000000000000000e+03 3.511927000000000243e-01
3.871000000000000000e+03 3.489449000000000023e-01
3.877000000000000000e+03 3.469365999999999839e-01
3.883000000000000000e+03 3.448775000000000035e-01
3.888000000000000000e+03 3.431872999999999729e-01
3.894000000000000000e+03 3.415542999999999774e-01
3.900000000000000000e+03 3.394146000000000107e-01
3.906000000000000000e+03 3.371455999999999897e-01
3.912000000000000000e+03 3.354227000000000181e-01
3.917000000000000000e+03 3.339602999999999877e-01
3.923000000000000000e+03 3.321600000000000108e-01
3.929000000000000000e+03 3.302610000000000268e-01
3.935000000000000000e+03 3.281516999999999906e-01
3.941000000000000000e+03 3.254349000000000269e-01
3.947000000000000000e+03 3.235852000000000173e-01
3.952000000000000000e+03 3.221579999999999999e-01
3.958000000000000000e+03 3.203133000000000230e-01
3.964000000000000000e+03 3.183271999999999768e-01
3.970000000000000000e+03 3.156666000000000194e-01
3.976000000000000000e+03 3.137563999999999909e-01
3.981000000000000000e+03 3.124816999999999734e-01
3.987000000000000000e+03 3.102907999999999777e-01
3.993000000000000000e+03 3.085517999999999872e-01
3.999000000000000000e+03 3.063460000000000072e-01
4.005000000000000000e+03 3.035366999999999926e-01
4.011000000000000000e+03 3.022540000000000227e-01
4.016000000000000000e+03 3.007078000000000251e-01
4.022000000000000000e+03 2.989978999999999831e-01
4.028000000000000000e+03 2.969616999999999951e-01
4.034000000000000000e+03 2.943716000000000110e-01
4.040000000000000000e+03 2.924722000000000155e-01
4.045000000000000000e+03 2.913355000000000250e-01
4.051000000000000000e+03 2.891822000000000004e-01
4.057000000000000000e+03 2.874987999999999988e-01
4.063000000000000000e+03 2.853188999999999864e-01
4.069000000000000000e+03 2.827698000000000156e-01
4.074000000000000000e+03 2.809526999999999997e-01
4.080000000000000000e+03 2.792002000000000095e-01
4.086000000000000000e+03 2.772751999999999994e-01
4.092000000000000000e+03 2.754788000000000237e-01
4.098000000000000000e+03 2.724749000000000199e-01
4.104000000000000000e+03 2.703969999999999985e-01
4.109000000000000000e+03 2.686916999999999778e-01
4.115000000000000000e+03 2.666336000000000261e-01
4.121000000000000000e+03 2.646509000000000222e-01
4.127000000000000000e+03 2.625774000000000163e-01
4.133000000000000000e+03 2.599522000000000221e-01
4.138000000000000000e+03 2.578592000000000106e-01
4.144000000000000000e+03 2.559218999999999800e-01
4.150000000000000000e+03 2.540328000000000030e-01
4.156000000000000000e+03 2.526611999999999747e-01
4.162000000000000000e+03 2.499340999999999924e-01
4.167000000000000000e+03 2.481872999999999996e-01
4.173000000000000000e+03 2.466650999999999982e-01
4.179000000000000000e+03 2.445159000000000082e-01
4.185000000000000000e+03 2.427057999999999993e-01
4.191000000000000000e+03 2.405009999999999926e-01
4.197000000000000000e+03 2.381594999999999962e-01
4.202000000000000000e+03 2.364924999999999944e-01
4.208000000000000000e+03 2.347250999999999921e-01
4.214000000000000000e+03 2.326521000000000006e-01
4.220000000000000000e+03 2.304965999999999959e-01
4.226000000000000000e+03 2.276586999999999916e-01
4.231000000000000000e+03 2.254899999999999960e-01
4.237000000000000000e+03 2.240823000000000120e-01
4.243000000000000000e+03 2.219994999999999885e-01
4.249000000000000000e+03 2.201758000000000048e-01
4.255000000000000000e+03 2.181385000000000129e-01
4.260000000000000000e+03 2.154746999999999912e-01
4.266000000000000000e+03 2.135954999999999937e-01
4.272000000000000000e+03 2.116970999999999992e-01
4.278000000000000000e+03 2.098382000000000025e-01
4.284000000000000000e+03 2.078162000000000065e-01
4.290000000000000000e+03 2.049410000000000120e-01
4.295000000000000000e+03 2.029250999999999971e-01
4.301000000000000000e+03 2.011602000000000112e-01
4.307000000000000000e+03 1.993466999999999878e-01
4.313000000000000000e+03 1.977231999999999879e-01
4.319000000000000000e+03 1.955279000000000045e-01
4.324000000000000000e+03 1.931910000000000016e-01
4.330000000000000000e+03 1.915229999999999988e-01
4.336000000000000000e+03 1.897771000000000041e-01
4.342000000000000000e+03 1.877742000000000022e-01
4.348000000000000000e+03 1.859477999999999964e-01
4.353000000000000000e+03 1.833924000000000110e-01
4.359000000000000000e+03 1.814487999999999934e-01
4.365000000000000000e+03 1.796800000000000064e-01
4.371000000000000000e+03 1.775855000000000072e-01
4.377000000000000000e+03 1.760849999999999915e-01
4.383000000000000000e+03 1.735607999999999873e-01
4.388000000000000000e+03 1.708501000000000047e-01
4.394000000000000000e+03 1.690271000000000134e-01
4.400000000000000000e+03 1.675842999999999916e-01
4.406000000000000000e+03 1.657861999999999947e-01
4.412000000000000000e+03 1.642903000000000002e-01
4.417000000000000000e+03 1.618288999999999977e-01
4.423000000000000000e+03 1.600100000000000133e-01
4.429000000000000000e+03 1.586445999999999967e-01
4.435000000000000000e+03 1.566624000000000072e-01
4.441000000000000000e+03 1.551895000000000080e-01
4.446000000000000000e+03 1.529960999999999960e-01
4.452000000000000000e+03 1.506348000000000131e-01
4.458000000000000000e+03 1.489405000000000034e-01
4.464000000000000000e+03 1.474312000000000122e-01
4.470000000000000000e+03 1.459077000000000013e-01
4.476000000000000000e+03 1.441609000000000085e-01
4.481000000000000000e+03 1.417616999999999905e-01
4.487000000000000000e+03 1.400300999999999907e-01
4.493000000000000000e+03 1.386446000000000067e-01
4.499000000000000000e+03 1.367085000000000106e-01
4.505000000000000000e+03 1.355571999999999888e-01
4.510000000000000000e+03 1.337144000000000110e-01
4.516000000000000000e+03 1.316170000000000118e-01
4.522000000000000000e+03 1.297987999999999920e-01
4.528000000000000000e+03 1.282719999999999971e-01
4.534000000000000000e+03 1.267696000000000101e-01
4.539000000000000000e+03 1.255075999999999969e-01
4.545000000000000000e+03 1.234396999999999994e-01
4.551000000000000000e+03 1.217736999999999986e-01
4.557000000000000000e+03 1.200528000000000012e-01
4.563000000000000000e+03 1.185202999999999951e-01
4.569000000000000000e+03 1.170559000000000044e-01
4.574000000000000000e+03 1.154572999999999988e-01
4.580000000000000000e+03 1.134428999999999993e-01
4.586000000000000000e+03 1.118278999999999940e-01
4.592000000000000000e+03 1.106513999999999970e-01
4.598000000000000000e+03 1.091846000000000066e-01
4.603000000000000000e+03 1.079592000000000052e-01
4.609000000000000000e+03 1.060769000000000017e-01
4.615000000000000000e+03 1.045988999999999947e-01
4.621000000000000000e+03 1.033146999999999954e-01
4.627000000000000000e+03 1.019356000000000012e-01
4.633000000000000000e+03 1.008322999999999997e-01
4.638000000000000000e+03 9.930543999999999483e-02
4.644000000000000000e+03 9.761427999999999772e-02
4.650000000000000000e+03 9.633424999999999627e-02
4.656000000000000000e+03 9.511256999999999351e-02
4.662000000000000000e+03 9.384670000000000512e-02
4.667000000000000000e+03 9.264674000000000520e-02
4.673000000000000000e+03 9.077784999999999327e-02
4.679000000000000000e+03 8.956372999999999418e-02
4.685000000000000000e+03 8.862599000000000171e-02
4.691000000000000000e+03 8.725391999999999870e-02
4.696000000000000000e+03 8.622169000000000361e-02
4.702000000000000000e+03 8.492334999999999468e-02
4.708000000000000000e+03 8.339478999999999642e-02
4.714000000000000000e+03 8.228760999999999715e-02
4.720000000000000000e+03 8.118385000000000185e-02
4.726000000000000000e+03 7.995533000000000501e-02
4.731000000000000000e+03 7.884594999999999798e-02
4.737000000000000000e+03 7.733107000000000175e-02
4.743000000000000000e+03 7.614112000000000657e-02
4.749000000000000000e+03 7.516088999999999409e-02
4.755000000000000000e+03 7.390797000000000339e-02
4.760000000000000000e+03 7.296460999999999919e-02
4.766000000000000000e+03 7.179029000000000660e-02
4.772000000000000000e+03 7.035743999999999332e-02
4.778000000000000000e+03 6.927832999999999908e-02
4.784000000000000000e+03 6.835083999999999604e-02
4.789000000000000000e+03 6.734814999999999552e-02
4.795000000000000000e+03 6.632643000000000566e-02
4.801000000000000000e+03 6.486110000000000486e-02
4.807000000000000000e+03 6.365113999999999495e-02
4.813000000000000000e+03 6.288989999999999858e-02
4.819000000000000000e+03 6.174757000000000162e-02
4.824000000000000000e+03 6.091553999999999719e-02
4.830000000000000000e+03 5.983130999999999866e-02
4.836000000000000000e+03 5.833838999999999692e-02
4.842000000000000000e+03 5.745460000000000150e-02
4.848000000000000000e+03 5.677539999999999670e-02
4.853000000000000000e+03 5.579395000000000188e-02
4.859000000000000000e+03 5.498242999999999880e-02
4.865000000000000000e+03 5.381812999999999875e-02
4.871000000000000000e+03 5.291992999999999697e-02
4.877000000000000000e+03 5.210180999999999840e-02
4.882000000000000000e+03 5.102295999999999915e-02
4.888000000000000000e+03 5.025708999999999732e-02
4.894000000000000000e+03 4.936622000000000232e-02
4.900000000000000000e+03 4.810694000000000081e-02
4.906000000000000000e+03 4.727809000000000178e-02
4.912000000000000000e+03 4.663868000000000180e-02
4.917000000000000000e+03 4.584985999999999923e-02
4.923000000000000000e+03 4.508374999999999883e-02
4.929000000000000000e+03 4.402343999999999702e-02
4.935000000000000000e+03 4.322826999999999920e-02
4.941000000000000000e+03 4.241724000000000189e-02
4.946000000000000000e+03 4.147461000000000203e-02
4.952000000000000000e+03 4.103785000000000072e-02
4.958000000000000000e+03 4.041749000000000036e-02
4.964000000000000000e+03 3.924048000000000119e-02
4.970000000000000000e+03 3.848462999999999884e-02
4.975000000000000000e+03 3.790136999999999673e-02
4.981000000000000000e+03 3.726586999999999955e-02
4.987000000000000000e+03 3.645581999999999989e-02
4.993000000000000000e+03 3.558643000000000223e-02
4.999000000000000000e+03 3.477978999999999793e-02
5.005000000000000000e+03 3.425489000000000311e-02
5.010000000000000000e+03 3.341456000000000287e-02
5.016000000000000000e+03 3.294311999999999935e-02
5.022000000000000000e+03 3.228956000000000187e-02
5.028000000000000000e+03 3.136524000000000256e-02
5.034000000000000000e+03 3.056176999999999852e-02
5.039000000000000000e+03 2.997510000000000105e-02
5.045000000000000000e+03 2.926928999999999989e-02
5.051000000000000000e+03 2.857836999999999877e-02
5.057000000000000000e+03 2.776831999999999911e-02
5.063000000000000000e+03 2.716918999999999931e-02
5.068000000000000000e+03 2.659643999999999897e-02
5.074000000000000000e+03 2.594996000000000108e-02
5.080000000000000000e+03 2.544433999999999932e-02
5.086000000000000000e+03 2.483789999999999956e-02
5.092000000000000000e+03 2.387573999999999946e-02
5.098000000000000000e+03 2.321288999999999991e-02
5.103000000000000000e+03 2.263135000000000147e-02
5.109000000000000000e+03 2.195630000000000151e-02
5.115000000000000000e+03 2.149413999999999839e-02
5.121000000000000000e+03 2.072705000000000033e-02
5.127000000000000000e+03 2.008764999999999856e-02
5.132000000000000000e+03 1.974071999999999980e-02
5.138000000000000000e+03 1.908471999999999946e-02
5.144000000000000000e+03 1.866918999999999870e-02
5.150000000000000000e+03 1.816161999999999985e-02
5.156000000000000000e+03 1.734130999999999867e-02
5.161000000000000000e+03 1.678931000000000173e-02
5.167000000000000000e+03 1.642406999999999895e-02
5.173000000000000000e+03 1.591187000000000157e-02
5.179000000000000000e+03 1.558057000000000018e-02
5.185000000000000000e+03 1.505932999999999924e-02
5.191000000000000000e+03 1.457251000000000032e-02
5.196000000000000000e+03 1.432934999999999938e-02
5.202000000000000000e+03 1.387914999999999982e-02
5.208000000000000000e+03 1.353686999999999946e-02
5.214000000000000000e+03 1.340088000000000043e-02
5.220000000000000000e+03 1.285083000000000059e-02
5.225000000000000000e+03 1.256079000000000050e-02
5.231000000000000000e+03 1.226586999999999990e-02
5.237000000000000000e+03 1.203222999999999966e-02
5.243000000000000000e+03 1.176538000000000063e-02
5.249000000000000000e+03 1.161231000000000069e-02
5.255000000000000000e+03 1.121973000000000067e-02
5.260000000000000000e+03 1.097266000000000040e-02
5.266000000000000000e+03 1.047193000000000082e-02
5.272000000000000000e+03 1.017578000000000059e-02
5.278000000000000000e+03 9.751954000000000178e-03
5.284000000000000000e+03 8.690431999999999671e-03
5.289000000000000000e+03 7.991944000000000825e-03
5.295000000000000000e+03 7.362793999999999763e-03
5.301000000000000000e+03 7.124268999999999914e-03
5.307000000000000000e+03 6.946289999999999930e-03
5.313000000000000000e+03 6.801027000000000287e-03
5.318000000000000000e+03 6.645265000000000026e-03
5.324000000000000000e+03 6.908937000000000411e-03
5.330000000000000000e+03 6.927734999999999969e-03
5.336000000000000000e+03 6.895509000000000187e-03
5.342000000000000000e+03 6.849611000000000241e-03
5.348000000000000000e+03 6.599611000000000019e-03
5.353000000000000000e+03 6.519531999999999758e-03
5.359000000000000000e+03 6.462403000000000244e-03
5.365000000000000000e+03 6.107912000000000063e-03
5.371000000000000000e+03 5.889161999999999869e-03
5.377000000000000000e+03 5.693359999999999740e-03
5.382000000000000000e+03 5.418214000000000190e-03
5.388000000000000000e+03 5.437988999999999844e-03
5.394000000000000000e+03 5.304688000000000112e-03
5.400000000000000000e+03 5.335694000000000201e-03
5.406000000000000000e+03 5.464601000000000354e-03
5.411000000000000000e+03 5.547607999999999880e-03
5.417000000000000000e+03 5.475098999999999765e-03
5.423000000000000000e+03 5.515382000000000097e-03
5.429000000000000000e+03 5.490967999999999717e-03
5.435000000000000000e+03 5.478272000000000176e-03
5.441000000000000000e+03 5.452638000000000103e-03
5.446000000000000000e+03 5.253907000000000369e-03
5.452000000000000000e+03 5.392334999999999837e-03
5.458000000000000000e+03 5.302247000000000383e-03
5.464000000000000000e+03 5.336182000000000078e-03
5.470000000000000000e+03 5.490967999999999717e-03
5.475000000000000000e+03 5.260255000000000139e-03
5.481000000000000000e+03 5.312256999999999917e-03
5.487000000000000000e+03 5.450439999999999972e-03
5.493000000000000000e+03 5.277833000000000004e-03
5.499000000000000000e+03 5.268799999999999699e-03
5.504000000000000000e+03 5.326904999999999835e-03
5.510000000000000000e+03 5.282471000000000388e-03
5.516000000000000000e+03 5.224122000000000314e-03
5.522000000000000000e+03 5.158203999999999567e-03
5.528000000000000000e+03 5.189453999999999595e-03
5.534000000000000000e+03 5.181640999999999851e-03
5.539000000000000000e+03 5.090820999999999714e-03
5.545000000000000000e+03 5.121094999999999987e-03
5.551000000000000000e+03 5.177247000000000272e-03
5.557000000000000000e+03 5.047120000000000425e-03
5.563000000000000000e+03 5.183105999999999824e-03
5.568000000000000000e+03 5.122803999999999899e-03
5.574000000000000000e+03 5.096192000000000256e-03
5.580000000000000000e+03 5.162841999999999952e-03
5.586000000000000000e+03 5.023437999999999862e-03
5.592000000000000000e+03 5.055664999999999985e-03
5.597000000000000000e+03 5.029785999999999632e-03
5.603000000000000000e+03 4.973388999999999935e-03
5.609000000000000000e+03 4.954102999999999632e-03
5.615000000000000000e+03 5.034180000000000078e-03
5.621000000000000000e+03 4.972901000000000057e-03
5.627000000000000000e+03 5.042236999999999761e-03
5.632000000000000000e+03 5.082520000000000093e-03
5.638000000000000000e+03 5.004882999999999901e-03
5.644000000000000000e+03 5.064698000000000290e-03
5.650000000000000000e+03 4.998535999999999604e-03
5.656000000000000000e+03 5.022216999999999827e-03
5.661000000000000000e+03 5.113770000000000121e-03
5.667000000000000000e+03 4.950928999999999747e-03
5.673000000000000000e+03 4.968751000000000417e-03
5.679000000000000000e+03 5.045410000000000172e-03
5.685000000000000000e+03 4.854736999999999594e-03
5.690000000000000000e+03 4.976562999999999820e-03
5.696000000000000000e+03 5.063233000000000317e-03
5.702000000000000000e+03 4.978027999999999793e-03
5.708000000000000000e+03 5.044678999999999830e-03
5.714000000000000000e+03 5.021728999999999950e-03
5.720000000000000000e+03 4.904297999999999644e-03
5.725000000000000000e+03 5.065917999999999984e-03
5.731000000000000000e+03 4.941651000000000030e-03
5.737000000000000000e+03 4.879394999999999913e-03
5.743000000000000000e+03 4.943359999999999942e-03
5.749000000000000000e+03 4.860353000000000416e-03
5.754000000000000000e+03 4.920899000000000280e-03
5.760000000000000000e+03 5.004151000000000085e-03
5.766000000000000000e+03 4.960449999999999929e-03
5.772000000000000000e+03 5.078125000000000173e-03
5.778000000000000000e+03 5.033936999999999613e-03
5.783000000000000000e+03 5.056886000000000020e-03
5.789000000000000000e+03 5.100343000000000238e-03
5.795000000000000000e+03 4.966065000000000410e-03
5.801000000000000000e+03 4.887940000000000340e-03
5.807000000000000000e+03 4.984864000000000309e-03
5.813000000000000000e+03 4.925050000000000261e-03
5.818000000000000000e+03 4.922852000000000131e-03
5.824000000000000000e+03 4.897705999999999935e-03
5.830000000000000000e+03 4.913574999999999887e-03
5.836000000000000000e+03 4.825440000000000285e-03
5.842000000000000000e+03 4.873780000000000300e-03
5.847000000000000000e+03 4.832763999999999810e-03
5.853000000000000000e+03 5.035888999999999990e-03
5.859000000000000000e+03 4.863282000000000022e-03
5.865000000000000000e+03 4.771240999999999850e-03
5.871000000000000000e+03 4.877686000000000001e-03
5.877000000000000000e+03 4.827881000000000013e-03
5.882000000000000000e+03 4.841797000000000115e-03
5.888000000000000000e+03 5.022706000000000046e-03
5.894000000000000000e+03 4.952393999999999720e-03
5.900000000000000000e+03 4.938477999999999618e-03
5.906000000000000000e+03 4.922608000000000192e-03
5.911000000000000000e+03 4.854981000000000400e-03
5.917000000000000000e+03 4.912109999999999914e-03
5.923000000000000000e+03 4.833740999999999906e-03
5.929000000000000000e+03 4.876464999999999966e-03
5.935000000000000000e+03 4.902832999999999671e-03
5.940000000000000000e+03 4.725342999999999904e-03
5.946000000000000000e+03 4.785400999999999891e-03
5.952000000000000000e+03 4.734864000000000087e-03
5.958000000000000000e+03 4.773437999999999640e-03
5.964000000000000000e+03 4.933350000000000408e-03
5.970000000000000000e+03 4.776856000000000331e-03
5.975000000000000000e+03 4.756103999999999714e-03
5.981000000000000000e+03 4.866455999999999907e-03
5.987000000000000000e+03 4.811036000000000305e-03
5.993000000000000000e+03 4.750489000000000100e-03
5.999000000000000000e+03 4.955079000000000254e-03
6.000000000000000000e+03 4.821289999999999777e-03
