289.90	-24.67
289.91	-110.66
289.93	-74.67
289.94	-42.67
289.96	99.33
289.97	-46.00
289.98	-125.33
290.00	2.67
290.01	27.33
290.03	-134.67
290.04	-236.67
290.06	-79.34
290.07	126.67
290.09	-72.00
290.10	-22.00
290.12	27.33
290.13	-94.00
290.15	-195.33
290.16	-113.33
290.18	-30.00
290.19	-191.34
290.21	-171.34
290.22	-242.00
290.23	-36.67
290.25	-12.67
290.26	33.33
290.28	124.00
290.29	36.67
290.31	-44.00
290.32	-4.00
290.34	128.00
290.35	17.33
290.37	-82.67
290.38	-65.33
290.40	-98.66
290.41	13.33
290.43	-182.67
290.44	-165.33
290.45	-55.33
290.47	-160.00
290.48	-216.00
290.50	-84.67
290.51	28.67
290.53	-218.00
290.54	-260.00
290.56	-136.00
290.57	-10.67
290.59	-166.67
290.60	-172.67
290.62	-103.33
290.63	-130.66
290.65	-240.66
290.66	-179.34
290.67	-78.00
290.69	-260.66
290.70	-323.33
290.72	-161.34
290.73	-49.34
290.75	-124.00
290.76	-217.33
290.78	-166.00
290.79	-13.33
290.81	-13.33
290.82	-55.33
290.84	-50.00
290.85	-111.34
290.87	-380.00
290.88	-246.00
290.89	42.00
290.91	19.33
290.92	-125.33
290.94	-190.66
290.95	-150.00
290.97	-148.66
290.98	-116.00
291.00	-185.33
291.01	-147.33
291.03	-81.34
291.04	-127.33
291.06	-113.33
291.07	62.00
291.09	-95.33
291.10	-170.66
291.11	-119.34
291.13	-66.00
291.14	-240.00
291.16	-112.67
291.17	41.33
291.19	-10.00
291.20	-62.00
291.22	-60.66
291.23	2.00
291.25	-200.66
291.26	-54.67
291.28	40.00
291.29	-102.00
291.31	-208.66
291.32	-184.00
291.33	-156.00
291.35	-110.00
291.36	-133.33
291.38	-47.33
291.39	-70.00
291.41	-72.67
291.42	-72.00
291.44	-52.67
291.45	88.00
291.47	5.33
291.48	-74.00
291.50	-119.34
291.51	-114.67
291.53	-114.67
291.54	-138.00
291.56	-156.00
291.57	-125.33
291.58	-228.00
291.60	-129.34
291.61	-38.67
291.63	-46.67
291.64	-124.67
291.66	-78.00
291.67	58.00
291.69	88.67
291.70	-22.00
291.72	-104.00
291.73	-64.67
291.75	-152.00
291.76	-187.33
291.78	-179.34
291.79	-6.67
291.80	-108.00
291.82	-202.67
291.83	-24.67
291.85	-8.67
291.86	-258.66
291.88	-120.66
291.89	57.33
291.91	-33.33
291.92	-233.33
291.94	-172.67
291.95	-102.67
291.97	-177.33
291.98	-162.00
292.00	-182.67
292.01	-89.34
292.02	-215.33
292.04	-240.00
292.05	-84.67
292.07	5.33
292.08	29.33
292.10	-2.00
292.11	9.33
292.13	-101.34
292.14	-273.33
292.16	-134.00
292.17	-90.00
292.19	-109.34
292.20	-132.67
292.22	-40.00
292.23	-36.67
292.24	-18.00
292.26	-33.33
292.27	43.33
292.29	-56.67
292.30	-110.00
292.32	-141.34
292.33	-159.34
292.35	-45.33
292.36	-208.00
292.38	-224.00
292.39	-231.34
292.41	-204.00
292.42	-295.33
292.44	-282.67
292.45	-107.33
292.46	-18.67
292.48	-172.67
292.49	-128.66
292.51	-78.66
292.52	-198.00
292.54	-236.67
292.55	-180.00
292.57	-184.67
292.58	-331.34
292.60	-284.00
292.61	-217.33
292.63	-288.66
292.64	-379.34
292.66	-305.33
292.67	-4.67
292.68	-121.34
292.70	-177.33
292.71	38.00
292.73	-141.34
292.74	-256.00
292.76	-211.34
292.77	-69.34
292.79	-43.33
292.80	-73.33
292.82	102.67
292.83	146.67
292.85	66.67
292.86	-18.67
292.88	-85.33
292.89	-18.00
292.91	-42.67
292.92	-151.34
292.93	-30.67
292.95	1.33
292.96	-74.67
292.98	-261.34
292.99	-132.67
293.01	-98.00
293.02	-213.33
293.04	-261.34
293.05	-190.66
293.07	-216.00
293.08	-318.00
293.10	-270.66
293.11	-128.00
293.13	-86.00
293.14	-89.34
293.15	-80.00
293.17	-68.00
293.18	-176.00
293.20	-180.00
293.21	-108.66
293.23	-8.67
293.24	9.33
293.26	-247.33
293.27	-272.67
293.29	-186.67
293.30	-194.67
293.32	-152.67
293.33	-90.66
293.35	-22.67
293.36	-86.67
293.37	-100.66
293.39	-26.67
293.40	-98.00
293.42	-108.66
293.43	28.67
293.45	36.00
293.46	-170.00
293.48	-216.67
293.49	-78.66
293.51	-101.34
293.52	-215.33
293.54	-87.33
293.55	-19.33
293.57	-9.33
293.58	-126.00
293.59	-110.00
293.61	-106.67
293.62	-154.00
293.64	-211.34
293.65	-150.66
293.67	-136.67
293.68	-34.00
293.70	-201.34
293.71	-88.66
293.73	-38.00
293.74	-123.33
293.76	-171.34
293.77	-157.33
293.79	-82.00
293.80	-198.66
293.81	-132.67
293.83	15.33
293.84	-44.67
293.86	-151.34
293.87	-75.33
293.89	-120.00
293.90	-182.67
293.92	-104.67
293.93	52.00
293.95	52.00
293.96	-46.00
293.98	-75.33
293.99	-159.34
294.01	-114.00
294.02	-219.34
294.03	-236.67
294.05	-152.67
294.06	-43.33
294.08	-49.34
294.09	28.67
294.11	52.67
294.12	-125.33
294.14	-302.00
294.15	-231.34
294.17	15.33
294.18	23.33
294.20	-5.33
294.21	-140.66
294.23	17.33
294.24	-44.67
294.26	-136.00
294.27	-82.00
294.28	-190.66
294.30	-240.66
294.31	-182.00
294.33	-210.00
294.34	-160.00
294.36	-132.67
294.37	-106.67
294.39	-102.00
294.40	-136.67
294.42	-312.00
294.43	-342.67
294.45	-202.67
294.46	-186.00
294.48	-192.67
294.49	-166.67
294.50	-32.67
294.52	-162.67
294.53	-246.67
294.55	-136.67
294.56	-94.67
294.58	-156.67
294.59	-67.33
294.61	70.00
294.62	-68.66
294.64	-121.34
294.65	-203.33
294.67	-110.66
294.68	-28.00
294.70	-90.66
294.71	92.67
294.72	33.33
294.74	-138.66
294.75	-152.00
294.77	8.67
294.78	-75.33
294.80	-138.66
294.81	-180.00
294.83	-176.00
294.84	28.00
294.86	-59.34
294.87	-16.00
294.89	-5.33
294.90	-110.66
294.92	-214.00
294.93	-118.66
294.94	-60.00
294.96	-284.67
294.97	-290.00
294.99	-245.33
295.00	-286.67
295.02	-307.33
295.03	-210.00
295.05	-80.00
295.06	-50.66
295.08	-198.00
295.09	-196.00
295.11	-69.34
295.12	-131.34
295.14	-292.67
295.15	-310.66
295.16	-166.67
295.18	-225.33
295.19	-256.00
295.21	-77.33
295.22	-50.00
295.24	-134.67
295.25	-170.66
295.27	-218.66
295.28	-142.00
295.30	-298.00
295.31	-207.33
295.33	-172.67
295.34	-228.00
295.36	-241.34
295.37	-76.67
295.38	76.67
295.40	160.00
295.41	-2.00
295.43	-37.33
295.44	57.33
295.46	-88.66
295.47	-180.66
295.49	-248.66
295.50	-89.34
295.52	-73.33
295.53	-202.67
295.55	-279.34
295.56	-222.00
295.58	-256.00
295.59	-232.67
295.60	4.00
295.62	-80.66
295.63	-280.00
295.65	-174.00
295.66	-134.67
295.68	-97.33
295.69	-284.67
295.71	-291.34
295.72	-128.66
295.74	-180.00
295.75	-116.67
295.77	-7.33
295.78	44.00
295.80	-18.00
295.81	-40.66
295.83	72.00
295.84	-12.67
295.85	-58.66
295.87	-130.00
295.88	-2.00
295.90	38.00
295.91	-25.33
295.93	38.67
295.94	24.00
295.96	32.67
295.97	-10.67
295.99	-116.00
296.00	56.67
296.02	-43.33
296.03	-164.00
296.05	-290.66
296.06	-233.33
296.07	-202.00
296.09	-194.00
296.10	-100.00
296.12	-88.66
296.13	-176.67
296.15	-46.67
296.16	70.00
296.18	-182.67
296.19	-278.66
296.21	-166.67
296.22	20.67
296.24	16.67
296.25	-171.34
296.27	-188.00
296.28	-14.67
296.29	-176.00
296.31	-160.66
296.32	4.00
296.34	-60.00
296.35	-231.34
296.37	-186.00
296.38	-49.34
296.40	-46.00
296.41	-156.00
296.43	-92.00
296.44	72.67
296.46	25.33
296.47	22.00
296.49	88.67
296.50	232.00
296.51	75.33
296.53	-108.66
296.54	-26.67
296.56	5.33
296.57	-86.00
296.59	-97.33
296.60	29.33
296.62	105.33
296.63	-6.67
296.65	-76.67
296.66	-109.34
296.68	-122.00
296.69	-104.00
296.71	74.67
296.72	2.00
296.73	-130.00
296.75	-42.67
296.76	46.00
296.78	-46.67
296.79	-156.67
296.81	-7.33
296.82	22.67
296.84	-20.00
296.85	-147.33
296.87	-230.00
296.88	-224.67
296.90	-125.33
296.91	-186.00
296.93	-166.67
296.94	14.00
296.95	74.67
296.97	-6.67
296.98	17.33
297.00	119.33
297.01	-132.00
297.03	-204.00
297.04	-15.33
297.06	137.33
297.07	54.00
297.09	-2.00
297.10	109.33
297.12	9.33
297.13	-272.00
297.15	-200.00
297.16	-88.66
297.18	-39.33
297.19	-120.66
297.20	-25.33
297.22	80.67
297.23	-189.34
297.25	-270.66
297.26	-64.67
297.28	-12.00
297.29	-22.67
297.31	-126.00
297.32	-96.67
297.34	-62.00
297.35	-66.67
297.37	23.33
297.38	31.33
297.40	-40.00
297.41	-104.67
297.42	-77.33
297.44	4.67
297.45	-42.67
297.47	-92.00
297.48	-14.00
297.50	-48.66
297.51	-125.33
297.53	-126.67
297.54	-96.67
297.56	-63.33
297.57	-152.67
297.59	-24.67
297.60	-41.34
297.62	78.00
297.63	24.00
297.64	30.00
297.66	32.00
297.67	0.67
297.69	-60.00
297.70	77.33
297.72	138.00
297.73	-158.00
297.75	-171.34
297.76	-176.67
297.78	-119.34
297.79	-196.67
297.81	-86.67
297.82	-69.34
297.84	-52.00
297.85	-182.67
297.86	-58.00
297.88	-18.67
297.89	-26.00
297.91	-72.67
297.92	-121.34
297.94	10.67
297.95	-48.00
297.97	-75.33
297.98	14.00
298.00	143.33
298.01	60.67
298.03	62.00
298.04	147.33
298.06	51.33
298.07	-71.34
298.08	-19.33
298.10	-54.00
298.11	-111.34
298.13	-274.67
298.14	-197.33
298.16	-93.33
298.17	-159.34
298.19	-173.33
298.20	-95.33
298.22	-78.00
298.23	-95.33
298.25	-104.67
298.26	-200.66
298.28	-88.66
298.29	42.00
298.30	114.67
298.32	118.00
298.33	176.67
298.35	-110.00
298.36	-98.66
298.38	-34.00
298.39	-121.34
298.41	-76.67
298.42	-10.00
298.44	-16.00
298.45	57.33
298.47	-73.33
298.48	56.00
298.50	12.67
298.51	49.33
298.53	40.00
298.54	103.33
298.55	68.00
298.57	-98.66
298.58	-74.00
298.60	-82.00
298.61	-193.33
298.63	-179.34
298.64	-102.00
298.66	-22.00
298.67	-26.00
298.69	-68.00
298.70	-140.66
298.72	-28.00
298.73	-58.66
298.75	-45.33
298.76	34.00
298.77	122.67
298.79	74.00
298.80	3.33
298.82	194.00
298.83	58.67
298.85	34.67
298.86	-50.00
298.88	61.33
298.89	27.33
298.91	-24.00
298.92	52.67
298.94	168.67
298.95	41.33
298.97	-116.67
298.98	-34.67
298.99	63.33
299.01	-136.00
299.02	-70.00
299.04	-49.34
299.05	-81.34
299.07	-243.33
299.08	-182.67
299.10	-53.33
299.11	50.00
299.13	-91.34
299.14	-49.34
299.16	71.33
299.17	163.33
299.19	30.00
299.20	58.67
299.21	161.33
299.23	-5.33
299.24	-30.67
299.26	68.67
299.27	-168.00
299.29	-212.00
299.30	-38.00
299.32	-16.67
299.33	16.00
299.35	58.00
299.36	-18.67
299.38	-139.34
299.39	-148.00
299.41	-143.33
299.42	-134.00
299.43	98.67
299.45	-16.67
299.46	-79.34
299.48	-19.33
299.49	127.33
299.51	-16.00
299.52	-52.67
299.54	74.00
299.55	97.33
299.57	26.00
299.58	2.00
299.60	-100.00
299.61	-45.33
299.63	-20.67
299.64	-24.00
299.65	159.33
299.67	126.67
299.68	-2.67
299.70	120.00
299.71	243.33
299.73	75.33
299.74	44.67
299.76	144.67
299.77	253.33
299.79	129.33
299.80	159.33
299.82	123.33
299.83	232.00
299.85	115.33
299.86	144.00
299.88	200.00
299.89	133.33
299.90	52.00
299.92	60.67
299.93	290.00
299.95	139.33
299.96	-128.00
299.98	10.67
299.99	246.67
300.01	149.33
300.02	220.00
300.04	178.67
300.05	141.33
300.07	44.00
300.08	12.00
300.10	196.00
300.11	189.33
300.12	52.00
300.14	-0.67
300.15	-26.67
300.17	-43.33
300.18	25.33
300.20	142.00
300.21	168.67
300.23	29.33
300.24	8.67
300.26	49.33
300.27	90.00
300.29	-103.33
300.30	-9.33
300.32	53.33
300.33	-24.67
300.34	-65.33
300.36	11.33
300.37	167.33
300.39	176.00
300.40	88.67
300.42	190.67
300.43	224.67
300.45	229.33
300.46	91.33
300.48	144.67
300.49	241.33
300.51	142.67
300.52	135.33
300.54	204.00
300.55	278.00
300.56	88.67
300.58	216.00
300.59	351.33
300.61	214.67
300.62	166.67
300.64	205.33
300.65	290.00
300.67	174.67
300.68	216.67
300.70	362.67
300.71	363.33
300.73	165.33
300.74	258.00
300.76	312.67
300.77	262.00
300.78	291.33
300.80	218.67
300.81	200.67
300.83	112.67
300.84	38.00
300.86	53.33
300.87	104.67
300.89	-84.67
300.90	-127.33
300.92	7.33
300.93	222.67
300.95	186.00
300.96	132.00
300.98	320.67
300.99	358.67
301.00	114.67
301.02	165.33
301.03	152.67
301.05	108.67
301.06	130.67
301.08	130.67
301.09	268.00
301.11	181.33
301.12	160.67
301.14	162.67
301.15	203.33
301.17	205.33
301.18	193.33
301.20	351.33
301.21	304.00
301.23	182.00
301.24	192.67
301.25	217.33
301.27	330.67
301.28	282.00
301.30	147.33
301.31	172.67
301.33	169.33
301.34	120.00
301.36	180.67
301.37	307.33
301.39	189.33
301.40	56.00
301.42	98.00
301.43	106.67
301.45	-7.33
301.46	52.00
301.47	74.00
301.49	158.00
301.50	192.67
301.52	166.67
301.53	317.33
301.55	275.33
301.56	105.33
301.58	172.67
301.59	150.00
301.61	112.00
301.62	83.33
301.64	237.33
301.65	406.67
301.67	237.33
301.68	179.33
301.69	368.67
301.71	391.33
301.72	248.00
301.74	240.67
301.75	361.33
301.77	472.67
301.78	359.33
301.80	318.67
301.81	205.33
301.83	288.67
301.84	274.00
301.86	244.67
301.87	301.33
301.89	250.67
301.90	158.67
301.91	308.00
301.93	400.67
301.94	163.33
301.96	238.00
301.97	306.00
301.99	425.33
302.00	308.00
302.02	193.33
302.03	196.67
302.05	403.33
302.06	456.67
302.08	390.67
302.09	417.33
302.11	336.67
302.12	323.33
302.13	423.33
302.15	528.00
302.16	386.00
302.18	367.33
302.19	404.67
302.21	496.00
302.22	374.00
302.24	373.33
302.25	374.67
302.27	340.00
302.28	118.67
302.30	88.67
302.31	175.33
302.33	254.67
302.34	212.67
302.35	202.67
302.37	245.33
302.38	100.00
302.40	36.67
302.41	222.67
302.43	169.33
302.44	110.67
302.46	172.00
302.47	272.00
302.49	344.00
302.50	330.67
302.52	420.67
302.53	513.33
302.55	542.67
302.56	408.67
302.57	314.67
302.59	402.00
302.60	544.67
302.62	459.33
302.63	406.00
302.65	476.67
302.66	490.00
302.68	528.00
302.69	594.00
302.71	721.33
302.72	457.33
302.74	404.00
302.75	536.67
302.77	564.67
302.78	439.33
302.80	470.00
302.81	628.67
302.82	489.33
302.84	502.00
302.85	704.00
302.87	748.00
302.88	642.67
302.90	594.00
302.91	634.67
302.93	626.00
302.94	578.00
302.96	528.67
302.97	522.00
302.99	430.67
303.00	387.33
303.02	453.33
303.03	485.33
303.04	702.67
303.06	601.33
303.07	592.00
303.09	620.00
303.10	502.00
303.12	523.33
303.13	592.00
303.15	612.67
303.16	482.00
303.18	594.67
303.19	655.33
303.21	632.67
303.22	517.33
303.24	458.00
303.25	431.33
303.26	508.67
303.28	519.33
303.29	649.33
303.31	622.67
303.32	651.33
303.34	618.67
303.35	652.67
303.37	882.00
303.38	786.00
303.40	662.00
303.41	611.33
303.43	782.00
303.44	615.33
303.46	647.33
303.47	782.00
303.48	784.67
303.50	520.00
303.51	494.67
303.53	541.33
303.54	518.00
303.56	629.33
303.57	810.00
303.59	690.00
303.60	590.00
303.62	570.00
303.63	750.00
303.65	886.00
303.66	855.33
303.68	839.33
303.69	900.00
303.70	896.67
303.72	746.67
303.73	788.67
303.75	848.67
303.76	805.33
303.78	748.00
303.79	790.67
303.81	868.00
303.82	951.33
303.84	708.00
303.85	650.00
303.87	614.67
303.88	686.00
303.90	656.00
303.91	725.33
303.92	907.33
303.94	812.67
303.95	729.33
303.97	778.00
303.98	661.33
304.00	559.33
304.01	551.33
304.03	714.67
304.04	789.33
304.06	763.33
304.07	686.67
304.09	894.67
304.10	970.00
304.12	801.33
304.13	852.00
304.15	944.00
304.16	951.33
304.17	928.00
304.19	924.00
304.20	986.67
304.22	876.00
304.23	821.33
304.25	846.00
304.26	990.00
304.28	956.00
304.29	944.67
304.31	938.00
304.32	962.00
304.34	931.33
304.35	941.33
304.37	906.00
304.38	876.67
304.39	926.67
304.41	986.00
304.42	1027.33
304.44	1053.33
304.45	1036.00
304.47	1054.67
304.48	964.67
304.50	958.00
304.51	860.00
304.53	1017.33
304.54	1020.67
304.56	1004.67
304.57	1099.33
304.59	1030.67
304.60	1043.33
304.61	1033.33
304.63	1094.00
304.64	1201.33
304.66	1082.67
304.67	822.67
304.69	1048.67
304.70	1203.33
304.72	1205.33
304.73	1018.67
304.75	1048.00
304.76	1008.00
304.78	906.00
304.79	890.67
304.81	1088.67
304.82	1192.00
304.83	1018.67
304.85	1092.67
304.86	1312.67
304.88	1450.00
304.89	1324.00
304.91	1316.67
304.92	1357.33
304.94	1259.33
304.95	1208.00
304.97	1189.33
304.98	1307.33
305.00	1167.33
305.01	1112.67
305.03	1262.00
305.04	1226.67
305.05	1142.00
305.07	1244.00
305.08	1269.33
305.10	1230.67
305.11	1165.33
305.13	1200.00
305.14	1343.33
305.16	1308.00
305.17	1146.00
305.19	1194.00
305.20	1264.67
305.22	1119.33
305.23	1172.00
305.25	1200.67
305.26	1247.33
305.27	1016.67
305.29	1154.00
305.30	1174.00
305.32	1110.00
305.33	1008.67
305.35	1116.00
305.36	1206.67
305.38	1166.67
305.39	1198.67
305.41	1116.00
305.42	1173.33
305.44	1090.00
305.45	1166.67
305.47	1286.67
305.48	1133.33
305.50	1040.67
305.51	1178.00
305.52	1237.33
305.54	1208.67
305.55	1078.00
305.57	1046.67
305.58	1168.67
305.60	1099.33
305.61	1084.00
305.63	1182.67
305.64	1413.33
305.66	1248.00
305.67	1182.00
305.69	1244.67
305.70	1302.00
305.72	1324.00
305.73	1267.33
305.74	1245.33
305.76	1163.33
305.77	1182.00
305.79	1141.33
305.80	1163.33
305.82	1157.33
305.83	1138.00
305.85	1194.67
305.86	1384.00
305.88	1156.00
305.89	1057.33
305.91	1154.67
305.92	1168.67
305.94	998.00
305.95	1004.00
305.96	1099.33
305.98	1171.33
305.99	1108.00
306.01	1074.67
306.02	1105.33
306.04	1016.67
306.05	1036.00
306.07	1064.00
306.08	1216.00
306.10	1110.00
306.11	1075.33
306.13	1055.33
306.14	1065.33
306.16	1002.67
306.17	992.00
306.18	1035.33
306.20	1039.33
306.21	878.67
306.23	1008.00
306.24	1163.33
306.26	1114.00
306.27	953.33
306.29	1074.00
306.30	1204.67
306.32	1062.00
306.33	924.67
306.35	811.33
306.36	938.67
306.38	945.33
306.39	676.67
306.40	768.00
306.42	855.33
306.43	852.00
306.45	784.67
306.46	829.33
306.48	848.00
306.49	603.33
306.51	737.33
306.52	794.00
306.54	772.00
306.55	700.67
306.57	867.33
306.58	811.33
306.60	886.67
306.61	743.33
306.62	759.33
306.64	801.33
306.65	796.67
306.67	676.00
306.68	746.00
306.70	692.67
306.71	486.00
306.73	530.67
306.74	692.00
306.76	633.33
306.77	586.67
306.79	647.33
306.80	595.33
306.82	656.00
306.83	406.00
306.85	419.33
306.86	668.00
306.87	513.33
306.89	368.67
306.90	395.33
306.92	464.00
306.93	361.33
306.95	244.00
306.96	276.00
306.98	451.33
306.99	440.00
307.01	424.67
307.02	376.67
307.04	238.00
307.05	116.67
307.07	200.67
307.08	205.33
307.09	111.33
307.11	21.33
307.12	116.00
307.14	122.67
307.15	81.33
307.17	130.67
307.18	110.67
307.20	256.00
307.21	246.67
307.23	170.00
307.24	186.00
307.26	64.00
307.27	-3.33
307.29	8.00
307.30	42.67
307.31	26.00
307.33	-46.67
307.34	-128.00
307.36	-86.00
307.37	-34.00
307.39	-84.00
307.40	-42.67
307.42	-18.00
307.43	-122.67
307.45	-96.00
307.46	-62.00
307.48	52.00
307.49	-130.00
307.51	-199.34
307.52	-176.67
307.53	-190.66
307.55	-298.66
307.56	-328.66
307.58	-153.33
307.59	-293.33
307.61	-436.67
307.62	-403.33
307.64	-361.34
307.65	-433.33
307.67	-422.00
307.68	-421.34
307.70	-385.33
307.71	-615.33
307.73	-549.34
307.74	-430.00
307.75	-402.67
307.77	-464.00
307.78	-574.67
307.80	-585.33
307.81	-619.34
307.83	-674.00
307.84	-640.00
307.86	-595.33
307.87	-658.66
307.89	-782.00
307.90	-577.33
307.92	-505.33
307.93	-639.34
307.95	-739.34
307.96	-736.00
307.97	-724.67
307.99	-748.66
308.00	-711.34
308.02	-583.33
308.03	-742.00
308.05	-691.34
308.06	-751.34
308.08	-621.34
308.09	-644.67
308.11	-703.33
308.12	-685.33
308.14	-748.66
308.15	-942.00
308.17	-1010.66
308.18	-824.67
308.20	-814.67
308.21	-994.00
308.22	-890.00
308.24	-848.66
308.25	-838.66
308.27	-965.33
308.28	-954.67
308.30	-918.00
308.31	-937.33
308.33	-994.67
308.34	-952.67
308.36	-988.66
308.37	-1190.00
308.39	-1113.33
308.40	-1110.00
308.42	-1127.33
308.43	-1056.67
308.44	-1059.34
308.46	-1022.00
308.47	-981.34
308.49	-1124.00
308.50	-1164.00
308.52	-1161.34
308.53	-1084.67
308.55	-1054.67
308.56	-900.00
308.58	-875.33
308.59	-1017.33
308.61	-1046.67
308.62	-1064.67
308.64	-1013.33
308.65	-1132.67
308.66	-1154.67
308.68	-1048.66
308.69	-1000.00
308.71	-1095.33
308.72	-1221.34
308.74	-1086.00
308.75	-1194.67
308.77	-1238.66
308.78	-1047.33
308.80	-1014.67
308.81	-1003.33
308.83	-1162.00
308.84	-1119.34
308.86	-1123.33
308.87	-1224.00
308.88	-1293.33
308.90	-1260.66
308.91	-1143.33
308.93	-1238.66
308.94	-1298.66
308.96	-1106.67
308.97	-921.34
308.99	-1134.00
309.00	-1108.00
309.02	-1132.67
309.03	-1145.33
309.05	-1149.34
309.06	-1078.66
309.08	-1105.33
309.09	-1150.00
309.10	-1074.67
309.12	-936.67
309.13	-957.33
309.15	-1060.00
309.16	-1044.00
309.18	-1122.67
309.19	-1186.00
309.21	-1202.67
309.22	-1204.67
309.24	-1143.33
309.25	-1004.67
309.27	-1148.66
309.28	-1104.00
309.30	-1014.67
309.31	-998.66
309.32	-1212.00
309.34	-1212.00
309.35	-1196.67
309.37	-1304.67
309.38	-1264.00
309.40	-1070.00
309.41	-1102.67
309.43	-1140.00
309.44	-782.67
309.46	-798.66
309.47	-796.00
309.49	-1062.00
309.50	-1026.00
309.52	-975.33
309.53	-951.34
309.55	-1126.67
309.56	-1275.33
309.57	-1114.00
309.59	-1060.66
309.60	-1143.33
309.62	-1080.66
309.63	-849.34
309.65	-880.00
309.66	-932.00
309.68	-942.00
309.69	-945.33
309.71	-964.00
309.72	-933.33
309.74	-806.00
309.75	-830.66
309.77	-757.33
309.78	-739.34
309.79	-612.67
309.81	-575.33
309.82	-664.00
309.84	-667.33
309.85	-648.66
309.87	-731.34
309.88	-794.67
309.90	-719.34
309.91	-691.34
309.93	-704.00
309.94	-752.67
309.96	-797.33
309.97	-792.00
309.99	-978.66
310.00	-998.00
310.01	-914.67
310.03	-983.33
310.04	-1016.67
310.06	-823.33
310.07	-835.33
310.09	-922.00
310.10	-903.33
310.12	-618.66
310.13	-573.33
310.15	-772.67
310.16	-698.00
310.18	-713.33
310.19	-676.00
310.21	-844.00
310.22	-715.33
310.23	-563.33
310.25	-541.34
310.26	-735.33
310.28	-707.33
310.29	-661.34
310.31	-722.00
310.32	-679.34
310.34	-644.67
310.35	-467.33
310.37	-472.00
310.38	-486.67
310.40	-534.00
310.41	-600.00
310.43	-775.33
310.44	-682.67
310.45	-566.00
310.47	-446.00
310.48	-491.34
310.50	-432.67
310.51	-541.34
310.53	-677.33
310.54	-637.33
310.56	-494.67
310.57	-514.00
310.59	-480.00
310.60	-535.33
310.62	-489.34
310.63	-461.34
310.65	-447.33
310.66	-618.66
310.67	-506.00
310.69	-326.67
310.70	-339.34
310.72	-336.00
310.73	-330.66
310.75	-314.67
310.76	-390.00
310.78	-293.33
310.79	-286.67
310.81	-360.00
310.82	-357.33
310.84	-269.34
310.85	-279.34
310.87	-404.67
310.88	-442.67
310.89	-281.34
310.91	-44.67
310.92	-170.66
310.94	-85.33
310.95	-78.66
310.97	-96.00
310.98	-249.34
311.00	-268.00
311.01	-239.34
311.03	-135.33
311.04	-164.00
311.06	-130.66
311.07	-102.00
311.09	-190.66
311.10	-231.34
311.12	10.00
311.13	-26.00
311.14	-168.00
311.16	-113.33
311.17	-103.33
311.19	-139.34
311.20	-178.66
311.22	-98.00
311.23	48.67
311.25	30.00
311.26	-21.33
311.28	52.67
311.29	112.00
311.31	167.33
311.32	204.00
311.34	167.33
311.35	243.33
311.36	166.00
311.38	41.33
311.39	118.67
311.41	158.67
311.42	-43.33
311.44	-20.00
311.45	7.33
311.47	54.00
311.48	-6.67
311.50	18.67
311.51	268.67
311.53	200.00
311.54	155.33
311.56	136.67
311.57	136.00
311.58	93.33
311.60	68.00
311.61	258.00
311.63	311.33
311.64	319.33
311.66	332.00
311.67	548.67
311.69	517.33
311.70	322.67
311.72	139.33
311.73	208.00
311.75	409.33
311.76	292.67
311.78	374.67
311.79	488.67
311.80	360.67
311.82	252.67
311.83	372.00
311.85	364.00
311.86	406.67
311.88	328.00
311.89	409.33
311.91	474.67
311.92	276.00
311.94	283.33
311.95	366.67
311.97	459.33
311.98	419.33
312.00	470.67
312.01	619.33
312.02	609.33
312.04	504.67
312.05	514.00
312.07	626.00
312.08	635.33
312.10	550.00
312.11	601.33
312.13	643.33
312.14	552.67
312.16	586.67
312.17	584.67
312.19	502.00
312.20	378.67
312.22	438.67
312.23	768.00
312.24	913.33
312.26	900.67
312.27	781.33
312.29	823.33
312.30	841.33
312.32	716.00
312.33	760.67
312.35	896.00
312.36	682.00
312.38	617.33
312.39	856.00
312.41	940.67
312.42	801.33
312.44	826.67
312.45	786.00
312.47	722.00
312.48	696.00
312.49	690.00
312.51	678.67
312.52	766.67
312.54	741.33
312.55	857.33
312.57	1181.33
312.58	966.67
312.60	888.00
312.61	1010.67
312.63	1075.33
312.64	886.00
312.66	896.00
312.67	1066.67
312.69	1061.33
312.70	888.67
312.71	1053.33
312.73	1096.67
312.74	1048.67
312.76	1075.33
312.77	1138.00
312.79	1226.67
312.80	964.00
312.82	918.67
312.83	1060.67
312.85	1218.67
312.86	1048.67
312.88	1138.67
312.89	1242.00
312.91	1214.67
312.92	1164.00
312.93	1186.00
312.95	1190.00
312.96	1070.67
312.98	1029.33
312.99	1135.33
313.01	1212.00
313.02	1232.00
313.04	1033.33
313.05	1069.33
313.07	1151.33
313.08	1119.33
313.10	1178.00
313.11	1284.00
313.13	1279.33
313.14	1181.33
313.15	1167.33
313.17	1276.67
313.18	1429.33
313.20	1320.00
313.21	1238.00
313.23	1357.33
313.24	1464.00
313.26	1411.33
313.27	1353.33
313.29	1324.67
313.30	1224.00
313.32	1211.33
313.33	1294.00
313.35	1236.67
313.36	1206.00
313.37	1254.00
313.39	1290.00
313.40	1281.33
313.42	1147.33
313.43	1188.67
313.45	1234.00
313.46	1292.67
313.48	1156.00
313.49	1256.67
313.51	1380.00
313.52	1313.33
313.54	1200.00
313.55	1298.00
313.57	1256.00
313.58	1250.67
313.59	1318.67
313.61	1380.00
313.62	1400.00
313.64	1166.00
313.65	1208.00
313.67	1353.33
313.68	1294.67
313.70	1135.33
313.71	1234.00
313.73	1212.67
313.74	1213.33
313.76	1254.00
313.77	1070.67
313.79	1230.67
313.80	1150.00
313.82	1021.33
313.83	1172.00
313.84	1274.00
313.86	1186.67
313.87	1284.00
313.89	1238.67
313.90	1312.00
313.92	1029.33
313.93	957.33
313.95	991.33
313.96	1175.33
313.98	1166.00
313.99	1214.67
314.01	1267.33
314.02	1179.33
314.04	1094.00
314.05	1266.00
314.06	1164.67
314.08	1025.33
314.09	984.00
314.11	1159.33
314.12	1097.33
314.14	990.67
314.15	1174.00
314.17	1122.00
314.18	1030.67
314.20	925.33
314.21	822.67
314.23	1017.33
314.24	940.00
314.26	842.00
314.27	766.67
314.28	736.00
314.30	769.33
314.31	821.33
314.33	784.67
314.34	862.67
314.36	816.67
314.37	800.67
314.39	798.00
314.40	876.00
314.42	695.33
314.43	749.33
314.45	838.00
314.46	760.00
314.48	544.00
314.49	629.33
314.50	728.00
314.52	534.00
314.53	452.00
314.55	483.33
314.56	547.33
314.58	492.67
314.59	453.33
314.61	480.67
314.62	412.67
314.64	232.67
314.65	177.33
314.67	326.67
314.68	304.00
314.70	146.00
314.71	120.00
314.72	138.00
314.74	128.00
314.75	90.67
314.77	159.33
314.78	186.00
314.80	-10.00
314.81	-87.33
314.83	22.00
314.84	-120.00
314.86	-184.67
314.87	-108.66
314.89	-90.00
314.90	-91.34
314.92	-144.67
314.93	-77.33
314.94	-114.00
314.96	-295.33
314.97	-324.67
314.99	-332.00
315.00	-268.66
315.02	-407.33
315.03	-464.67
315.05	-451.34
315.06	-454.67
315.08	-618.00
315.09	-723.33
315.11	-662.00
315.12	-670.00
315.14	-883.33
315.15	-854.67
315.17	-781.34
315.18	-653.33
315.19	-762.00
315.21	-800.66
315.22	-747.33
315.24	-910.00
315.25	-856.00
315.27	-935.33
315.28	-960.66
315.30	-871.34
315.31	-894.00
315.33	-1000.00
315.34	-870.00
315.36	-1036.67
315.37	-1126.67
315.39	-991.34
315.40	-1066.00
315.41	-1235.33
315.43	-1336.00
315.44	-1221.34
315.46	-1212.00
315.47	-1244.00
315.49	-1384.00
315.50	-1238.66
315.52	-1334.67
315.53	-1361.34
315.55	-1288.00
315.56	-1356.00
315.58	-1430.00
315.59	-1485.33
315.61	-1439.34
315.62	-1214.00
315.63	-1278.66
315.65	-1320.00
315.66	-1304.67
315.68	-1330.66
315.69	-1434.67
315.71	-1344.00
315.72	-1362.67
315.74	-1294.00
315.75	-1566.00
315.77	-1481.34
315.78	-1468.00
315.80	-1535.33
315.81	-1557.33
315.83	-1516.00
315.84	-1594.00
315.85	-1689.34
315.87	-1677.33
315.88	-1628.00
315.90	-1596.00
315.91	-1768.00
315.93	-1730.00
315.94	-1688.66
315.96	-1692.00
315.97	-1882.67
315.99	-1717.33
316.00	-1638.00
316.02	-1631.34
316.03	-1655.33
316.05	-1709.34
316.06	-1830.00
316.07	-1771.34
316.09	-1798.66
316.10	-1812.67
316.12	-1833.33
316.13	-1949.34
316.15	-1930.00
316.16	-1768.00
316.18	-1640.00
316.19	-1753.33
316.21	-1738.66
316.22	-1568.00
316.24	-1616.00
316.25	-1736.67
316.27	-1576.00
316.28	-1620.00
316.29	-1742.67
316.31	-1842.67
316.32	-1795.33
316.34	-1926.00
316.35	-2000.00
316.37	-1960.00
316.38	-1904.67
316.40	-1889.34
316.41	-1841.34
316.43	-1871.34
316.44	-1757.33
316.46	-1710.00
316.47	-1874.67
316.49	-1980.00
316.50	-1997.33
316.52	-1949.34
316.53	-1971.34
316.54	-1848.66
316.56	-1586.00
316.57	-1816.00
316.59	-1942.00
316.60	-1890.00
316.62	-1836.00
316.63	-1932.00
316.65	-1980.00
316.66	-1840.00
316.68	-1948.66
316.69	-2032.67
316.71	-1840.00
316.72	-1694.00
316.74	-1698.00
316.75	-1752.00
316.76	-1822.67
316.78	-1794.00
316.79	-1760.00
316.81	-1886.00
316.82	-1702.00
316.84	-1649.34
316.85	-1862.00
316.87	-1994.00
316.88	-1866.67
316.90	-1742.67
316.91	-1860.66
316.93	-1766.00
316.94	-1560.00
316.96	-1576.67
316.97	-1756.67
316.98	-1650.66
317.00	-1631.34
317.01	-1740.00
317.03	-1834.00
317.04	-1677.33
317.06	-1705.33
317.07	-1814.00
317.09	-1806.67
317.10	-1730.66
317.12	-1726.67
317.13	-1656.00
317.15	-1589.34
317.16	-1498.66
317.18	-1584.00
317.19	-1672.00
317.20	-1664.00
317.22	-1781.34
317.23	-1676.67
317.25	-1614.67
317.26	-1534.67
317.28	-1626.67
317.29	-1504.67
317.31	-1466.00
317.32	-1474.00
317.34	-1498.00
317.35	-1603.33
317.37	-1478.66
317.38	-1390.00
317.40	-1524.67
317.41	-1516.67
317.42	-1438.66
317.44	-1358.00
317.45	-1216.00
317.47	-1257.33
317.48	-1328.66
317.50	-1278.00
317.51	-1327.33
317.53	-1386.67
317.54	-1334.00
317.56	-1376.00
317.57	-1495.33
317.59	-1447.33
317.60	-1314.67
317.62	-1228.00
317.63	-1378.00
317.64	-1241.34
317.66	-1115.33
317.67	-1360.66
317.69	-1446.67
317.70	-1183.33
317.72	-1069.34
317.73	-1100.00
317.75	-1157.33
317.76	-1134.00
317.78	-1210.00
317.79	-1208.66
317.81	-1120.66
317.82	-1050.00
317.84	-942.67
317.85	-1083.33
317.86	-1212.67
317.88	-1026.00
317.89	-961.34
317.91	-1061.34
317.92	-1040.66
317.94	-1005.33
317.95	-1105.33
317.97	-1028.66
317.98	-1018.00
318.00	-898.66
318.01	-952.00
318.03	-1126.00
318.04	-1022.00
318.06	-980.00
318.07	-1058.00
318.09	-960.00
318.10	-909.34
318.11	-970.00
318.13	-1069.34
318.14	-935.33
318.16	-1003.33
318.17	-860.66
318.19	-744.00
318.20	-710.00
318.22	-696.67
318.23	-749.34
318.25	-754.00
318.26	-730.00
318.28	-622.00
318.29	-695.33
318.31	-813.33
318.32	-743.33
318.33	-632.67
318.35	-737.33
318.36	-724.00
318.38	-633.33
318.39	-624.00
318.41	-797.33
318.42	-746.67
318.44	-664.00
318.45	-734.67
318.47	-780.66
318.48	-674.67
318.50	-615.33
318.51	-599.34
318.53	-590.66
318.54	-632.00
318.55	-536.00
318.57	-618.00
318.58	-581.34
318.60	-468.00
318.61	-464.00
318.63	-416.00
318.64	-419.34
318.66	-456.67
318.67	-406.67
318.69	-650.66
318.70	-691.34
318.72	-436.00
318.73	-350.00
318.75	-415.33
318.76	-320.00
318.77	-146.67
318.79	-303.33
318.80	-412.67
318.82	-359.34
318.83	-252.00
318.85	-214.00
318.86	-106.00
318.88	-205.33
318.89	-118.66
318.91	-210.66
318.92	-274.67
318.94	-194.00
318.95	-226.00
318.97	-255.33
318.98	-261.34
318.99	-296.67
319.01	-222.67
319.02	-256.00
319.04	-158.00
319.05	-52.67
319.07	-197.33
319.08	-167.33
319.10	-70.00
319.11	40.00
319.13	-71.34
319.14	-50.00
319.16	114.67
319.17	-56.67
319.19	-165.33
319.20	-54.67
319.21	79.33
319.23	16.00
319.24	-170.66
319.26	-46.67
319.27	96.67
319.29	64.67
319.30	-2.67
319.32	-30.67
319.33	167.33
319.35	160.00
319.36	254.00
319.38	179.33
319.39	165.33
319.41	97.33
319.42	120.00
319.44	214.00
319.45	150.00
319.46	179.33
319.48	225.33
319.49	330.00
319.51	142.67
319.52	96.00
319.54	222.67
319.55	284.00
319.57	283.33
319.58	462.00
319.60	572.00
319.61	546.00
319.63	342.67
319.64	398.00
319.66	442.00
319.67	482.67
319.68	366.00
319.70	518.00
319.71	576.67
319.73	382.00
319.74	506.67
319.76	725.33
319.77	698.67
319.79	550.67
319.80	496.67
319.82	498.67
319.83	579.33
319.85	555.33
319.86	706.00
319.88	801.33
319.89	624.00
319.90	620.67
319.92	716.00
319.93	748.67
319.95	570.67
319.96	546.00
319.98	418.00
319.99	573.33
320.01	642.67
320.02	685.33
320.04	764.00
320.05	815.33
320.07	789.33
320.08	734.00
320.10	699.33
320.11	815.33
320.12	912.00
320.14	1050.67
320.15	967.33
320.17	878.67
320.18	698.67
320.20	729.33
320.21	998.00
320.23	923.33
320.24	866.00
320.26	945.33
320.27	1017.33
320.29	1034.67
320.30	1022.00
320.32	1040.67
320.33	1086.67
320.34	982.00
320.36	1025.33
320.37	1114.00
320.39	1176.67
320.40	1087.33
320.42	1088.67
320.43	1240.00
320.45	1228.67
320.46	1068.67
320.48	1160.67
320.49	1346.00
320.51	1240.67
320.52	1188.67
320.54	1292.67
320.55	1283.33
320.56	1275.33
320.58	1226.00
320.59	1331.33
320.61	1243.33
320.62	1166.00
320.64	1124.00
320.65	1402.67
320.67	1356.67
320.68	1325.33
320.70	1427.33
320.71	1576.00
320.73	1390.67
320.74	1406.00
320.76	1514.00
320.77	1538.67
320.79	1482.00
320.80	1379.33
320.81	1551.33
320.83	1564.67
320.84	1422.00
320.86	1527.33
320.87	1538.00
320.89	1496.67
320.90	1416.67
320.92	1469.33
320.93	1679.33
320.95	1546.67
320.96	1588.00
320.98	1882.00
320.99	1758.00
321.01	1700.67
321.02	1714.00
321.03	1743.33
321.05	1740.00
321.06	1628.00
321.08	1632.67
321.09	1784.67
321.11	1854.00
321.12	1670.00
321.14	1814.00
321.15	1922.67
321.17	1921.33
321.18	1870.00
321.20	1908.67
321.21	2032.00
321.23	1976.67
321.24	1761.33
321.25	1860.67
321.27	2000.67
321.28	1788.00
321.30	1904.00
321.31	2001.33
321.33	2006.67
321.34	1804.00
321.36	1789.33
321.37	1881.33
321.39	1834.67
321.40	1772.00
321.42	1792.00
321.43	1871.33
321.45	2104.67
321.46	2076.67
321.47	1895.33
321.49	2022.00
321.50	1929.33
321.52	1902.67
321.53	1924.00
321.55	1941.33
321.56	1836.00
321.58	1870.67
321.59	1768.00
321.61	1822.67
321.62	1871.33
321.64	1932.67
321.65	2026.00
321.67	2055.33
321.68	1929.33
321.69	1953.33
321.71	1958.67
321.72	1874.00
321.74	1759.33
321.75	1730.67
321.77	1842.00
321.78	1830.67
321.80	1899.33
321.81	2005.33
321.83	1996.00
321.84	1698.00
321.86	1548.67
321.87	1741.33
321.89	1722.00
321.90	1676.67
321.91	1682.67
321.93	1845.33
321.94	1702.67
321.96	1590.67
321.97	1763.33
321.99	1829.33
322.00	1655.33
322.02	1566.00
322.03	1620.00
322.05	1686.67
322.06	1599.33
322.08	1603.33
322.09	1556.67
322.11	1539.33
322.12	1437.33
322.14	1448.67
322.15	1393.33
322.16	1252.67
322.18	1089.33
322.19	1134.00
322.21	1240.67
322.22	1180.67
322.24	1128.00
322.25	1320.00
322.27	1383.33
322.28	1080.00
322.30	945.33
322.31	974.67
322.33	1026.00
322.34	940.67
322.36	867.33
322.37	771.33
322.38	738.00
322.40	754.00
322.41	787.33
322.43	859.33
322.44	792.00
322.46	808.00
322.47	704.00
322.49	644.67
322.50	645.33
322.52	485.33
322.53	439.33
322.55	534.00
322.56	338.67
322.58	268.67
322.59	280.67
322.60	324.67
322.62	186.67
322.63	-7.33
322.65	46.67
322.66	-76.67
322.68	-88.00
322.69	-120.00
322.71	-16.67
322.72	-119.34
322.74	-145.33
322.75	-77.33
322.77	-165.33
322.78	-374.00
322.80	-397.33
322.81	-417.33
322.82	-413.33
322.84	-462.00
322.85	-555.33
322.87	-486.67
322.88	-610.66
322.90	-752.67
322.91	-799.34
322.93	-794.00
322.94	-822.00
322.96	-882.00
322.97	-802.00
322.99	-766.67
323.00	-1017.33
323.02	-1083.33
323.03	-1013.33
323.04	-1079.34
323.06	-1396.00
323.07	-1406.00
323.09	-1221.34
323.10	-1236.00
323.12	-1372.67
323.13	-1180.00
323.15	-1204.67
323.16	-1380.00
323.18	-1630.66
323.19	-1586.67
323.21	-1636.00
323.22	-1659.34
323.24	-1760.00
323.25	-1660.66
323.26	-1720.00
323.28	-1822.00
323.29	-1831.34
323.31	-1796.67
323.32	-1899.34
323.34	-2062.67
323.35	-2086.00
323.37	-2080.00
323.38	-2134.00
323.40	-2119.34
323.41	-2051.34
323.43	-1965.33
323.44	-2018.66
323.46	-2224.67
323.47	-2273.33
323.49	-2252.00
323.50	-2247.33
323.51	-2221.34
323.53	-2214.67
323.54	-2222.00
323.56	-2326.67
323.57	-2324.67
323.59	-2321.34
323.60	-2424.00
323.62	-2445.33
323.63	-2464.67
323.65	-2479.34
323.66	-2507.33
323.68	-2562.67
323.69	-2473.33
323.71	-2373.33
323.72	-2539.34
323.73	-2729.34
323.75	-2640.66
323.76	-2465.33
323.78	-2699.34
323.79	-2734.00
323.81	-2563.33
323.82	-2603.33
323.84	-2804.00
323.85	-2684.00
323.87	-2566.67
323.88	-2514.67
323.90	-2566.67
323.91	-2544.00
323.93	-2450.66
323.94	-2572.00
323.95	-2683.33
323.97	-2619.34
323.98	-2720.00
324.00	-2902.67
324.01	-2662.00
324.03	-2598.00
324.04	-2507.33
324.06	-2748.00
324.07	-2836.67
324.09	-2680.66
324.10	-2628.66
324.12	-2839.34
324.13	-2786.00
324.15	-2650.00
324.16	-2731.34
324.17	-2744.00
324.19	-2543.33
324.20	-2494.67
324.22	-2690.00
324.23	-2768.00
324.25	-2759.34
324.26	-2719.34
324.28	-2806.00
324.29	-2784.67
324.31	-2553.33
324.32	-2452.67
324.34	-2638.66
324.35	-2596.00
324.37	-2506.00
324.38	-2419.34
324.39	-2647.33
324.41	-2653.33
324.42	-2614.00
324.44	-2644.00
324.45	-2726.00
324.47	-2647.33
324.48	-2600.00
324.50	-2604.67
324.51	-2542.00
324.53	-2455.33
324.54	-2474.00
324.56	-2603.33
324.57	-2545.33
324.59	-2484.67
324.60	-2480.00
324.61	-2544.67
324.63	-2456.00
324.64	-2492.67
324.66	-2581.34
324.67	-2500.00
324.69	-2348.00
324.70	-2278.00
324.72	-2304.00
324.73	-2248.00
324.75	-2258.00
324.76	-2236.00
324.78	-2303.33
324.79	-2268.66
324.81	-2172.00
324.82	-2180.66
324.83	-2327.33
324.85	-2308.00
324.86	-2205.33
324.88	-2163.33
324.89	-2252.00
324.91	-2194.00
324.92	-2059.34
324.94	-2269.34
324.95	-2244.67
324.97	-2136.67
324.98	-2313.33
325.00	-2228.66
325.01	-2150.00
325.03	-2057.33
325.04	-2014.00
325.06	-2000.00
325.07	-2124.00
325.08	-2039.34
325.10	-1966.67
325.11	-1920.66
325.13	-1982.67
325.14	-1899.34
325.16	-1879.34
325.17	-1980.66
325.19	-1762.00
325.20	-1643.33
325.22	-1818.00
325.23	-1822.67
325.25	-1698.00
325.26	-1725.33
325.28	-1888.00
325.29	-1901.34
325.30	-1688.00
325.32	-1708.66
325.33	-1872.00
325.35	-1790.66
325.36	-1716.00
325.38	-1674.00
325.39	-1642.67
325.41	-1552.67
325.42	-1672.67
325.44	-1628.66
325.45	-1535.33
325.47	-1462.00
325.48	-1473.33
325.50	-1721.34
325.51	-1654.00
325.52	-1547.33
325.54	-1617.33
325.55	-1762.67
325.57	-1685.33
325.58	-1532.67
325.60	-1582.67
325.61	-1556.00
325.63	-1450.00
325.64	-1394.00
325.66	-1407.33
325.67	-1479.34
325.69	-1484.67
325.70	-1492.00
325.72	-1659.34
325.73	-1572.00
325.74	-1450.66
325.76	-1432.67
325.77	-1497.33
325.79	-1348.66
325.80	-1339.34
325.82	-1336.67
325.83	-1331.34
325.85	-1329.34
325.86	-1278.00
325.88	-1184.67
325.89	-1168.66
325.91	-1213.33
325.92	-1153.33
325.94	-1310.66
325.95	-1199.34
325.96	-976.67
325.98	-980.66
325.99	-1077.33
326.01	-1045.33
326.02	-1082.67
326.04	-1178.66
326.05	-1269.34
326.07	-1028.66
326.08	-980.00
326.10	-1034.67
326.11	-1214.00
326.13	-1084.67
326.14	-962.67
326.16	-1015.33
326.17	-1062.00
326.18	-1044.00
326.20	-891.34
326.21	-848.66
326.23	-890.66
326.24	-916.67
326.26	-848.66
326.27	-914.67
326.29	-810.66
326.30	-829.34
326.32	-850.66
326.33	-866.00
326.35	-886.67
326.36	-929.34
326.38	-830.66
326.39	-902.67
326.41	-874.00
326.42	-856.00
326.43	-990.00
326.45	-874.00
326.46	-803.33
326.48	-688.00
326.49	-780.00
326.51	-856.00
326.52	-798.00
326.54	-537.33
326.55	-647.33
326.57	-717.33
326.58	-674.00
326.60	-563.33
326.61	-655.33
326.63	-554.67
326.64	-606.67
326.65	-606.00
326.67	-708.00
326.68	-462.67
326.70	-381.34
326.71	-540.00
326.73	-588.66
326.74	-514.67
326.76	-434.67
326.77	-524.00
326.79	-415.33
326.80	-427.33
326.82	-376.00
326.83	-408.00
326.85	-400.66
326.86	-424.00
326.87	-440.00
326.89	-540.00
326.90	-417.33
326.92	-328.00
326.93	-336.00
326.95	-398.66
326.96	-292.67
326.98	-151.34
326.99	-204.00
327.01	-148.00
327.02	-112.67
327.04	41.33
327.05	-138.66
327.07	-290.00
327.08	-181.34
327.09	-152.67
327.11	-340.66
327.12	-208.00
327.14	-80.00
327.15	-242.67
327.17	-361.34
327.18	-199.34
327.20	-170.66
327.21	-195.33
327.23	-100.66
327.24	1.33
327.26	-57.33
327.27	-254.00
327.29	-247.33
327.30	-44.00
327.31	86.00
327.33	-82.00
327.34	-87.33
327.36	182.67
327.37	205.33
327.39	118.67
327.40	147.33
327.42	241.33
327.43	68.00
327.45	-14.00
327.46	144.67
327.48	182.00
327.49	279.33
327.51	347.33
327.52	506.00
327.53	415.33
327.55	304.67
327.56	239.33
327.58	314.00
327.59	210.67
327.61	195.33
327.62	162.00
327.64	304.00
327.65	172.00
327.67	109.33
327.68	418.67
327.70	474.00
327.71	459.33
327.73	394.67
327.74	636.67
327.76	616.00
327.77	353.33
327.78	363.33
327.80	490.67
327.81	542.67
327.83	585.33
327.84	678.00
327.86	630.00
327.87	482.67
327.89	428.00
327.90	517.33
327.92	781.33
327.93	788.00
327.95	616.67
327.96	625.33
327.98	693.33
327.99	567.33
328.00	716.00
328.02	758.00
328.03	711.33
328.05	628.00
328.06	804.67
328.08	810.00
328.09	830.00
328.11	737.33
328.12	816.67
328.14	960.67
328.15	834.00
328.17	924.00
328.18	988.67
328.20	1047.33
328.21	957.33
328.22	1073.33
328.24	1161.33
328.25	1131.33
328.27	970.00
328.28	925.33
328.30	1109.33
328.31	1203.33
328.33	1200.00
328.34	1207.33
328.36	1370.00
328.37	1193.33
328.39	940.00
328.40	1097.33
328.42	1231.33
328.43	1190.00
328.44	1269.33
328.46	1252.00
328.47	1272.67
328.49	1147.33
328.50	1300.00
328.52	1384.67
328.53	1536.67
328.55	1425.33
328.56	1592.00
328.58	1577.33
328.59	1584.67
328.61	1532.00
328.62	1662.67
328.64	1824.67
328.65	1776.67
328.66	1640.67
328.68	1705.33
328.69	1832.00
328.71	1925.33
328.72	1834.00
328.74	1815.33
328.75	1784.00
328.77	1683.33
328.78	1804.67
328.80	2014.00
328.81	1968.00
328.83	1742.67
328.84	1692.00
328.86	1758.00
328.87	1748.00
328.88	1763.33
328.90	1782.67
328.91	1880.00
328.93	1960.00
328.94	1938.00
328.96	2046.67
328.97	2090.67
328.99	2012.67
329.00	2054.00
329.02	1908.67
329.03	1914.00
329.05	1963.33
329.06	1965.33
329.08	2053.33
329.09	1974.00
329.11	1896.67
329.12	2108.00
329.13	2206.00
329.15	2226.00
329.16	2178.00
329.18	2190.00
329.19	2227.33
329.21	2093.33
329.22	2092.67
329.24	2276.00
329.25	2401.33
329.27	2340.00
329.28	2322.67
329.30	2480.00
329.31	2403.33
329.33	2331.33
329.34	2304.00
329.35	2329.33
329.37	2305.33
329.38	2232.00
329.40	2388.67
329.41	2275.33
329.43	2171.33
329.44	2254.00
329.46	2317.33
329.47	2361.33
329.49	2382.67
329.50	2424.67
329.52	2522.00
329.53	2544.00
329.55	2293.33
329.56	2312.00
329.57	2496.00
329.59	2591.33
329.60	2618.67
329.62	2650.67
329.63	2711.33
329.65	2546.67
329.66	2475.33
329.68	2455.33
329.69	2715.33
329.71	2498.67
329.72	2443.33
329.74	2456.00
329.75	2452.67
329.77	2370.67
329.78	2291.33
329.79	2350.00
329.81	2433.33
329.82	2421.33
329.84	2529.33
329.85	2664.00
329.87	2466.00
329.88	2436.00
329.90	2311.33
329.91	2460.00
329.93	2352.00
329.94	2320.67
329.96	2346.67
329.97	2352.00
329.99	2268.00
330.00	2267.33
330.01	2340.67
330.03	2210.67
330.04	2112.00
330.06	2176.67
330.07	2242.67
330.09	2160.67
330.10	1990.00
330.12	1876.00
330.13	1988.67
330.15	2014.00
330.16	1929.33
330.18	2028.67
330.19	1938.67
330.21	1717.33
330.22	1745.33
330.23	1794.00
330.25	1655.33
330.26	1380.00
330.28	1360.00
330.29	1571.33
330.31	1494.00
330.32	1397.33
330.34	1306.00
330.35	1314.67
330.37	1277.33
330.38	1379.33
330.40	1364.67
330.41	1344.67
330.43	1070.67
330.44	1092.00
330.46	1062.67
330.47	1098.67
330.48	978.00
330.50	879.33
330.51	975.33
330.53	857.33
330.54	677.33
330.56	599.33
330.57	663.33
330.59	566.00
330.60	400.00
330.62	456.67
330.63	294.67
330.65	71.33
330.66	26.67
330.68	204.00
330.69	154.67
330.70	-110.00
330.72	-51.34
330.73	86.00
330.75	-85.33
330.76	-269.34
330.78	-222.00
330.79	-131.34
330.81	-242.00
330.82	-411.34
330.84	-481.34
330.85	-516.00
330.87	-619.34
330.88	-606.67
330.90	-723.33
330.91	-702.67
330.92	-802.00
330.94	-904.00
330.95	-743.33
330.97	-703.33
330.98	-953.33
331.00	-928.66
331.01	-958.00
331.03	-1182.00
331.04	-1308.00
331.06	-1308.00
331.07	-1208.00
331.09	-1521.34
331.10	-1600.66
331.12	-1564.00
331.13	-1570.66
331.14	-1741.34
331.16	-1772.67
331.17	-1734.67
331.19	-1720.66
331.20	-1838.00
331.22	-1927.33
331.23	-1928.66
331.25	-1883.33
331.26	-2043.33
331.28	-2024.00
331.29	-2056.67
331.31	-2151.34
331.32	-2272.00
331.34	-2276.00
331.35	-2206.67
331.36	-2375.33
331.38	-2480.66
331.39	-2333.33
331.41	-2305.33
331.42	-2498.00
331.44	-2548.66
331.45	-2587.33
331.47	-2653.33
331.48	-2744.00
331.50	-2770.66
331.51	-2757.33
331.53	-2847.33
331.54	-2902.67
331.56	-2859.34
331.57	-2778.66
331.58	-2973.33
331.60	-3173.33
331.61	-3211.34
331.63	-3118.00
331.64	-3049.34
331.66	-3008.00
331.67	-3064.67
331.69	-3141.34
331.70	-3244.00
331.72	-3285.33
331.73	-3218.66
331.75	-3126.67
331.76	-3338.00
331.78	-3169.34
331.79	-3084.67
331.80	-3190.66
331.82	-3282.67
331.83	-3264.00
331.85	-3268.66
331.86	-3352.67
331.88	-3338.66
331.89	-3221.34
331.91	-3275.33
331.92	-3394.67
331.94	-3370.00
331.95	-3294.00
331.97	-3320.66
331.98	-3398.66
332.00	-3484.00
332.01	-3480.66
332.03	-3426.67
332.04	-3512.00
332.05	-3599.34
332.07	-3440.66
332.08	-3490.00
332.10	-3553.33
332.11	-3507.33
332.13	-3503.33
332.14	-3563.33
332.16	-3548.00
332.17	-3458.66
332.19	-3503.33
332.20	-3568.66
332.22	-3453.33
332.23	-3368.66
332.25	-3448.66
332.26	-3528.66
332.27	-3517.33
332.29	-3320.66
332.30	-3409.34
332.32	-3493.33
332.33	-3558.00
332.35	-3437.33
332.36	-3349.34
332.38	-3408.00
332.39	-3388.00
332.41	-3340.00
332.42	-3280.66
332.44	-3222.67
332.45	-3284.00
332.47	-3246.67
332.48	-3318.00
332.49	-3377.33
332.51	-3344.00
332.52	-3462.67
332.54	-3664.00
332.55	-3564.00
332.57	-3294.00
332.58	-3388.66
332.60	-3325.33
332.61	-3210.66
332.63	-3156.00
332.64	-3372.00
332.66	-3301.34
332.67	-3191.34
332.69	-3178.66
332.70	-3242.00
332.71	-3347.33
332.73	-3174.00
332.74	-3002.67
332.76	-3025.33
332.77	-3090.66
332.79	-2908.00
332.80	-3035.33
332.82	-3286.00
332.83	-3104.00
332.85	-2890.66
332.86	-2971.34
332.88	-2994.00
332.89	-3043.33
332.91	-2946.67
332.92	-2891.34
332.93	-2882.67
332.95	-2638.66
332.96	-2644.67
332.98	-2797.33
332.99	-2888.00
333.01	-2820.66
333.02	-2823.33
333.04	-2815.33
333.05	-2636.00
333.07	-2628.00
333.08	-2567.33
333.10	-2672.67
333.11	-2588.66
333.13	-2566.00
333.14	-2660.00
333.15	-2654.00
333.17	-2582.00
333.18	-2420.66
333.20	-2566.00
333.21	-2549.34
333.23	-2390.00
333.24	-2461.34
333.26	-2679.34
333.27	-2538.66
333.29	-2328.00
333.30	-2394.00
333.32	-2488.66
333.33	-2559.34
333.35	-2544.00
333.36	-2591.34
333.38	-2584.00
333.39	-2507.33
333.40	-2318.00
333.42	-2353.33
333.43	-2328.00
333.45	-2262.67
333.46	-2153.33
333.48	-2347.33
333.49	-2225.33
333.51	-2171.34
333.52	-2219.34
333.54	-2364.67
333.55	-2194.67
333.57	-2114.67
333.58	-2214.67
333.60	-2252.67
333.61	-2167.33
333.62	-2274.00
333.64	-2343.33
333.65	-2216.00
333.67	-1986.67
333.68	-1952.67
333.70	-1902.67
333.71	-1766.00
333.73	-1859.34
333.74	-1796.67
333.76	-1862.00
333.77	-1844.67
333.79	-1886.67
333.80	-1821.34
333.82	-1806.67
333.83	-1893.33
333.84	-1826.67
333.86	-1958.66
333.87	-2013.33
333.89	-1915.33
333.90	-1854.67
333.92	-1949.34
333.93	-1858.00
333.95	-1758.66
333.96	-1740.66
333.98	-1816.00
333.99	-1784.00
334.01	-1823.33
334.02	-1764.00
334.04	-1610.66
334.05	-1646.00
334.06	-1511.34
334.08	-1621.34
334.09	-1674.67
334.11	-1524.67
334.12	-1414.00
334.14	-1498.66
334.15	-1470.00
334.17	-1398.00
334.18	-1546.67
334.20	-1683.33
334.21	-1604.67
334.23	-1504.00
334.24	-1466.67
334.26	-1543.33
334.27	-1492.00
334.28	-1393.33
334.30	-1391.34
334.31	-1438.00
334.33	-1350.66
334.34	-1337.33
334.36	-1496.67
334.37	-1487.33
334.39	-1580.00
334.40	-1558.00
334.42	-1660.66
334.43	-1605.33
334.45	-1217.33
334.46	-1283.33
334.48	-1426.67
334.49	-1336.67
334.50	-1326.67
334.52	-1238.00
334.53	-1352.67
334.55	-1293.33
334.56	-1320.66
334.58	-1344.00
334.59	-1296.00
334.61	-1329.34
334.62	-1128.66
334.64	-1321.34
334.65	-1384.00
334.67	-1138.00
334.68	-1197.33
334.70	-1446.00
334.71	-1300.66
334.73	-1207.33
334.74	-1175.33
334.75	-1115.33
334.77	-1082.67
334.78	-988.00
334.80	-999.34
334.81	-1043.33
334.83	-1148.00
334.84	-1071.34
334.86	-1148.66
334.87	-1155.33
334.89	-1114.00
334.90	-1049.34
334.92	-1220.66
334.93	-1242.00
334.95	-999.34
334.96	-980.66
334.97	-1132.67
334.99	-1092.00
335.00	-1118.00
335.02	-1060.00
335.03	-1206.00
335.05	-1024.00
335.06	-848.66
335.08	-980.00
335.09	-1070.66
335.11	-939.34
335.12	-829.34
335.14	-1023.33
335.15	-906.67
335.17	-915.33
335.18	-908.66
335.19	-969.34
335.21	-910.00
335.22	-752.67
335.24	-749.34
335.25	-832.00
335.27	-790.00
335.28	-704.67
335.30	-754.00
335.31	-806.67
335.33	-879.34
335.34	-714.67
335.36	-757.33
335.37	-918.00
335.39	-778.00
335.40	-750.00
335.41	-858.00
335.43	-788.66
335.44	-756.00
335.46	-744.67
335.47	-796.67
335.49	-861.34
335.50	-681.34
335.52	-771.34
335.53	-833.33
335.55	-797.33
335.56	-888.66
335.58	-882.67
335.59	-806.67
335.61	-764.00
335.62	-634.00
335.63	-697.33
335.65	-771.34
335.66	-568.66
335.68	-494.00
335.69	-751.34
335.71	-622.00
335.72	-528.66
335.74	-536.00
335.75	-682.00
335.77	-701.34
335.78	-620.00
335.80	-654.67
335.81	-663.33
335.83	-684.67
335.84	-646.00
335.85	-810.66
335.87	-668.00
335.88	-632.67
335.90	-668.66
335.91	-853.33
335.93	-768.00
335.94	-632.00
335.96	-440.66
335.97	-481.34
335.99	-459.34
336.00	-347.33
336.02	-446.00
336.03	-595.33
336.05	-356.00
336.06	-312.67
336.08	-360.00
336.09	-332.00
336.10	-234.00
336.12	-243.33
336.13	-373.33
336.15	-374.67
336.16	-354.00
336.18	-342.00
336.19	-440.00
336.21	-308.00
336.22	-290.00
336.24	-240.66
336.25	-306.67
336.27	-292.67
336.28	-188.00
336.30	-359.34
336.31	-365.33
336.32	-244.67
336.34	-133.33
336.35	-47.33
336.37	-94.00
336.38	26.67
336.40	108.00
336.41	-56.00
336.43	-88.00
336.44	-6.67
336.46	57.33
336.47	14.00
336.49	148.00
336.50	42.67
336.52	46.67
336.53	-10.00
336.54	176.00
336.56	266.67
336.57	247.33
336.59	188.00
336.60	243.33
336.62	427.33
336.63	297.33
336.65	312.67
336.66	434.67
336.68	521.33
336.69	462.00
336.71	438.00
336.72	567.33
336.74	780.00
336.75	788.67
336.76	734.67
336.78	830.67
336.79	790.67
336.81	874.00
336.82	1004.00
336.84	1037.33
336.85	981.33
336.87	1010.67
336.88	1193.33
336.90	1390.67
336.91	1328.67
336.93	1360.67
336.94	1452.00
336.96	1600.67
336.97	1676.00
336.98	1890.67
337.00	1975.33
337.01	2014.00
337.03	1989.33
337.04	2148.67
337.06	2354.67
337.07	2344.67
337.09	2451.33
337.10	2712.67
337.12	2984.00
337.13	3030.67
337.15	3394.00
337.16	3710.00
337.18	4003.33
337.19	4014.67
337.20	4206.00
337.22	4542.00
337.23	4680.00
337.25	4929.33
337.26	5307.33
337.28	5645.33
337.29	5927.33
337.31	6202.00
337.32	6576.00
337.34	6948.00
337.35	7384.00
337.37	7874.67
337.38	8676.67
337.40	9140.67
337.41	9682.67
337.43	10391.33
337.44	11211.33
337.45	11891.33
337.47	12762.00
337.48	14004.67
337.50	15190.00
337.51	16417.33
337.53	17748.67
337.54	19368.67
337.56	21237.33
337.57	22924.00
337.59	25187.33
337.60	27807.33
337.62	30724.00
337.63	33873.34
337.65	37570.00
337.66	41752.66
337.67	46681.33
337.69	52256.67
337.70	58786.67
337.72	66782.66
337.73	75686.00
337.75	81824.00
337.76	81880.00
337.78	81880.00
337.79	81880.00
337.81	81880.00
337.82	81880.00
337.84	81880.00
337.85	81880.00
337.87	81880.00
337.88	81880.00
337.89	81880.00
337.91	81880.00
337.92	81880.00
337.94	81880.00
337.95	81880.00
337.97	81880.00
337.98	81880.00
338.00	81880.00
338.01	81880.00
338.03	81880.00
338.04	81880.00
338.06	81880.00
338.07	81880.00
338.09	81880.00
338.10	81880.00
338.11	80781.34
338.13	50864.67
338.14	7405.33
338.16	-38124.67
338.17	-76540.66
338.19	-81920.00
338.20	-81920.00
338.22	-81920.00
338.23	-81920.00
338.25	-81920.00
338.26	-81920.00
338.28	-81920.00
338.29	-81920.00
338.31	-81920.00
338.32	-81920.00
338.33	-81920.00
338.35	-81920.00
338.36	-81920.00
338.38	-81920.00
338.39	-81920.00
338.41	-81920.00
338.42	-81920.00
338.44	-81920.00
338.45	-81920.00
338.47	-81920.00
338.48	-81920.00
338.50	-81920.00
338.51	-81920.00
338.53	-81920.00
338.54	-81920.00
338.55	-81920.00
338.57	-78312.00
338.58	-69656.00
338.60	-61917.34
338.61	-55454.00
338.63	-49960.00
338.64	-44800.00
338.66	-40288.00
338.67	-36280.66
338.69	-32976.67
338.70	-30209.34
338.72	-27540.66
338.73	-25398.66
338.75	-23388.66
338.76	-21402.00
338.77	-19838.00
338.79	-18534.67
338.80	-17183.33
338.82	-15934.00
338.83	-14764.67
338.85	-13862.00
338.86	-12894.67
338.88	-11912.00
338.89	-11212.00
338.91	-10563.33
338.92	-10023.33
338.94	-9600.66
338.95	-9115.33
338.97	-8505.33
338.98	-8042.00
339.00	-7612.67
339.01	-7279.34
339.02	-6827.33
339.04	-6440.66
339.05	-6081.34
339.07	-6102.67
339.08	-5882.67
339.10	-5505.33
339.11	-5152.00
339.13	-5070.66
339.14	-4798.66
339.16	-4540.66
339.17	-4364.00
339.19	-4283.33
339.20	-4074.00
339.22	-3844.67
339.23	-3801.34
339.24	-3782.00
339.26	-3590.66
339.27	-3376.67
339.29	-3326.67
339.30	-3264.00
339.32	-3200.66
339.33	-3077.33
339.35	-3088.66
339.36	-3041.34
339.38	-2660.00
339.39	-2520.00
339.41	-2688.00
339.42	-2461.34
339.44	-2214.00
339.45	-2354.67
339.46	-2431.34
339.48	-2376.67
339.49	-2256.00
339.51	-2283.33
339.52	-2222.00
339.54	-1952.00
339.55	-1933.33
339.57	-1860.66
339.58	-1808.00
339.60	-1720.00
339.61	-1670.00
339.63	-1720.00
339.64	-1808.00
339.66	-1654.67
339.67	-1576.00
339.68	-1666.67
339.70	-1644.00
339.71	-1582.00
339.73	-1632.00
339.74	-1538.66
339.76	-1443.33
339.77	-1346.67
339.79	-1463.33
339.80	-1527.33
339.82	-1432.67
339.83	-1357.33
339.85	-1397.33
339.86	-1226.00
339.88	-1174.67
339.89	-1309.34
339.90	-1338.00
339.92	-1146.67
339.93	-1012.67
339.95	-1002.67
339.96	-1017.33
339.98	-963.33
339.99	-698.66
340.01	-718.00
340.02	-962.00
340.04	-957.33
340.05	-840.00
340.07	-974.00
340.08	-1034.67
340.10	-860.00
340.11	-837.33
340.13	-968.00
340.14	-1028.66
340.15	-950.66
340.17	-949.34
340.18	-1041.34
340.20	-993.33
340.21	-1000.66
340.23	-982.00
340.24	-1046.00
340.26	-850.00
340.27	-756.67
340.29	-790.00
340.30	-851.34
340.32	-916.67
340.33	-902.00
340.35	-948.00
340.36	-872.00
340.37	-820.66
340.39	-877.33
340.40	-916.67
340.42	-761.34
340.43	-689.34
340.45	-826.00
340.46	-914.67
340.48	-792.00
340.49	-756.00
340.51	-844.67
340.52	-730.66
340.54	-700.00
340.55	-530.00
340.57	-664.67
340.58	-652.00
340.59	-731.34
340.61	-666.00
340.62	-786.67
340.64	-910.66
340.65	-694.00
340.67	-696.00
340.68	-673.33
340.70	-532.67
340.71	-284.67
340.73	-383.33
340.74	-588.00
340.76	-564.00
340.77	-504.00
340.79	-551.34
340.80	-707.33
340.81	-577.33
340.83	-585.33
340.84	-734.67
340.86	-672.67
340.87	-629.34
340.89	-586.00
340.90	-736.00
340.92	-796.00
340.93	-873.33
340.95	-864.67
340.96	-811.34
340.98	-610.00
340.99	-410.00
341.01	-426.67
341.02	-528.66
341.03	-719.34
341.05	-493.33
341.06	-640.00
341.08	-596.00
341.09	-579.34
341.11	-494.00
341.12	-730.00
341.14	-722.67
341.15	-512.00
341.17	-596.67
341.18	-618.66
341.20	-580.66
341.21	-556.67
341.23	-462.00
341.24	-549.34
341.25	-547.33
341.27	-600.00
341.28	-752.67
341.30	-745.33
341.31	-602.67
341.33	-671.34
341.34	-656.00
341.36	-578.00
341.37	-576.67
341.39	-533.33
341.40	-632.00
341.42	-493.33
341.43	-464.67
341.45	-556.67
341.46	-630.66
341.47	-486.00
341.49	-246.67
341.50	-298.00
341.52	-474.67
341.53	-595.33
341.55	-430.66
341.56	-539.34
341.58	-520.00
341.59	-545.33
341.61	-574.67
341.62	-548.00
341.64	-354.67
341.65	-288.00
341.67	-472.00
341.68	-533.33
341.70	-482.67
341.71	-624.00
341.72	-577.33
341.74	-688.00
341.75	-604.67
341.77	-572.67
341.78	-582.00
341.80	-626.00
341.81	-707.33
341.83	-507.33
341.84	-572.67
341.86	-515.33
341.87	-404.00
341.89	-449.34
341.90	-579.34
341.92	-441.34
341.93	-341.34
341.94	-496.67
341.96	-480.66
341.97	-240.00
341.99	-167.33
342.00	-218.66
342.02	-335.33
342.03	-386.00
342.05	-394.00
342.06	-367.33
342.08	-434.67
342.09	-410.00
342.11	-415.33
342.12	-661.34
342.14	-560.00
342.15	-370.66
342.16	-406.00
342.18	-546.00
342.19	-486.00
342.21	-332.00
342.22	-272.67
342.24	-329.34
342.25	-316.67
342.27	-306.00
342.28	-485.33
342.30	-474.67
342.31	-396.00
342.33	-528.00
342.34	-688.66
342.36	-506.67
342.37	-390.66
342.38	-468.00
342.40	-483.33
342.41	-466.00
342.43	-456.00
342.44	-436.00
342.46	-390.66
342.47	-366.00
342.49	-276.67
342.50	-372.00
342.52	-400.66
342.53	-440.66
342.55	-328.66
342.56	-380.00
342.58	-357.33
342.59	-455.33
342.60	-501.34
342.62	-810.00
342.63	-705.33
342.65	-363.33
342.66	-290.66
342.68	-479.34
342.69	-341.34
342.71	-360.00
342.72	-505.33
342.74	-410.00
342.75	-366.67
342.77	-261.34
342.78	-456.67
342.80	-394.67
342.81	-356.67
342.82	-422.67
342.84	-518.00
342.85	-416.67
342.87	-430.00
342.88	-385.33
342.90	-443.33
342.91	-512.00
342.93	-377.33
342.94	-301.34
342.96	-374.67
342.97	-437.33
342.99	-342.67
343.00	-423.33
343.02	-479.34
343.03	-502.67
343.05	-418.66
343.06	-440.00
343.07	-153.33
343.09	-206.00
343.10	-372.67
343.12	-532.00
343.13	-518.00
343.15	-485.33
343.16	-444.00
343.18	-543.33
343.19	-567.33
343.21	-396.00
343.22	-469.34
343.24	-502.00
343.25	-404.00
343.27	-298.00
343.28	-428.66
343.29	-476.00
343.31	-468.00
343.32	-416.67
343.34	-433.33
343.35	-443.33
343.37	-207.33
343.38	-302.67
343.40	-396.00
343.41	-344.00
343.43	-272.67
343.44	-391.34
343.46	-400.66
343.47	-320.00
343.49	-344.00
343.50	-454.67
343.51	-452.00
343.53	-476.67
343.54	-386.00
343.56	-586.00
343.57	-461.34
343.59	-279.34
343.60	-260.66
343.62	-386.67
343.63	-486.00
343.65	-261.34
343.66	-374.00
343.68	-472.67
343.69	-410.66
343.71	-363.33
343.72	-496.67
343.73	-478.66
343.75	-430.00
343.76	-480.00
343.78	-713.33
343.79	-543.33
343.81	-528.66
343.82	-582.67
343.84	-634.67
343.85	-565.33
343.87	-431.34
343.88	-389.34
343.90	-435.33
343.91	-436.00
343.93	-450.00
343.94	-503.33
343.95	-596.00
343.97	-488.00
343.98	-276.67
344.00	-347.33
344.01	-410.66
344.03	-421.34
344.04	-286.00
344.06	-529.34
344.07	-388.66
344.09	-258.00
344.10	-352.67
344.12	-444.67
344.13	-342.67
344.15	-164.00
344.16	-224.67
344.17	-448.66
344.19	-424.00
344.20	-470.00
344.22	-495.33
344.23	-454.67
344.25	-427.33
344.26	-326.00
344.28	-368.66
344.29	-350.66
344.31	-232.67
344.32	-300.00
344.34	-377.33
344.35	-370.00
344.37	-438.66
344.38	-482.00
344.40	-462.67
344.41	-438.66
344.42	-292.00
344.44	-401.34
344.45	-463.33
344.47	-407.33
344.48	-504.00
344.50	-604.00
344.51	-716.67
344.53	-510.00
344.54	-418.00
344.56	-422.00
344.57	-283.33
344.59	-156.00
344.60	-289.34
344.62	-410.66
344.63	-405.33
344.64	-318.00
344.66	-417.33
344.67	-522.67
344.69	-392.67
344.70	-225.33
344.72	-238.66
344.73	-407.33
344.75	-343.33
344.76	-254.67
344.78	-270.66
344.79	-433.33
344.81	-338.66
344.82	-179.34
344.84	-328.00
344.85	-340.66
344.86	-320.66
344.88	-382.00
344.89	-415.33
344.91	-422.00
344.92	-330.00
344.94	-398.00
344.95	-347.33
344.97	-269.34
344.98	-335.33
345.00	-533.33
345.01	-443.33
345.03	-429.34
345.04	-230.00
345.06	-410.66
345.07	-426.67
345.08	-390.00
345.10	-408.00
345.11	-505.33
345.13	-505.33
345.14	-378.00
345.16	-262.67
345.17	-342.67
345.19	-474.67
345.20	-204.67
345.22	-356.00
345.23	-376.67
345.25	-268.00
345.26	-329.34
345.28	-537.33
345.29	-512.67
345.30	-360.00
345.32	-413.33
345.33	-374.00
345.35	-360.00
345.36	-244.00
345.38	-282.67
345.39	-418.00
345.41	-337.33
345.42	-304.67
345.44	-446.00
345.45	-474.67
345.47	-341.34
345.48	-238.00
345.50	-313.33
345.51	-360.00
345.52	-239.34
345.54	-203.33
345.55	-407.33
345.57	-293.33
345.58	-293.33
345.60	-260.66
345.61	-322.67
345.63	-281.34
345.64	-252.67
345.66	-214.67
345.67	-281.34
345.69	-362.00
345.70	-295.33
345.72	-489.34
345.73	-510.00
345.75	-404.00
345.76	-266.67
345.77	-323.33
345.79	-278.66
345.80	-190.66
345.82	-317.33
345.83	-388.00
345.85	-304.67
345.86	-172.67
345.88	-246.67
345.89	-229.34
345.91	-203.33
345.92	-123.33
345.94	-280.66
345.95	-390.00
345.97	-439.34
345.98	-420.66
345.99	-437.33
346.01	-427.33
346.02	-291.34
346.04	-202.00
346.05	-412.00
346.07	-218.66
346.08	-224.67
346.10	-272.00
346.11	-314.67
346.13	-238.66
346.14	-247.33
346.16	-328.66
346.17	-472.00
346.19	-474.00
346.20	-366.00
346.21	-440.00
346.23	-386.00
346.24	-305.33
346.26	-302.67
346.27	-402.67
346.29	-329.34
346.30	-185.33
346.32	-410.00
346.33	-484.00
346.35	-358.66
346.36	-286.67
346.38	-220.00
346.39	-290.00
346.41	-265.33
346.42	-242.00
346.43	-333.33
346.45	-335.33
346.46	-366.00
346.48	-346.00
346.49	-302.67
346.51	-268.66
346.52	-325.33
346.54	-162.67
346.55	-225.33
346.57	-189.34
346.58	-174.00
346.60	-231.34
346.61	-347.33
346.63	-384.00
346.64	-148.66
346.65	-282.67
346.67	-508.00
346.68	-396.00
346.70	-295.33
346.71	-420.00
346.73	-258.66
346.74	-379.34
346.76	-284.00
346.77	-395.33
346.79	-439.34
346.80	-282.00
346.82	-250.00
346.83	-583.33
346.85	-514.67
346.86	-498.66
346.87	-445.33
346.89	-472.67
346.90	-347.33
346.92	-147.33
346.93	-292.00
346.95	-288.00
346.96	-249.34
346.98	-224.67
346.99	-364.00
347.01	-273.33
347.02	-228.66
347.04	-244.00
347.05	-382.00
347.07	-360.66
347.08	-155.33
347.10	-230.00
347.11	-312.67
347.12	-287.33
347.14	-314.67
347.15	-408.66
347.17	-374.00
347.18	-360.66
347.20	-173.33
347.21	-300.66
347.23	-278.66
347.24	-214.00
347.26	-232.67
347.27	-341.34
347.29	-280.00
347.30	-124.67
347.32	-234.00
347.33	-413.33
347.34	-282.67
347.36	-294.67
347.37	-329.34
347.39	-367.33
347.40	-288.66
347.42	-293.33
347.43	-365.33
347.45	-273.33
347.46	-4.00
347.48	-212.00
347.49	-432.00
347.51	-368.00
347.52	-183.33
347.54	-98.00
347.55	-206.00
347.56	-271.34
347.58	-171.34
347.59	-176.67
347.61	-338.00
347.62	-356.00
347.64	-165.33
347.65	-265.33
347.67	-444.00
347.68	-511.34
347.70	-515.33
347.71	-562.67
347.73	-354.67
347.74	-224.00
347.76	-270.66
347.77	-454.00
347.78	-288.66
347.80	-228.66
347.81	-298.00
347.83	-480.00
347.84	-462.00
347.86	-443.33
347.87	-416.67
347.89	-464.00
347.90	-460.00
347.92	-370.66
347.93	-420.66
347.95	-482.00
347.96	-297.33
347.98	-220.00
347.99	-420.66
348.00	-422.67
348.02	-252.67
348.03	-274.00
348.05	-391.34
348.06	-430.00
348.08	-312.00
348.09	-438.00
348.11	-558.00
348.12	-401.34
348.14	-339.34
348.15	-423.33
348.17	-366.67
348.18	-291.34
348.20	-187.33
348.21	-280.66
348.22	-292.00
348.24	-431.34
348.25	-206.67
348.27	-392.67
348.28	-407.33
348.30	-399.34
348.31	-273.33
348.33	-233.33
348.34	-303.33
348.36	-251.34
348.37	-408.66
348.39	-472.67
348.40	-322.00
348.42	-312.67
348.43	-552.00
348.44	-346.00
348.46	-352.00
348.47	-372.67
348.49	-404.67
348.50	-300.00
348.52	-346.00
348.53	-303.33
348.55	-432.00
348.56	-219.34
348.58	-352.67
348.59	-430.66
348.61	-384.67
348.62	-434.00
348.64	-384.67
348.65	-382.00
348.67	-448.00
348.68	-270.66
348.69	-164.67
348.71	-301.34
348.72	-389.34
348.74	-387.33
348.75	-332.67
348.77	-454.67
348.78	-425.33
348.80	-281.34
348.81	-315.33
348.83	-305.33
348.84	-138.00
348.86	-184.00
348.87	-276.00
348.89	-346.67
348.90	-245.33
348.91	-294.67
348.93	-421.34
348.94	-348.00
348.96	-270.00
348.97	-144.67
348.99	-221.34
349.00	-186.67
349.02	-330.00
349.03	-404.00
349.05	-498.66
349.06	-427.33
349.08	-232.67
349.09	-316.67
349.11	-388.00
349.12	-264.67
349.13	-250.66
349.15	-285.33
349.16	-297.33
349.18	-221.34
349.19	-61.34
349.21	-204.67
349.22	-222.00
349.24	-231.34
349.25	-164.00
349.27	-200.66
349.28	-238.00
349.30	-209.34
349.31	-394.67
349.33	-414.00
349.34	-528.66
349.35	-412.67
349.37	-258.00
349.38	-333.33
349.40	-146.00
349.41	-110.00
349.43	-290.66
349.44	-276.67
349.46	-96.67
349.47	-173.33
349.49	-280.00
349.50	-350.00
349.52	-135.33
349.53	-230.00
349.55	-356.67
349.56	-202.00
349.57	-164.00
349.59	-264.67
349.60	-218.00
349.62	-218.66
349.63	-272.00
349.65	-388.00
349.66	-306.00
349.68	-319.34
349.69	-354.67
349.71	-416.00
349.72	-256.67
349.74	-146.00
349.75	-182.00
349.77	-280.66
349.78	-277.33
349.79	-244.00
349.81	-318.66
349.82	-387.33
349.84	-269.34
349.85	-351.34
349.87	-505.33
349.88	-617.33
349.90	-390.66
349.91	-311.34
349.93	-433.33
349.94	-374.67
349.96	-247.33
349.97	-342.00
349.99	-446.67
