289.99	-333.33
290.01	-330.66
290.04	-180.66
290.06	-120.00
290.09	-92.00
290.11	-132.67
290.14	-110.00
290.16	-158.00
290.18	-158.66
290.21	-157.33
290.23	-213.33
290.26	-254.67
290.28	-164.00
290.31	-174.00
290.33	-195.33
290.35	-152.00
290.38	-226.00
290.40	-250.00
290.43	-265.33
290.45	-289.34
290.48	-173.33
290.50	-166.67
290.53	-112.00
290.55	-158.66
290.57	-185.33
290.60	-98.66
290.62	-222.67
290.65	-224.67
290.67	-144.00
290.70	-218.00
290.72	-348.00
290.75	-272.67
290.77	-305.33
290.79	-317.33
290.82	-346.67
290.84	-282.67
290.87	-266.00
290.89	-256.67
290.92	-181.34
290.94	-188.00
290.96	-191.34
290.99	-236.67
291.01	-164.67
291.04	-98.66
291.06	-64.67
291.09	-148.00
291.11	-118.00
291.14	-90.66
291.16	-93.33
291.18	-208.66
291.21	-159.34
291.23	-113.33
291.26	-121.34
291.28	-201.34
291.31	-190.66
291.33	-98.66
291.35	-122.00
291.38	-142.00
291.40	-54.00
291.43	-106.00
291.45	-141.34
291.48	-120.00
291.50	-191.34
291.53	-203.33
291.55	-197.33
291.57	-236.67
291.60	-124.67
291.62	-80.66
291.65	-222.67
291.67	-256.67
291.70	-111.34
291.72	-196.67
291.75	-246.00
291.77	-206.67
291.79	-153.33
291.82	-296.67
291.84	-344.67
291.87	-341.34
291.89	-188.00
291.92	-248.66
291.94	-244.00
291.96	-329.34
291.99	-279.34
292.01	-276.00
292.04	-193.33
292.06	-122.67
292.09	-136.67
292.11	-212.00
292.14	-259.34
292.16	-160.66
292.18	-211.34
292.21	-264.67
292.23	-261.34
292.26	-217.33
292.28	-159.34
292.31	-140.66
292.33	-204.00
292.36	-141.34
292.38	-207.33
292.40	-102.67
292.43	-140.00
292.45	-148.00
292.48	-264.67
292.50	-215.33
292.53	-201.34
292.55	-296.00
292.57	-264.67
292.60	-192.00
292.62	-72.00
292.65	-48.66
292.67	-170.66
292.70	-162.00
292.72	-120.66
292.75	-215.33
292.77	-221.34
292.79	-294.67
292.82	-271.34
292.84	-276.00
292.87	-306.00
292.89	-298.66
292.92	-176.00
292.94	-146.67
292.97	-86.67
292.99	-80.00
293.01	-226.67
293.04	-332.67
293.06	-277.33
293.09	-123.33
293.11	-264.00
293.14	-226.67
293.16	-156.67
293.18	-314.67
293.21	-290.00
293.23	-297.33
293.26	-243.33
293.28	-204.67
293.31	-256.00
293.33	-165.33
293.36	-174.00
293.38	-158.66
293.40	-188.66
293.43	-241.34
293.45	-198.00
293.48	-206.00
293.50	-172.67
293.53	-172.00
293.55	-170.66
293.57	-254.67
293.60	-260.00
293.62	-221.34
293.65	-257.33
293.67	-306.00
293.70	-249.34
293.72	-162.00
293.75	-162.00
293.77	-202.67
293.79	-177.33
293.82	-250.66
293.84	-293.33
293.87	-210.00
293.89	-243.33
293.92	-142.00
293.94	-198.00
293.97	-196.00
293.99	-179.34
294.01	-240.00
294.04	-254.00
294.06	-214.00
294.09	-276.00
294.11	-234.67
294.14	-212.67
294.16	-226.67
294.18	-236.67
294.21	-281.34
294.23	-274.00
294.26	-269.34
294.28	-107.33
294.31	-121.34
294.33	-209.34
294.36	-94.67
294.38	-146.00
294.40	-148.66
294.43	-180.66
294.45	-164.67
294.48	-274.67
294.50	-370.00
294.53	-344.00
294.55	-279.34
294.58	-340.00
294.60	-230.00
294.62	-268.66
294.65	-210.00
294.67	-300.00
294.70	-316.00
294.72	-215.33
294.75	-139.34
294.77	-298.66
294.79	-276.67
294.82	-158.00
294.84	-123.33
294.87	-224.67
294.89	-177.33
294.92	-136.00
294.94	-194.00
294.97	-223.33
294.99	-191.34
295.01	-252.00
295.04	-272.67
295.06	-235.33
295.09	-173.33
295.11	-223.33
295.14	-193.33
295.16	-191.34
295.18	-248.66
295.21	-120.00
295.23	-217.33
295.26	-274.00
295.28	-242.00
295.31	-212.67
295.33	-278.00
295.36	-249.34
295.38	-159.34
295.40	-156.67
295.43	-170.66
295.45	-194.00
295.48	-140.66
295.50	-167.33
295.53	-149.34
295.55	-55.33
295.58	-122.00
295.60	-184.00
295.62	-162.67
295.65	-196.67
295.67	-74.67
295.70	-126.67
295.72	-119.34
295.75	-53.33
295.77	-153.33
295.79	-187.33
295.82	-213.33
295.84	-143.33
295.87	-149.34
295.89	-208.00
295.92	-140.00
295.94	-131.34
295.97	-222.00
295.99	-226.67
296.01	-270.00
296.04	-94.67
296.06	-110.00
296.09	-69.34
296.11	-91.34
296.14	-56.00
296.16	-192.00
296.19	-190.00
296.21	-122.00
296.23	-93.33
296.26	-58.66
296.28	-63.33
296.31	-198.00
296.33	-176.67
296.36	-119.34
296.38	-268.66
296.40	-268.66
296.43	-240.00
296.45	-255.33
296.48	-265.33
296.50	-230.00
296.53	-317.33
296.55	-268.66
296.58	-160.00
296.60	-215.33
296.62	-295.33
296.65	-188.66
296.67	-239.34
296.70	-142.00
296.72	-88.00
296.75	-110.00
296.77	-153.33
296.80	-238.00
296.82	-311.34
296.84	-292.67
296.87	-123.33
296.89	-127.33
296.92	-121.34
296.94	-92.00
296.97	-150.66
296.99	-175.33
297.01	-189.34
297.04	-130.00
297.06	-116.00
297.09	-165.33
297.11	-204.67
297.14	-202.67
297.16	-191.34
297.19	-204.67
297.21	-211.34
297.23	-198.66
297.26	-220.00
297.28	-239.34
297.31	-150.66
297.33	-128.66
297.36	-224.00
297.38	-175.33
297.40	-143.33
297.43	-186.67
297.45	-252.00
297.48	-268.66
297.50	-242.00
297.53	-166.00
297.55	-146.00
297.58	-167.33
297.60	-126.67
297.62	-172.00
297.65	-129.34
297.67	-272.00
297.70	-240.00
297.72	-159.34
297.75	-120.66
297.77	-59.34
297.80	-146.00
297.82	-202.00
297.84	-159.34
297.87	-168.00
297.89	-162.67
297.92	-311.34
297.94	-302.00
297.97	-162.67
297.99	-235.33
298.01	-241.34
298.04	-150.66
298.06	-134.67
298.09	-110.66
298.11	-152.00
298.14	-175.33
298.16	-252.67
298.19	-360.00
298.21	-348.66
298.23	-365.33
298.26	-244.67
298.28	-256.67
298.31	-231.34
298.33	-154.00
298.36	-136.00
298.38	-272.67
298.41	-184.67
298.43	-21.33
298.45	-86.67
298.48	-73.33
298.50	-126.00
298.53	-100.00
298.55	-256.00
298.58	-288.00
298.60	-176.00
298.62	-174.67
298.65	-157.33
298.67	-126.67
298.70	-86.67
298.72	-190.00
298.75	-293.33
298.77	-199.34
298.80	-108.00
298.82	-180.66
298.84	-222.00
298.87	-186.00
298.89	-235.33
298.92	-348.66
298.94	-307.33
298.97	-149.34
298.99	-182.67
299.02	-254.67
299.04	-204.00
299.06	-276.00
299.09	-264.67
299.11	-332.00
299.14	-270.00
299.16	-258.00
299.19	-217.33
299.21	-211.34
299.23	-182.67
299.26	-92.00
299.28	-114.67
299.31	-153.33
299.33	-204.00
299.36	-116.67
299.38	-267.33
299.41	-194.67
299.43	-204.00
299.45	-251.34
299.48	-300.00
299.50	-247.33
299.53	-268.66
299.55	-187.33
299.58	-324.00
299.60	-335.33
299.62	-210.00
299.65	-274.67
299.67	-263.33
299.70	-230.66
299.72	-170.66
299.75	-161.34
299.77	-127.33
299.80	-166.00
299.82	-63.33
299.84	-89.34
299.87	-134.67
299.89	-86.67
299.92	-95.33
299.94	-160.66
299.97	-196.00
299.99	-256.67
300.02	-236.67
300.04	-208.00
300.06	-233.33
300.09	-106.00
300.11	-107.33
300.14	-168.00
300.16	-225.33
300.19	-134.00
300.21	-202.00
300.23	-226.00
300.26	-97.33
300.28	-95.33
300.31	-143.33
300.33	-128.00
300.36	-153.33
300.38	-210.00
300.41	-250.66
300.43	-156.00
300.45	-137.33
300.48	-176.00
300.50	-165.33
300.53	-242.00
300.55	-142.67
300.58	-214.00
300.60	-219.34
300.63	-175.33
300.65	-98.00
300.67	-108.66
300.70	-137.33
300.72	-92.67
300.75	-120.66
300.77	-272.00
300.80	-266.00
300.82	-188.00
300.84	-153.33
300.87	-213.33
300.89	-223.33
300.92	-134.67
300.94	-110.00
300.97	-165.33
300.99	-110.00
301.02	-120.66
301.04	-129.34
301.06	-100.66
301.09	-66.00
301.11	61.33
301.14	-14.67
301.16	-88.66
301.19	-16.00
301.21	54.00
301.23	-87.33
301.26	-113.33
301.28	-106.00
301.31	-160.00
301.33	-158.66
301.36	-88.66
301.38	-43.33
301.41	-124.00
301.43	-179.34
301.45	-88.00
301.48	-71.34
301.50	-113.33
301.53	-141.34
301.55	-36.67
301.58	-53.33
301.60	-162.67
301.63	-183.33
301.65	-112.00
301.67	-154.67
301.70	-71.34
301.72	-113.33
301.75	-164.00
301.77	-46.67
301.80	-81.34
301.82	-115.33
301.84	18.00
301.87	49.33
301.89	2.00
301.92	-19.33
301.94	-27.33
301.97	-69.34
301.99	-38.00
302.02	89.33
302.04	98.67
302.06	-32.67
302.09	-76.00
302.11	-64.00
302.14	-32.00
302.16	-137.33
302.19	-69.34
302.21	-62.00
302.24	-101.34
302.26	-0.67
302.28	2.67
302.31	68.00
302.33	100.00
302.36	74.67
302.38	136.00
302.41	147.33
302.43	16.67
302.45	-66.00
302.48	12.67
302.50	68.00
302.53	-29.33
302.55	-54.67
302.58	82.00
302.60	72.67
302.63	88.00
302.65	128.00
302.67	33.33
302.70	50.67
302.72	134.67
302.75	132.67
302.77	88.00
302.80	86.67
302.82	98.00
302.85	104.00
302.87	157.33
302.89	249.33
302.92	228.67
302.94	180.00
302.97	289.33
302.99	308.00
303.02	297.33
303.04	294.00
303.06	288.67
303.09	246.00
303.11	357.33
303.14	535.33
303.16	475.33
303.19	436.00
303.21	540.67
303.24	624.00
303.26	562.67
303.28	623.33
303.31	720.67
303.33	732.67
303.36	751.33
303.38	812.67
303.41	814.00
303.43	830.67
303.45	807.33
303.48	822.67
303.50	1025.33
303.53	1084.00
303.55	1012.67
303.58	1021.33
303.60	1155.33
303.63	1166.00
303.65	1230.00
303.67	1328.00
303.70	1322.67
303.72	1341.33
303.75	1344.00
303.77	1338.00
303.80	1454.00
303.82	1436.67
303.85	1680.00
303.87	1699.33
303.89	1664.67
303.92	1766.67
303.94	1762.67
303.97	1877.33
303.99	1855.33
304.02	1950.00
304.04	1968.67
304.06	2097.33
304.09	2064.67
304.11	2084.00
304.14	2102.00
304.16	2203.33
304.19	2133.33
304.21	2190.67
304.24	2195.33
304.26	2081.33
304.28	2032.00
304.31	1978.00
304.33	1854.67
304.36	1810.67
304.38	1713.33
304.41	1655.33
304.43	1405.33
304.46	1199.33
304.48	1131.33
304.50	1096.00
304.53	834.00
304.55	662.67
304.58	408.67
304.60	176.67
304.63	30.00
304.65	-232.00
304.67	-448.00
304.70	-702.67
304.72	-891.34
304.75	-1160.00
304.77	-1387.33
304.80	-1577.33
304.82	-1665.33
304.85	-1774.67
304.87	-1929.34
304.89	-2001.34
304.92	-2145.33
304.94	-2331.34
304.97	-2360.00
304.99	-2426.67
305.02	-2608.66
305.04	-2514.67
305.06	-2519.34
305.09	-2648.66
305.11	-2729.34
305.14	-2726.67
305.16	-2504.67
305.19	-2527.33
305.21	-2534.00
305.24	-2539.34
305.26	-2400.00
305.28	-2364.67
305.31	-2374.00
305.33	-2292.67
305.36	-2134.67
305.38	-2109.34
305.41	-2192.00
305.43	-2108.00
305.46	-1953.33
305.48	-1975.33
305.50	-1900.66
305.53	-1811.34
305.55	-1760.00
305.58	-1730.66
305.60	-1679.34
305.63	-1553.33
305.65	-1545.33
305.67	-1565.33
305.70	-1393.33
305.72	-1392.67
305.75	-1433.33
305.77	-1310.66
305.80	-1288.66
305.82	-1294.00
305.85	-1256.67
305.87	-1123.33
305.89	-1145.33
305.92	-1046.67
305.94	-1053.33
305.97	-1166.67
305.99	-1120.00
306.02	-1104.00
306.04	-1084.00
306.07	-1061.34
306.09	-1029.34
306.11	-1008.00
306.14	-1016.00
306.16	-906.67
306.19	-755.33
306.21	-879.34
306.24	-804.00
306.26	-688.66
306.28	-675.33
306.31	-729.34
306.33	-662.67
306.36	-628.66
306.38	-681.34
306.41	-761.34
306.43	-733.33
306.46	-686.67
306.48	-754.67
306.50	-744.00
306.53	-684.67
306.55	-683.33
306.58	-559.34
306.60	-586.67
306.63	-609.34
306.65	-483.33
306.68	-582.67
306.70	-560.66
306.72	-507.33
306.75	-539.34
306.77	-562.67
306.80	-545.33
306.82	-478.00
306.85	-513.33
306.87	-551.34
306.89	-454.67
306.92	-480.00
306.94	-561.34
306.97	-524.67
306.99	-441.34
307.02	-467.33
307.04	-524.00
307.07	-502.67
307.09	-408.66
307.11	-384.00
307.14	-384.67
307.16	-406.00
307.19	-428.66
307.21	-292.00
307.24	-287.33
307.26	-302.00
307.28	-340.00
307.31	-367.33
307.33	-357.33
307.36	-439.34
307.38	-364.67
307.41	-382.67
307.43	-484.00
307.46	-335.33
307.48	-317.33
307.50	-390.66
307.53	-310.66
307.55	-357.33
307.58	-380.00
307.60	-388.66
307.63	-224.67
307.65	-280.66
307.68	-315.33
307.70	-305.33
307.72	-238.66
307.75	-173.33
307.77	-270.66
307.80	-234.67
307.82	-243.33
307.85	-242.00
307.87	-231.34
307.89	-232.00
307.92	-247.33
307.94	-324.00
307.97	-400.66
307.99	-438.00
308.02	-219.34
308.04	-278.00
308.07	-286.67
308.09	-198.66
308.11	-252.00
308.14	-368.00
308.16	-365.33
308.19	-288.00
308.21	-268.66
308.24	-278.00
308.26	-260.66
308.29	-208.00
308.31	-247.33
308.33	-368.66
308.36	-304.67
308.38	-324.67
308.41	-254.67
308.43	-237.33
308.46	-210.66
308.48	-134.00
308.50	-117.33
308.53	-299.34
308.55	-314.00
308.58	-232.67
308.60	-392.00
308.63	-344.67
308.65	-281.34
308.68	-304.67
308.70	-302.00
308.72	-252.67
308.75	-210.66
308.77	-232.00
308.80	-268.66
308.82	-228.00
308.85	-236.00
308.87	-262.00
308.89	-300.66
308.92	-280.66
308.94	-301.34
308.97	-296.00
308.99	-243.33
309.02	-258.66
309.04	-164.67
309.07	-193.33
309.09	-218.00
309.11	-240.66
309.14	-146.67
309.16	-157.33
309.19	-190.00
309.21	-83.33
309.24	-120.66
309.26	-172.67
309.29	-254.00
309.31	-219.34
309.33	-170.66
309.36	-234.00
309.38	-310.00
309.41	-317.33
309.43	-267.33
309.46	-240.66
309.48	-234.67
309.50	-254.00
309.53	-251.34
309.55	-252.00
309.58	-210.00
309.60	-140.66
309.63	-194.67
309.65	-235.33
309.68	-241.34
309.70	-162.67
309.72	-310.66
309.75	-268.66
309.77	-140.66
309.80	-238.00
309.82	-344.67
309.85	-318.66
309.87	-196.67
309.90	-108.00
309.92	-138.66
309.94	-128.66
309.97	-130.00
309.99	-257.33
310.02	-322.67
310.04	-254.00
310.07	-320.66
310.09	-338.66
310.11	-230.66
310.14	-218.00
310.16	-148.66
310.19	-239.34
310.21	-246.00
310.24	-146.67
310.26	-124.67
310.29	-307.33
310.31	-324.00
310.33	-193.33
310.36	-188.00
310.38	-188.66
310.41	-190.66
310.43	-107.33
310.46	-214.00
310.48	-166.00
310.51	-174.00
310.53	-171.34
310.55	-208.66
310.58	-120.00
310.60	-128.66
310.63	-134.67
310.65	-134.67
310.68	-34.00
310.70	-162.00
310.72	-130.66
310.75	-156.00
310.77	-234.00
310.80	-195.33
310.82	-166.67
310.85	-117.33
310.87	-116.00
310.90	-174.67
310.92	-250.00
310.94	-304.00
310.97	-228.00
310.99	-144.67
311.02	-206.00
311.04	-266.67
311.07	-201.34
311.09	-224.67
311.11	-362.00
311.14	-257.33
311.16	-162.67
311.19	-203.33
311.21	-193.33
311.24	-150.66
311.26	-2.67
311.29	-50.66
311.31	-119.34
311.33	-52.67
311.36	-35.33
311.38	-118.66
311.41	-76.67
311.43	-90.00
311.46	0.00
311.48	-96.00
311.51	-154.00
311.53	-34.00
311.55	-87.33
311.58	-20.67
311.60	-55.33
311.63	-54.00
311.65	-103.33
311.68	-138.00
311.70	-94.67
311.72	-23.33
311.75	-73.33
311.77	-78.66
311.80	-22.67
311.82	-24.67
311.85	-92.00
311.87	18.00
311.90	64.67
311.92	32.00
311.94	60.67
311.97	40.00
311.99	-45.33
312.02	-66.67
312.04	-133.33
312.07	-146.67
312.09	-32.67
312.12	-58.00
312.14	-76.00
312.16	2.67
312.19	-64.00
312.21	-146.00
312.24	-55.33
312.26	-63.33
312.29	-175.33
312.31	-175.33
312.33	-80.66
312.36	-78.66
312.38	-86.67
312.41	-46.67
312.43	17.33
312.46	187.33
312.48	197.33
312.51	232.67
312.53	408.00
312.55	394.67
312.58	345.33
312.60	243.33
312.63	280.00
312.65	229.33
312.68	236.67
312.70	207.33
312.73	310.67
312.75	242.00
312.77	223.33
312.80	302.00
312.82	296.00
312.85	227.33
312.87	281.33
312.90	338.67
312.92	299.33
312.94	299.33
312.97	338.00
312.99	350.00
313.02	426.00
313.04	492.67
313.07	428.67
313.09	452.67
313.12	528.67
313.14	497.33
313.16	581.33
313.19	675.33
313.21	654.00
313.24	665.33
313.26	680.67
313.29	794.67
313.31	810.67
313.33	840.67
313.36	1038.00
313.38	1146.00
313.41	1136.00
313.43	1082.67
313.46	1125.33
313.48	1184.67
313.51	1287.33
313.53	1346.67
313.55	1470.67
313.58	1446.67
313.60	1490.00
313.63	1625.33
313.65	1666.00
313.68	1706.00
313.70	1758.67
313.73	1889.33
313.75	2050.00
313.77	2108.00
313.80	2248.67
313.82	2318.67
313.85	2472.00
313.87	2446.67
313.90	2576.67
313.92	2709.33
313.94	2758.00
313.97	2774.67
313.99	2920.00
314.02	3018.67
314.04	2924.67
314.07	3034.67
314.09	3094.67
314.12	3020.00
314.14	2949.33
314.16	2956.67
314.19	2884.00
314.21	2824.00
314.24	2672.67
314.26	2576.00
314.29	2535.33
314.31	2314.00
314.34	1928.00
314.36	1629.33
314.38	1446.00
314.41	1187.33
314.43	850.67
314.46	414.00
314.48	125.33
314.51	-308.00
314.53	-670.66
314.55	-1008.00
314.58	-1274.00
314.60	-1688.66
314.63	-2021.34
314.65	-2132.67
314.68	-2408.00
314.70	-2656.00
314.73	-2819.34
314.75	-2974.00
314.77	-2990.66
314.80	-3197.33
314.82	-3266.67
314.85	-3316.00
314.87	-3382.00
314.90	-3396.00
314.92	-3376.67
314.94	-3382.67
314.97	-3321.34
314.99	-3299.34
315.02	-3258.66
315.04	-3134.67
315.07	-3157.33
315.09	-3060.66
315.12	-2897.33
315.14	-2777.33
315.16	-2773.33
315.19	-2686.67
315.21	-2620.00
315.24	-2483.33
315.26	-2440.00
315.29	-2326.00
315.31	-2264.67
315.34	-2315.33
315.36	-2190.66
315.38	-2038.00
315.41	-1918.66
315.43	-1860.00
315.46	-1889.34
315.48	-1900.66
315.51	-1648.00
315.53	-1654.00
315.55	-1568.66
315.58	-1497.33
315.60	-1476.67
315.63	-1483.33
315.65	-1338.00
315.68	-1281.34
315.70	-1266.67
315.73	-1276.67
315.75	-1190.66
315.77	-1061.34
315.80	-1145.33
315.82	-1124.67
315.85	-995.33
315.87	-933.33
315.90	-944.00
315.92	-928.00
315.95	-920.66
315.97	-797.33
315.99	-801.34
316.02	-832.00
316.04	-714.00
316.07	-682.00
316.09	-713.33
316.12	-646.00
316.14	-673.33
316.16	-686.00
316.19	-617.33
316.21	-630.66
316.24	-545.33
316.26	-590.66
316.29	-623.33
316.31	-477.33
316.34	-521.34
316.36	-648.00
316.38	-634.67
316.41	-510.66
316.43	-466.00
316.46	-560.00
316.48	-632.00
316.51	-460.00
316.53	-432.67
316.56	-562.00
316.58	-505.33
316.60	-442.00
316.63	-513.33
316.65	-513.33
316.68	-538.66
316.70	-407.33
316.73	-418.00
316.75	-420.00
316.77	-480.00
316.80	-532.67
316.82	-511.34
316.85	-434.67
316.87	-373.33
316.90	-388.66
316.92	-345.33
316.95	-371.34
316.97	-242.00
316.99	-266.67
317.02	-394.67
317.04	-258.00
317.07	-263.33
317.09	-385.33
317.12	-410.66
317.14	-413.33
317.16	-540.00
317.19	-510.00
317.21	-383.33
317.24	-390.00
317.26	-380.00
317.29	-408.00
317.31	-410.66
317.34	-359.34
317.36	-404.67
317.38	-368.66
317.41	-323.33
317.43	-327.33
317.46	-345.33
317.48	-318.00
317.51	-277.33
317.53	-286.00
317.56	-388.66
317.58	-460.00
317.60	-411.34
317.63	-450.00
317.65	-439.34
317.68	-359.34
317.70	-262.67
317.73	-254.67
317.75	-265.33
317.77	-254.00
317.80	-188.00
317.82	-228.00
317.85	-299.34
317.87	-232.67
317.90	-264.67
317.92	-164.00
317.95	-180.66
317.97	-183.33
317.99	-210.66
318.02	-248.66
318.04	-346.67
318.07	-298.66
318.09	-210.66
318.12	-242.00
318.14	-260.00
318.17	-214.67
318.19	-121.34
318.21	-212.00
318.24	-223.33
318.26	-176.00
318.29	-244.00
318.31	-232.67
318.34	-219.34
318.36	-132.00
318.38	-257.33
318.41	-195.33
318.43	-134.67
318.46	-204.67
318.48	-266.67
318.51	-278.00
318.53	-274.67
318.56	-245.33
318.58	-280.00
318.60	-328.66
318.63	-268.66
318.65	-206.00
318.68	-262.00
318.70	-334.00
318.73	-250.00
318.75	-356.67
318.77	-360.00
318.80	-303.33
318.82	-141.34
318.85	-307.33
318.87	-321.34
318.90	-264.00
318.92	-232.67
318.95	-130.00
318.97	-124.67
318.99	-163.33
319.02	-242.67
319.04	-258.00
319.07	-333.33
319.09	-404.67
319.12	-404.00
319.14	-283.33
319.17	-166.67
319.19	-170.00
319.21	-316.67
319.24	-277.33
319.26	-306.67
319.29	-216.00
319.31	-192.67
319.34	-223.33
319.36	-208.66
319.38	-212.00
319.41	-309.34
319.43	-300.00
319.46	-158.00
319.48	-200.66
319.51	-301.34
319.53	-286.00
319.56	-315.33
319.58	-314.00
319.60	-145.33
319.63	-52.67
319.65	-120.00
319.68	-145.33
319.70	-204.00
319.73	-84.67
319.75	22.67
319.78	-91.34
319.80	-148.00
319.82	-225.33
319.85	-207.33
319.87	-174.67
319.90	-146.00
319.92	-134.00
319.95	-94.00
319.97	-174.00
319.99	-221.34
320.02	-63.33
320.04	-121.34
320.07	-118.66
320.09	-142.00
320.12	-184.00
320.14	-159.34
320.17	-154.67
320.19	-136.00
320.21	-98.00
320.24	-116.67
320.26	-118.66
320.29	-157.33
320.31	-90.00
320.34	-155.33
320.36	-227.33
320.39	-260.00
320.41	-300.66
320.43	-242.00
320.46	-171.34
320.48	-218.66
320.51	-191.34
320.53	-159.34
320.56	-165.33
320.58	-176.67
320.60	-250.00
320.63	-170.66
320.65	-166.67
320.68	-190.00
320.70	-228.66
320.73	-140.66
320.75	-136.67
320.78	-250.00
320.80	-278.00
320.82	-164.67
320.85	-237.33
320.87	-183.33
320.90	-119.34
320.92	-200.00
320.95	-183.33
320.97	-224.00
320.99	-303.33
321.02	-341.34
321.04	-252.00
321.07	-199.34
321.09	-158.00
321.12	-84.00
321.14	-96.00
321.17	-202.00
321.19	-186.00
321.21	-164.67
321.24	-311.34
321.26	-301.34
321.29	-184.67
321.31	-163.33
321.34	-279.34
321.36	-281.34
321.39	-131.34
321.41	-201.34
321.43	-202.67
321.46	-163.33
321.48	-161.34
321.51	-92.00
321.53	-153.33
321.56	-140.00
321.58	-112.00
321.60	-106.67
321.63	-233.33
321.65	-238.00
321.68	-77.33
321.70	-133.33
321.73	-219.34
321.75	-291.34
321.78	-130.00
321.80	-117.33
321.82	-200.00
321.85	-214.00
321.87	-172.67
321.90	-56.00
321.92	93.33
321.95	88.67
321.97	76.67
322.00	-28.00
322.02	2.00
322.04	-22.00
322.07	-194.67
322.09	-201.34
322.12	-155.33
322.14	-98.00
322.17	-204.00
322.19	-128.00
322.21	-45.33
322.24	6.67
322.26	-8.67
322.29	-8.00
322.31	-10.00
322.34	-65.33
322.36	-57.33
322.39	-77.33
322.41	-24.00
322.43	-18.67
322.46	-19.33
322.48	12.00
322.51	78.00
322.53	144.00
322.56	110.67
322.58	112.67
322.60	-5.33
322.63	-118.00
322.65	-36.00
322.68	-88.00
322.70	-148.66
322.73	-106.00
322.75	-62.67
322.78	88.67
322.80	262.00
322.82	205.33
322.85	60.00
322.87	126.67
322.90	127.33
322.92	32.67
322.95	166.67
322.97	223.33
323.00	174.67
323.02	156.00
323.04	239.33
323.07	231.33
323.09	253.33
323.12	324.67
323.14	370.00
323.17	336.67
323.19	362.67
323.21	486.00
323.24	478.67
323.26	529.33
323.29	503.33
323.31	581.33
323.34	496.00
323.36	560.00
323.39	547.33
323.41	648.67
323.43	712.67
323.46	727.33
323.48	768.67
323.51	847.33
323.53	825.33
323.56	844.00
323.58	944.67
323.61	1012.67
323.63	1106.67
323.65	1002.67
323.68	1029.33
323.70	1198.67
323.73	1302.67
323.75	1364.67
323.78	1510.00
323.80	1589.33
323.82	1616.00
323.85	1703.33
323.87	1650.67
323.90	1882.00
323.92	1972.67
323.95	1978.00
323.97	2264.67
324.00	2415.33
324.02	2386.00
324.04	2570.00
324.07	2637.33
324.09	2674.67
324.12	2679.33
324.14	2863.33
324.17	3078.00
324.19	3089.33
324.22	3116.00
324.24	3174.00
324.26	3169.33
324.29	3260.00
324.31	3308.00
324.34	3225.33
324.36	3287.33
324.39	3292.67
324.41	3287.33
324.43	3122.67
324.46	3142.67
324.48	2962.00
324.51	2666.00
324.53	2306.00
324.56	2153.33
324.58	1857.33
324.61	1511.33
324.63	1182.00
324.65	742.67
324.68	295.33
324.70	18.67
324.73	-326.00
324.75	-743.33
324.78	-1206.67
324.80	-1546.00
324.82	-1993.33
324.85	-2354.67
324.87	-2604.67
324.90	-2811.34
324.92	-3030.66
324.95	-3329.34
324.97	-3493.33
325.00	-3684.00
325.02	-3798.66
325.04	-3856.00
325.07	-3752.00
325.09	-3886.00
325.12	-3920.66
325.14	-3861.34
325.17	-3718.66
325.19	-3674.00
325.22	-3576.00
325.24	-3602.67
325.26	-3461.34
325.29	-3262.67
325.31	-3238.66
325.34	-3182.67
325.36	-2995.33
325.39	-2821.34
325.41	-2696.00
325.43	-2594.00
325.46	-2551.34
325.48	-2602.00
325.51	-2498.66
325.53	-2428.00
325.56	-2314.67
325.58	-2189.34
325.61	-2102.67
325.63	-2044.67
325.65	-2002.00
325.68	-1920.00
325.70	-1816.67
325.73	-1673.33
325.75	-1607.33
325.78	-1538.00
325.80	-1473.33
325.83	-1408.66
325.85	-1367.33
325.87	-1301.34
325.90	-1292.67
325.92	-1178.00
325.95	-1144.00
325.97	-1214.00
326.00	-1084.67
326.02	-995.33
326.04	-1116.00
326.07	-1104.00
326.09	-1022.67
326.12	-887.33
326.14	-866.67
326.17	-825.33
326.19	-875.33
326.22	-906.00
326.24	-800.66
326.26	-813.33
326.29	-805.33
326.31	-810.66
326.34	-713.33
326.36	-638.00
326.39	-655.33
326.41	-630.66
326.43	-662.00
326.46	-718.66
326.48	-674.67
326.51	-671.34
326.53	-653.33
326.56	-460.66
326.58	-424.00
326.61	-502.00
326.63	-594.00
326.65	-529.34
326.68	-497.33
326.70	-572.67
326.73	-420.66
326.75	-481.34
326.78	-491.34
326.80	-582.67
326.83	-520.66
326.85	-572.67
326.87	-543.33
326.90	-526.67
326.92	-547.33
326.95	-453.33
326.97	-372.00
327.00	-440.00
327.02	-385.33
327.04	-345.33
327.07	-306.00
327.09	-295.33
327.12	-333.33
327.14	-324.67
327.17	-391.34
327.19	-368.66
327.22	-402.67
327.24	-374.00
327.26	-394.00
327.29	-274.00
327.31	-310.66
327.34	-472.67
327.36	-408.00
327.39	-307.33
327.41	-309.34
327.44	-346.00
327.46	-320.00
327.48	-396.00
327.51	-353.33
327.53	-314.67
327.56	-313.33
327.58	-378.00
327.61	-343.33
327.63	-243.33
327.65	-316.00
327.68	-207.33
327.70	-247.33
327.73	-329.34
327.75	-272.67
327.78	-282.00
327.80	-390.00
327.83	-380.66
327.85	-335.33
327.87	-292.67
327.90	-244.67
327.92	-298.00
327.95	-220.00
327.97	-218.66
328.00	-236.67
328.02	-208.66
328.05	-192.00
328.07	-226.67
328.09	-100.00
328.12	-189.34
328.14	-284.00
328.17	-290.66
328.19	-289.34
328.22	-284.00
328.24	-258.00
328.26	-353.33
328.29	-299.34
328.31	-270.66
328.34	-196.67
328.36	-318.00
328.39	-345.33
328.41	-287.33
328.44	-369.34
328.46	-338.66
328.48	-236.00
328.51	-136.67
328.53	-274.00
328.56	-222.67
328.58	-220.66
328.61	-153.33
328.63	-115.33
328.65	-115.33
328.68	-152.67
328.70	-186.67
328.73	-174.67
328.75	-146.00
328.78	-187.33
328.80	-232.00
328.83	-317.33
328.85	-180.00
328.87	-154.67
328.90	-254.67
328.92	-283.33
328.95	-226.67
328.97	-154.67
329.00	-228.00
329.02	-328.00
329.05	-236.67
329.07	-123.33
329.09	-192.00
329.12	-258.00
329.14	-304.00
329.17	-348.00
329.19	-398.00
329.22	-340.00
329.24	-182.67
329.26	-303.33
329.29	-279.34
329.31	-154.00
329.34	-209.34
329.36	-239.34
329.39	-183.33
329.41	-154.67
329.44	-128.66
329.46	-180.66
329.48	-198.66
329.51	-254.00
329.53	-186.00
329.56	-237.33
329.58	-282.00
329.61	-239.34
329.63	-270.66
329.66	-283.33
329.68	-338.66
329.70	-272.67
329.73	-268.66
329.75	-330.00
329.78	-348.66
329.80	-258.66
329.83	-219.34
329.85	-206.00
329.87	-252.00
329.90	-176.67
329.92	-202.00
329.95	-240.00
329.97	-226.67
330.00	-209.34
330.02	-290.00
330.05	-190.00
330.07	-180.66
330.09	-156.67
330.12	-261.34
330.14	-343.33
330.17	-206.00
330.19	-145.33
330.22	-137.33
330.24	-173.33
330.27	-147.33
330.29	-213.33
330.31	-182.00
330.34	-312.67
330.36	-288.00
330.39	-387.33
330.41	-288.00
330.44	-243.33
330.46	-292.67
330.48	-285.33
330.51	-194.67
330.53	-261.34
330.56	-245.33
330.58	-270.00
330.61	-348.66
330.63	-286.00
330.66	-278.00
330.68	-319.34
330.70	-286.67
330.73	-184.67
330.75	-229.34
330.78	-337.33
330.80	-243.33
330.83	-190.66
330.85	-203.33
330.87	-213.33
330.90	-59.34
330.92	-146.00
330.95	-214.67
330.97	-166.67
331.00	-148.00
331.02	-205.33
331.05	-159.34
331.07	-181.34
331.09	-126.67
331.12	-174.00
331.14	-122.67
331.17	-125.33
331.19	-108.66
331.22	-306.00
331.24	-247.33
331.27	-256.67
331.29	-236.00
331.31	-276.00
331.34	-236.67
331.36	-250.66
331.39	-224.67
331.41	-201.34
331.44	-164.00
331.46	-198.66
331.48	-308.66
331.51	-349.34
331.53	-232.00
331.56	-189.34
331.58	-270.66
331.61	-261.34
331.63	-160.00
331.66	-192.00
331.68	-215.33
331.70	-136.67
331.73	-183.33
331.75	-194.67
331.78	-164.67
331.80	-158.66
331.83	-117.33
331.85	-175.33
331.88	-186.67
331.90	-152.67
331.92	-143.33
331.95	-143.33
331.97	-178.66
332.00	-186.00
332.02	-49.34
332.05	-54.67
332.07	-165.33
332.09	-165.33
332.12	-170.66
332.14	-166.67
332.17	-71.34
332.19	-147.33
332.22	-178.00
332.24	-202.00
332.27	-118.00
332.29	-53.33
332.31	-16.67
332.34	-46.67
332.36	-46.00
332.39	-28.67
332.41	-88.00
332.44	-182.67
332.46	-179.34
332.48	-104.00
332.51	-140.00
332.53	-139.34
332.56	-120.00
332.58	-126.00
332.61	-194.00
332.63	-104.67
332.66	-91.34
332.68	-150.00
332.70	-105.33
332.73	-171.34
332.75	-95.33
332.78	-28.67
332.80	-91.34
332.83	-77.33
332.85	-144.67
332.88	-182.67
332.90	-107.33
332.92	-21.33
332.95	-5.33
332.97	-8.67
333.00	-28.67
333.02	3.33
333.05	13.33
333.07	88.00
333.09	30.67
333.12	76.67
333.14	78.67
333.17	83.33
333.19	132.67
333.22	149.33
333.24	96.00
333.27	58.67
333.29	164.00
333.31	94.00
333.34	89.33
333.36	161.33
333.39	142.00
333.41	165.33
333.44	114.00
333.46	282.67
333.49	138.67
333.51	112.67
333.53	54.67
333.56	100.67
333.58	289.33
333.61	202.67
333.63	184.00
333.66	313.33
333.68	382.00
333.70	302.00
333.73	350.00
333.75	519.33
333.78	447.33
333.80	442.67
333.83	467.33
333.85	519.33
333.88	460.00
333.90	472.67
333.92	488.00
333.95	604.00
333.97	567.33
334.00	564.00
334.02	624.67
334.05	658.67
334.07	739.33
334.10	829.33
334.12	902.00
334.14	1002.67
334.17	1015.33
334.19	1102.00
334.22	1125.33
334.24	1111.33
334.27	1155.33
334.29	1305.33
334.31	1386.67
334.34	1452.00
334.36	1396.00
334.39	1582.67
334.41	1713.33
334.44	1810.67
334.46	1910.00
334.49	1964.00
334.51	2016.00
334.53	1994.67
334.56	2154.00
334.58	2215.33
334.61	2326.67
334.63	2478.67
334.66	2668.67
334.68	2778.67
334.70	2786.67
334.73	2924.67
334.75	2954.00
334.78	3111.33
334.80	3070.67
334.83	3063.33
334.85	3070.67
334.88	3117.33
334.90	3046.00
334.92	3017.33
334.95	3097.33
334.97	3142.00
335.00	2882.00
335.02	2792.67
335.05	2716.00
335.07	2438.00
335.10	2145.33
335.12	1988.67
335.14	1828.67
335.17	1494.67
335.19	1147.33
335.22	895.33
335.24	417.33
335.27	-7.33
335.29	-384.00
335.31	-690.00
335.34	-1016.67
335.36	-1376.00
335.39	-1658.00
335.41	-1933.33
335.44	-2249.34
335.46	-2541.34
335.49	-2786.00
335.51	-2946.67
335.53	-3215.33
335.56	-3354.67
335.58	-3448.00
335.61	-3352.67
335.63	-3474.67
335.66	-3448.66
335.68	-3537.33
335.71	-3562.00
335.73	-3592.00
335.75	-3446.00
335.78	-3304.00
335.80	-3208.00
335.83	-3252.67
335.85	-3153.33
335.88	-3106.67
335.90	-3066.67
335.92	-2963.33
335.95	-2864.00
335.97	-2765.33
336.00	-2614.00
336.02	-2496.67
336.05	-2348.66
336.07	-2177.33
336.10	-2220.66
336.12	-2252.00
336.14	-2076.00
336.17	-1942.67
336.19	-2022.67
336.22	-1958.66
336.24	-1788.66
336.27	-1853.33
336.29	-1885.33
336.32	-1703.33
336.34	-1532.67
336.36	-1508.66
336.39	-1474.00
336.41	-1427.33
336.44	-1297.33
336.46	-1326.67
336.49	-1306.67
336.51	-1192.00
336.53	-1136.67
336.56	-1099.34
336.58	-1024.00
336.61	-986.67
336.63	-924.67
336.66	-956.00
336.68	-984.00
336.71	-940.00
336.73	-885.33
336.75	-909.34
336.78	-812.67
336.80	-616.00
336.83	-676.67
336.85	-764.67
336.88	-655.33
336.90	-517.33
336.92	-491.34
336.95	-473.33
336.97	-476.00
337.00	-486.67
337.02	-402.67
337.05	-352.00
337.07	-206.67
337.10	-168.66
337.12	-232.00
337.14	-100.66
337.17	32.00
337.19	168.67
337.22	320.00
337.24	759.33
337.27	1348.67
337.29	2112.00
337.32	3096.00
337.34	4236.67
337.36	5400.67
337.39	6022.00
337.41	6126.67
337.44	5632.67
337.46	4590.67
337.49	2995.33
337.51	1209.33
337.53	-975.33
337.56	-3096.67
337.58	-4846.00
337.61	-6018.66
337.63	-6495.33
337.66	-6322.67
337.68	-5853.33
337.71	-5117.33
337.73	-4323.33
337.75	-3604.67
337.78	-2872.67
337.80	-2308.66
337.83	-1850.00
337.85	-1542.00
337.88	-1365.33
337.90	-1140.66
337.93	-996.67
337.95	-919.34
337.97	-873.33
338.00	-776.00
338.02	-630.66
338.05	-670.00
338.07	-549.34
338.10	-484.00
338.12	-592.67
338.14	-485.33
338.17	-440.00
338.19	-467.33
338.22	-546.00
338.24	-515.33
338.27	-502.67
338.29	-444.67
338.32	-418.00
338.34	-376.67
338.36	-436.67
338.39	-304.00
338.41	-262.00
338.44	-322.00
338.46	-421.34
338.49	-302.00
338.51	-344.00
338.53	-290.66
338.56	-322.00
338.58	-303.33
338.61	-341.34
338.63	-311.34
338.66	-310.00
338.68	-474.00
338.71	-392.67
338.73	-290.00
338.75	-272.67
338.78	-404.00
338.80	-398.00
338.83	-326.67
338.85	-290.00
338.88	-316.00
338.90	-267.33
338.93	-384.00
338.95	-374.00
338.97	-366.00
339.00	-234.67
339.02	-258.66
339.05	-270.66
339.07	-314.67
339.10	-290.00
339.12	-339.34
339.14	-410.00
339.17	-454.67
339.19	-325.33
339.22	-176.67
339.24	-287.33
339.27	-343.33
339.29	-317.33
339.32	-361.34
339.34	-349.34
339.36	-250.00
339.39	-222.00
339.41	-256.00
339.44	-292.00
339.46	-224.67
339.49	-199.34
339.51	-236.67
339.54	-309.34
339.56	-354.67
339.58	-207.33
339.61	-286.67
339.63	-328.00
339.66	-318.00
339.68	-200.00
339.71	-184.00
339.73	-287.33
339.75	-255.33
339.78	-233.33
339.80	-264.67
339.83	-236.00
339.85	-229.34
339.88	-352.67
339.90	-438.00
339.93	-354.67
339.95	-352.00
339.97	-313.33
340.00	-285.33
340.02	-269.34
340.05	-312.00
340.07	-264.67
340.10	-238.66
340.12	-256.00
340.15	-298.66
340.17	-294.67
340.19	-258.66
340.22	-220.66
340.24	-232.00
340.27	-312.00
340.29	-308.66
340.32	-274.00
340.34	-239.34
340.36	-250.66
340.39	-270.00
340.41	-166.67
340.44	-238.66
340.46	-256.67
340.49	-253.33
340.51	-257.33
340.54	-312.67
340.56	-305.33
340.58	-180.66
340.61	-138.66
340.63	-188.00
340.66	-224.67
340.68	-248.00
340.71	-172.00
340.73	-175.33
340.75	-258.66
340.78	-340.66
340.80	-297.33
340.83	-298.66
340.85	-319.34
340.88	-240.66
340.90	-260.00
340.93	-262.67
340.95	-244.00
340.97	-140.00
341.00	-226.00
341.02	-192.00
341.05	-160.00
341.07	-125.33
341.10	-156.67
341.12	-162.00
341.15	-158.00
341.17	-198.00
341.19	-212.67
341.22	-262.00
341.24	-227.33
341.27	-191.34
341.29	-218.00
341.32	-204.67
341.34	-112.67
341.36	-200.00
341.39	-144.67
341.41	-136.00
341.44	-86.00
341.46	-214.67
341.49	-273.33
341.51	-276.00
341.54	-170.66
341.56	-152.00
341.58	-150.00
341.61	-252.00
341.63	-340.00
341.66	-334.00
341.68	-194.00
341.71	-164.00
341.73	-230.66
341.76	-168.00
341.78	-76.00
341.80	-180.00
341.83	-172.67
341.85	-216.00
341.88	-225.33
341.90	-246.67
341.93	-224.00
341.95	-262.67
341.97	-189.34
342.00	-213.33
342.02	-250.00
342.05	-265.33
342.07	-232.00
342.10	-324.00
342.12	-332.67
342.15	-232.00
342.17	-162.00
342.19	-216.67
342.22	-238.66
342.24	-154.67
342.27	-176.00
342.29	-231.34
342.32	-253.33
342.34	-94.00
342.36	-114.67
342.39	-146.67
342.41	-103.33
342.44	-165.33
342.46	-182.00
342.49	-202.00
342.51	-186.00
342.54	-148.00
342.56	-232.67
342.58	-327.33
342.61	-251.34
342.63	-151.34
342.66	-149.34
342.68	-190.00
342.71	-124.00
342.73	-75.33
342.76	-206.00
342.78	-147.33
342.80	-240.66
342.83	-266.67
342.85	-326.67
342.88	-275.33
342.90	-150.66
342.93	-188.66
342.95	-217.33
342.97	-108.00
343.00	-107.33
343.02	-111.34
343.05	-184.00
343.07	-186.00
343.10	-214.00
343.12	-264.67
343.15	-190.66
343.17	-124.67
343.19	-106.00
343.22	-128.66
343.24	-185.33
343.27	-144.00
343.29	-158.66
343.32	-234.00
343.34	-134.67
343.37	-122.67
343.39	-187.33
343.41	-240.00
343.44	-146.67
343.46	-134.67
343.49	-228.66
343.51	-170.66
343.54	-90.00
343.56	-118.00
343.58	-70.66
343.61	-30.00
343.63	-106.67
343.66	-69.34
343.68	-61.34
343.71	-97.33
343.73	-90.66
343.76	-73.33
343.78	-52.00
343.80	-69.34
343.83	30.67
343.85	37.33
343.88	25.33
343.90	27.33
343.93	80.00
343.95	-14.00
343.98	-18.67
344.00	-85.33
344.02	-46.00
344.05	-84.67
344.07	-114.67
344.10	-14.67
344.12	35.33
344.15	6.67
344.17	-36.00
344.19	107.33
344.22	49.33
344.24	48.67
344.27	44.67
344.29	153.33
344.32	180.00
344.34	108.00
344.37	265.33
344.39	256.67
344.41	100.00
344.44	126.67
344.46	170.00
344.49	142.00
344.51	97.33
344.54	228.67
344.56	144.67
344.58	208.67
344.61	234.67
344.63	343.33
344.66	283.33
344.68	359.33
344.71	458.00
344.73	504.67
344.76	464.00
344.78	481.33
344.80	598.00
344.83	543.33
344.85	616.67
344.88	641.33
344.90	727.33
344.93	712.67
344.95	724.00
344.98	839.33
345.00	837.33
345.02	977.33
345.05	821.33
345.07	809.33
345.10	965.33
345.12	1130.67
345.15	1159.33
345.17	1182.00
345.19	1260.67
345.22	1278.67
345.24	1294.00
345.27	1460.00
345.29	1458.00
345.32	1511.33
345.34	1680.67
345.37	1762.00
345.39	1736.00
345.41	1718.67
345.44	1808.67
345.46	1976.00
345.49	1998.00
345.51	2010.67
345.54	2180.00
345.56	2292.67
345.59	2296.67
345.61	2293.33
345.63	2316.67
345.66	2434.67
345.68	2468.00
345.71	2408.00
345.73	2363.33
345.76	2456.00
345.78	2514.00
345.80	2454.00
345.83	2486.67
345.85	2350.67
345.88	2252.00
345.90	2205.33
345.93	2138.00
345.95	2019.33
345.98	1781.33
346.00	1642.67
346.02	1441.33
346.05	1358.00
346.07	1043.33
346.10	874.67
346.12	703.33
346.15	429.33
346.17	219.33
346.19	-46.67
346.22	-394.67
346.24	-695.33
346.27	-924.67
346.29	-1188.66
346.32	-1458.66
346.34	-1698.00
346.37	-1894.00
346.39	-2102.67
346.41	-2242.67
346.44	-2396.00
346.46	-2534.00
346.49	-2666.00
346.51	-2786.00
346.54	-2800.66
346.56	-2859.34
346.59	-2881.34
346.61	-2739.34
346.63	-2802.00
346.66	-2798.66
346.68	-2824.67
346.71	-2839.34
346.73	-2910.66
346.76	-2850.00
346.78	-2764.00
346.80	-2770.66
346.83	-2688.66
346.85	-2609.34
346.88	-2444.67
346.90	-2458.00
346.93	-2399.34
346.95	-2277.33
346.98	-2210.00
347.00	-2184.67
347.02	-2084.67
347.05	-1957.33
347.07	-1944.00
347.10	-1959.34
347.12	-1846.67
347.15	-1766.00
347.17	-1787.33
347.20	-1670.00
347.22	-1532.67
347.24	-1506.67
347.27	-1484.00
347.29	-1386.67
347.32	-1342.00
347.34	-1405.33
347.37	-1365.33
347.39	-1260.66
347.41	-1176.67
347.44	-1114.00
347.46	-1255.33
347.49	-1214.67
347.51	-1134.67
347.54	-1124.67
347.56	-1082.00
347.59	-933.33
347.61	-871.34
347.63	-998.66
347.66	-996.67
347.68	-849.34
347.71	-800.00
347.73	-819.34
347.76	-795.33
347.78	-802.00
347.81	-716.00
347.83	-768.00
347.85	-680.66
347.88	-631.34
347.90	-596.67
347.93	-592.67
347.95	-660.66
347.98	-572.67
348.00	-559.34
348.02	-596.67
348.05	-691.34
348.07	-602.67
348.10	-658.00
348.12	-746.67
348.15	-636.67
348.17	-520.66
348.20	-631.34
348.22	-608.00
348.24	-457.33
348.27	-436.00
348.29	-496.00
348.32	-414.67
348.34	-425.33
348.37	-419.34
348.39	-324.67
348.41	-339.34
348.44	-353.33
348.46	-459.34
348.49	-440.66
348.51	-573.33
348.54	-512.00
348.56	-404.00
348.59	-395.33
348.61	-389.34
348.63	-353.33
348.66	-328.00
348.68	-330.66
348.71	-342.67
348.73	-252.00
348.76	-346.00
348.78	-424.67
348.81	-430.00
348.83	-470.00
348.85	-390.66
348.88	-390.66
348.90	-308.00
348.93	-367.33
348.95	-323.33
348.98	-344.67
349.00	-365.33
349.02	-428.66
349.05	-408.66
349.07	-322.67
349.10	-368.66
349.12	-436.67
349.15	-366.67
349.17	-288.00
349.20	-276.67
349.22	-374.67
349.24	-388.00
349.27	-423.33
349.29	-340.00
349.32	-283.33
349.34	-279.34
349.37	-331.34
349.39	-344.67
349.42	-352.00
349.44	-316.00
349.46	-260.00
349.49	-390.00
349.51	-370.00
349.54	-326.67
349.56	-386.67
349.59	-390.66
349.61	-259.34
349.63	-370.00
349.66	-313.33
349.68	-258.00
349.71	-286.00
349.73	-313.33
349.76	-388.00
349.78	-414.67
349.81	-337.33
349.83	-297.33
349.85	-282.00
349.88	-334.00
349.90	-358.66
349.93	-270.66
349.95	-361.34
349.98	-318.00
350.00	-206.67
350.02	-244.00
350.05	-354.67
350.07	-279.34
350.10	-80.00
350.12	-219.34
350.15	-292.67
350.17	-238.00
350.20	-275.33
350.22	-313.33
350.24	-231.34
350.27	-225.33
350.29	-305.33
350.32	-319.34
350.34	-290.00
350.37	-172.00
350.39	-248.66
350.42	-324.00
350.44	-324.67
350.46	-296.67
350.49	-272.67
350.51	-318.66
350.54	-191.34
350.56	-136.67
350.59	-175.33
350.61	-187.33
350.63	-223.33
350.66	-286.00
350.68	-270.66
350.71	-225.33
350.73	-268.66
350.76	-274.00
350.78	-296.00
350.81	-156.00
350.83	-130.00
350.85	-252.00
350.88	-264.00
350.90	-265.33
350.93	-261.34
350.95	-252.67
350.98	-183.33
351.00	-152.00
351.03	-202.67
351.05	-200.66
351.07	-274.00
351.10	-282.67
351.12	-272.00
351.15	-309.34
351.17	-328.66
351.20	-255.33
351.22	-196.00
351.24	-280.00
351.27	-220.00
351.29	-215.33
351.32	-213.33
351.34	-311.34
351.37	-237.33
351.39	-196.00
351.42	-208.66
351.44	-226.67
351.46	-317.33
351.49	-284.67
351.51	-272.00
351.54	-256.00
351.56	-240.66
351.59	-129.34
351.61	-161.34
351.64	-263.33
351.66	-272.67
351.68	-285.33
351.71	-280.66
351.73	-167.33
351.76	-136.00
351.78	-183.33
351.81	-224.00
351.83	-140.00
351.85	-42.00
351.88	-131.34
351.90	-173.33
351.93	-104.00
351.95	-151.34
351.98	-288.00
352.00	-262.67
352.03	-145.33
352.05	-192.67
352.07	-205.33
352.10	-143.33
352.12	-248.66
352.15	-231.34
352.17	-252.00
352.20	-187.33
352.22	-98.00
352.24	-157.33
352.27	-207.33
352.29	-192.00
352.32	-135.33
352.34	-235.33
352.37	-348.66
352.39	-339.34
352.42	-298.00
352.44	-191.34
352.46	-84.00
352.49	-124.67
352.51	-204.00
352.54	-236.67
352.56	-292.67
352.59	-248.00
352.61	-239.34
352.64	-252.67
352.66	-161.34
352.68	-124.00
352.71	-199.34
352.73	-224.00
352.76	-254.67
352.78	-374.67
352.81	-365.33
352.83	-352.00
352.85	-318.00
352.88	-195.33
352.90	-312.00
352.93	-320.00
352.95	-217.33
352.98	-175.33
353.00	-269.34
353.03	-196.67
353.05	-142.00
353.07	-169.34
353.10	-131.34
353.12	-123.33
353.15	-136.67
353.17	-275.33
353.20	-290.00
353.22	-213.33
353.25	-158.66
353.27	-152.00
353.29	-141.34
353.32	-156.00
353.34	-77.33
353.37	-184.67
353.39	-332.67
353.42	-214.67
353.44	-56.00
353.46	-112.67
353.49	-136.00
353.51	-100.66
353.54	-190.66
353.56	-201.34
353.59	-199.34
353.61	-98.00
353.64	-114.67
353.66	-161.34
353.68	-138.66
353.71	-281.34
353.73	-226.67
353.76	-102.00
353.78	-228.66
353.81	-275.33
353.83	-312.00
353.86	-252.00
353.88	-92.67
353.90	-93.33
353.93	-162.67
353.95	-263.33
353.98	-222.67
354.00	-292.00
354.03	-318.66
354.05	-294.67
354.07	-151.34
354.10	-164.67
354.12	-50.66
354.15	-95.33
354.17	-42.00
354.20	-140.00
354.22	-123.33
354.25	-96.00
354.27	-66.00
354.29	-38.00
354.32	-16.67
354.34	-80.00
354.37	-60.00
354.39	-52.00
354.42	-142.00
354.44	-103.33
354.46	-79.34
354.49	-56.00
354.51	-23.33
354.54	37.33
354.56	-19.33
354.59	-63.33
354.61	-107.33
354.64	-154.67
354.66	-142.00
354.68	-210.66
354.71	-133.33
354.73	-104.00
354.76	-38.00
354.78	74.67
354.81	17.33
354.83	-73.33
354.86	-70.66
354.88	24.00
354.90	47.33
354.93	18.00
354.95	70.00
354.98	-6.00
355.00	-78.00
355.03	10.67
355.05	-38.00
355.07	-21.33
355.10	42.00
355.12	0.00
355.15	-34.00
355.17	102.67
355.20	78.00
355.22	-22.00
355.25	6.00
355.27	56.67
355.29	-62.00
355.32	-20.67
355.34	-26.00
355.37	-20.67
355.39	109.33
355.42	187.33
355.44	220.00
355.47	116.00
355.49	72.00
355.51	110.00
355.54	94.00
355.56	91.33
355.59	186.00
355.61	177.33
355.64	244.67
355.66	166.67
355.68	155.33
355.71	120.67
355.73	199.33
355.76	255.33
355.78	309.33
355.81	359.33
355.83	304.67
355.86	267.33
355.88	366.00
355.90	406.00
355.93	360.67
355.95	336.00
355.98	249.33
356.00	396.00
356.03	378.00
356.05	468.00
356.07	542.67
356.10	557.33
356.12	508.00
356.15	472.00
356.17	665.33
356.20	726.67
356.22	722.67
356.25	791.33
356.27	807.33
356.29	768.00
356.32	790.00
356.34	900.00
356.37	986.00
356.39	1022.67
356.42	989.33
356.44	986.00
356.47	1007.33
356.49	1031.33
356.51	1127.33
356.54	1282.67
356.56	1335.33
356.59	1238.67
356.61	1234.67
356.64	1303.33
356.66	1343.33
356.68	1360.00
356.71	1508.00
356.73	1588.67
356.76	1648.00
356.78	1567.33
356.81	1587.33
356.83	1635.33
356.86	1734.67
356.88	1632.00
356.90	1660.67
356.93	1755.33
356.95	1693.33
356.98	1742.67
357.00	1683.33
357.03	1681.33
357.05	1685.33
357.08	1637.33
357.10	1637.33
357.12	1626.67
357.15	1495.33
357.17	1449.33
357.20	1458.67
357.22	1270.67
357.25	1158.00
357.27	984.67
357.29	936.00
357.32	739.33
357.34	488.00
357.37	322.67
357.39	270.67
357.42	110.00
357.44	-86.00
357.47	-188.66
357.49	-395.33
357.51	-561.34
357.54	-731.34
357.56	-868.00
357.59	-1012.00
357.61	-1180.66
357.64	-1333.33
357.66	-1416.67
357.69	-1510.00
357.71	-1692.67
357.73	-1824.67
357.76	-1911.34
357.78	-2011.34
357.81	-2065.33
357.83	-1968.00
357.86	-1859.34
357.88	-2136.00
357.90	-2148.00
357.93	-2126.67
357.95	-2175.33
357.98	-2271.34
358.00	-2232.00
358.03	-2242.00
358.05	-2204.00
358.08	-2188.66
358.10	-2110.66
358.12	-2034.00
358.15	-2071.34
358.17	-2100.66
358.20	-1994.67
358.22	-2024.00
358.25	-2074.67
358.27	-2042.00
358.29	-1822.00
358.32	-1874.67
358.34	-1902.67
358.37	-1770.00
358.39	-1722.67
358.42	-1621.34
358.44	-1620.66
358.47	-1638.00
358.49	-1591.34
358.51	-1531.34
358.54	-1430.00
358.56	-1320.66
358.59	-1306.00
358.61	-1364.67
358.64	-1273.33
358.66	-1301.34
358.69	-1111.34
358.71	-1100.66
358.73	-1093.33
358.76	-1088.00
358.78	-1086.00
358.81	-1088.66
358.83	-996.67
358.86	-797.33
358.88	-976.00
358.90	-1026.00
358.93	-1033.33
358.95	-933.33
358.98	-1013.33
359.00	-1078.66
359.03	-822.67
359.05	-688.66
359.08	-836.67
359.10	-770.66
359.12	-775.33
359.15	-684.00
359.17	-767.33
359.20	-766.67
359.22	-739.34
359.25	-786.00
359.27	-722.00
359.30	-718.00
359.32	-730.00
359.34	-686.00
359.37	-716.00
359.39	-770.66
359.42	-665.33
359.44	-607.33
359.47	-644.00
359.49	-640.66
359.51	-586.67
359.54	-562.67
359.56	-635.33
359.59	-531.34
359.61	-615.33
359.64	-588.66
359.66	-568.66
359.69	-424.67
359.71	-390.00
359.73	-544.67
359.76	-560.00
359.78	-512.00
359.81	-452.00
359.83	-360.00
359.86	-389.34
359.88	-523.33
359.90	-520.00
359.93	-516.00
359.95	-530.00
359.98	-434.67
360.00	-480.66
360.03	-508.00
360.05	-456.00
360.08	-402.00
360.10	-342.00
360.12	-394.00
360.15	-319.34
360.17	-309.34
360.20	-413.33
360.22	-410.00
360.25	-353.33
360.27	-411.34
360.30	-451.34
360.32	-408.66
360.34	-334.67
360.37	-274.00
360.39	-310.66
360.42	-314.67
360.44	-393.33
360.47	-264.67
360.49	-276.00
360.51	-362.00
360.54	-346.00
360.56	-326.00
360.59	-298.66
360.61	-362.00
360.64	-448.00
360.66	-412.00
360.69	-405.33
360.71	-297.33
360.73	-317.33
360.76	-404.00
360.78	-335.33
360.81	-314.67
360.83	-430.66
360.86	-398.00
360.88	-395.33
360.91	-419.34
360.93	-440.66
360.95	-396.00
360.98	-256.67
361.00	-262.00
361.03	-350.66
361.05	-248.66
361.08	-157.33
361.10	-160.66
361.12	-271.34
361.15	-280.00
361.17	-378.66
361.20	-260.00
361.22	-316.00
361.25	-321.34
361.27	-290.66
361.30	-306.67
361.32	-284.00
361.34	-292.67
361.37	-416.00
361.39	-391.34
361.42	-234.00
361.44	-390.00
361.47	-362.67
361.49	-347.33
361.52	-250.00
361.54	-362.67
361.56	-361.34
361.59	-356.67
361.61	-323.33
361.64	-240.00
361.66	-258.66
361.69	-254.67
361.71	-246.00
361.73	-194.67
361.76	-274.67
361.78	-216.67
361.81	-236.00
361.83	-310.00
361.86	-378.00
361.88	-442.67
361.91	-291.34
361.93	-210.66
361.95	-336.67
361.98	-302.67
362.00	-256.67
362.03	-332.00
362.05	-394.67
362.08	-246.67
362.10	-198.00
362.12	-283.33
362.15	-325.33
362.17	-150.66
362.20	-152.00
362.22	-202.00
362.25	-195.33
362.27	-228.66
362.30	-188.00
362.32	-318.00
362.34	-322.67
362.37	-245.33
362.39	-197.33
362.42	-208.00
362.44	-286.00
362.47	-260.66
362.49	-237.33
362.52	-252.00
362.54	-186.00
362.56	-225.33
362.59	-306.00
362.61	-277.33
362.64	-337.33
362.66	-249.34
362.69	-266.67
362.71	-345.33
362.73	-283.33
362.76	-352.00
362.78	-336.00
362.81	-240.66
362.83	-230.66
362.86	-166.00
362.88	-218.00
362.91	-305.33
362.93	-362.00
362.95	-294.67
362.98	-286.67
363.00	-199.34
363.03	-141.34
363.05	-228.00
363.08	-291.34
363.10	-190.66
363.13	-105.33
363.15	-158.66
363.17	-154.67
363.20	-188.66
363.22	-246.00
363.25	-191.34
363.27	-216.00
363.30	-232.67
363.32	-245.33
363.34	-200.00
363.37	-202.00
363.39	-190.66
363.42	-219.34
363.44	-232.67
363.47	-196.00
363.49	-257.33
363.52	-292.00
363.54	-193.33
363.56	-222.00
363.59	-256.00
363.61	-280.00
363.64	-183.33
363.66	-138.66
363.69	-245.33
363.71	-398.66
363.73	-331.34
363.76	-156.00
363.78	-136.00
363.81	-298.00
363.83	-329.34
363.86	-261.34
363.88	-287.33
363.91	-245.33
363.93	-265.33
363.95	-268.00
363.98	-298.00
364.00	-271.34
364.03	-246.00
364.05	-269.34
364.08	-284.67
364.10	-230.00
364.13	-140.66
364.15	-222.00
364.17	-382.00
364.20	-333.33
364.22	-153.33
364.25	-170.00
364.27	-214.67
364.30	-280.66
364.32	-196.00
364.34	-179.34
364.37	-176.00
364.39	-114.00
364.42	-141.34
364.44	-216.00
364.47	-154.67
364.49	-228.00
364.52	-424.00
364.54	-363.33
364.56	-207.33
364.59	-208.66
364.61	-280.00
364.64	-291.34
364.66	-216.00
364.69	-191.34
364.71	-175.33
364.74	-215.33
364.76	-196.67
364.78	-224.00
364.81	-293.33
364.83	-274.00
364.86	-204.00
364.88	-230.00
364.91	-224.67
364.93	-231.34
364.95	-204.00
364.98	-194.67
365.00	-166.67
365.03	-122.00
365.05	-70.66
365.08	-167.33
365.10	-200.00
365.13	-238.00
365.15	-189.34
365.17	-182.00
365.20	-129.34
365.22	-91.34
365.25	-87.33
365.27	-174.67
365.30	-118.66
365.32	-118.00
365.35	-184.00
365.37	-263.33
365.39	-367.33
365.42	-180.66
365.44	-98.00
365.47	-208.66
365.49	-267.33
365.52	-174.67
365.54	-194.67
365.56	-236.67
365.59	-138.00
365.61	-170.00
365.64	-200.00
365.66	-206.67
365.69	-180.00
365.71	-145.33
365.74	-153.33
365.76	-127.33
365.78	-108.66
365.81	-130.66
365.83	-180.00
365.86	-120.00
365.88	-92.67
365.91	-93.33
365.93	-140.00
365.95	-230.00
365.98	-212.00
366.00	-169.34
366.03	-202.67
366.05	-146.00
366.08	-102.00
366.10	-99.34
366.13	-104.67
366.15	-64.67
366.17	-114.00
366.20	-76.67
366.22	-92.67
366.25	-125.33
366.27	-214.00
366.30	-131.34
366.32	-61.34
366.35	-120.66
366.37	-99.34
366.39	-137.33
366.42	-132.00
366.44	-90.00
366.47	-54.67
366.49	56.67
366.52	143.33
366.54	128.00
366.56	60.00
366.59	-62.67
366.61	-68.66
366.64	-32.67
366.66	-70.66
366.69	0.67
366.71	38.67
366.74	57.33
366.76	-5.33
366.78	60.00
366.81	-10.67
366.83	-102.00
366.86	-66.00
366.88	12.00
366.91	-8.67
366.93	68.67
366.96	142.67
366.98	164.67
367.00	115.33
367.03	46.00
367.05	80.00
367.08	62.67
367.10	136.00
367.13	139.33
367.15	169.33
367.17	212.00
367.20	215.33
367.22	204.00
367.25	218.67
367.27	258.67
367.30	231.33
367.32	201.33
367.35	291.33
367.37	258.67
367.39	280.67
367.42	329.33
367.44	284.67
367.47	250.00
367.49	280.00
367.52	411.33
367.54	464.00
367.57	368.67
367.59	312.00
367.61	332.67
367.64	408.67
367.66	408.00
367.69	417.33
367.71	428.67
367.74	463.33
367.76	429.33
367.78	495.33
367.81	466.00
367.83	632.00
367.86	561.33
367.88	609.33
367.91	697.33
367.93	699.33
367.96	629.33
367.98	734.67
368.00	798.67
368.03	723.33
368.05	744.00
368.08	825.33
368.10	934.67
368.13	873.33
368.15	920.67
368.17	919.33
368.20	952.67
368.22	964.67
368.25	861.33
368.27	879.33
368.30	1020.67
368.32	1033.33
368.35	1022.00
368.37	1040.67
368.39	1065.33
368.42	1054.00
368.44	1112.67
368.47	1132.67
368.49	1158.00
368.52	1113.33
368.54	1036.00
368.57	1017.33
368.59	1100.67
368.61	1108.67
368.64	1070.67
368.66	1093.33
368.69	951.33
368.71	864.67
368.74	781.33
368.76	771.33
368.78	689.33
368.81	681.33
368.83	642.67
368.86	599.33
368.88	416.00
368.91	312.00
368.93	344.00
368.96	184.67
368.98	30.00
369.00	3.33
369.03	3.33
369.05	-186.00
369.08	-236.67
369.10	-274.00
369.13	-369.34
369.15	-565.33
369.18	-677.33
369.20	-644.67
369.22	-677.33
369.25	-795.33
369.27	-813.33
369.30	-996.67
369.32	-1186.00
369.35	-1260.00
369.37	-1316.00
369.39	-1326.00
369.42	-1264.00
369.44	-1373.33
369.47	-1442.67
369.49	-1391.34
369.52	-1477.33
369.54	-1532.00
369.57	-1495.33
369.59	-1495.33
369.61	-1526.00
369.64	-1455.33
369.66	-1494.67
369.69	-1624.67
369.71	-1654.00
369.74	-1529.34
369.76	-1544.67
369.78	-1594.00
369.81	-1586.67
369.83	-1559.34
369.86	-1518.66
369.88	-1474.67
369.91	-1415.33
369.93	-1420.00
369.96	-1446.00
369.98	-1425.33
370.00	-1447.33
370.03	-1388.66
370.05	-1306.67
370.08	-1314.00
370.10	-1301.34
370.13	-1236.67
370.15	-1236.00
370.18	-1293.33
370.20	-1231.34
370.22	-1066.67
370.25	-1129.34
370.27	-1156.67
370.30	-985.33
370.32	-921.34
370.35	-1088.00
370.37	-1134.00
370.39	-1152.00
370.42	-1043.33
370.44	-1010.00
370.47	-954.00
370.49	-1100.66
370.52	-1071.34
370.54	-968.00
370.57	-880.66
370.59	-809.34
370.61	-760.66
370.64	-741.34
370.66	-760.66
370.69	-756.67
370.71	-851.34
370.74	-860.00
370.76	-828.66
370.79	-769.34
370.81	-714.67
370.83	-618.66
370.86	-705.33
370.88	-663.33
370.91	-722.00
370.93	-680.00
370.96	-578.00
370.98	-526.00
371.00	-610.66
371.03	-556.00
371.05	-535.33
371.08	-548.66
371.10	-510.66
371.13	-479.34
371.15	-533.33
371.18	-616.00
371.20	-594.00
371.22	-589.34
371.25	-589.34
371.27	-580.00
371.30	-590.00
371.32	-534.00
371.35	-500.00
371.37	-533.33
371.40	-530.00
371.42	-437.33
371.44	-448.66
371.47	-476.67
371.49	-425.33
371.52	-457.33
371.54	-500.66
371.57	-436.00
371.59	-430.00
371.61	-454.00
371.64	-467.33
371.66	-390.66
371.69	-260.66
371.71	-357.33
371.74	-439.34
371.76	-433.33
371.79	-421.34
371.81	-456.67
371.83	-462.67
371.86	-436.00
371.88	-345.33
371.91	-412.00
371.93	-464.67
371.96	-462.67
371.98	-394.00
372.00	-324.00
372.03	-369.34
372.05	-387.33
372.08	-188.00
372.10	-264.67
372.13	-261.34
372.15	-251.34
372.18	-349.34
372.20	-505.33
372.22	-529.34
372.25	-524.67
372.27	-416.00
372.30	-326.67
372.32	-290.00
372.35	-288.00
372.37	-366.67
372.40	-302.67
372.42	-282.00
372.44	-381.34
372.47	-422.67
372.49	-354.00
372.52	-366.67
372.54	-312.00
372.57	-276.00
372.59	-253.33
372.61	-169.34
372.64	-341.34
372.66	-446.00
372.69	-340.00
372.71	-280.00
372.74	-272.00
372.76	-422.00
372.79	-362.67
372.81	-404.00
372.83	-462.00
372.86	-360.00
372.88	-306.00
372.91	-287.33
372.93	-284.00
372.96	-295.33
372.98	-284.67
373.01	-265.33
373.03	-400.66
373.05	-473.33
373.08	-416.67
373.10	-272.00
373.13	-203.33
373.15	-216.67
373.18	-118.00
373.20	-196.67
373.22	-130.00
373.25	-142.00
373.27	-133.33
373.30	-240.00
373.32	-255.33
373.35	-245.33
373.37	-229.34
373.40	-284.67
373.42	-347.33
373.44	-304.00
373.47	-292.67
373.49	-318.66
373.52	-251.34
373.54	-342.67
373.57	-354.67
373.59	-329.34
373.61	-200.00
373.64	-286.00
373.66	-292.00
373.69	-297.33
373.71	-239.34
373.74	-188.66
373.76	-297.33
373.79	-284.67
373.81	-219.34
373.83	-187.33
373.86	-236.00
373.88	-246.00
373.91	-169.34
373.93	-182.67
373.96	-255.33
373.98	-238.66
374.01	-105.33
374.03	-172.00
374.05	-243.33
374.08	-273.33
374.10	-229.34
374.13	-276.67
374.15	-301.34
374.18	-296.00
374.20	-336.00
374.22	-277.33
374.25	-231.34
374.27	-239.34
374.30	-270.66
374.32	-331.34
374.35	-280.66
374.37	-202.00
374.40	-303.33
374.42	-255.33
374.44	-192.00
374.47	-185.33
374.49	-324.00
374.52	-384.00
374.54	-256.00
374.57	-212.67
374.59	-224.67
374.62	-188.00
374.64	-222.67
374.66	-268.66
374.69	-274.67
374.71	-255.33
374.74	-292.00
374.76	-201.34
374.79	-205.33
374.81	-256.67
374.83	-222.67
374.86	-280.00
374.88	-268.00
374.91	-253.33
374.93	-212.67
374.96	-291.34
374.98	-325.33
375.01	-320.66
375.03	-262.67
375.05	-200.00
375.08	-240.66
375.10	-240.00
375.13	-176.00
375.15	-274.67
375.18	-291.34
375.20	-292.00
375.23	-321.34
375.25	-284.67
375.27	-150.66
375.30	-83.33
375.32	-142.67
375.35	-231.34
375.37	-288.00
375.40	-224.67
375.42	-250.66
375.44	-205.33
375.47	-204.67
375.49	-250.66
375.52	-252.00
375.54	-196.00
375.57	-126.67
375.59	-106.00
375.62	-237.33
375.64	-181.34
375.66	-234.00
375.69	-312.67
375.71	-297.33
375.74	-242.00
375.76	-229.34
375.79	-362.67
375.81	-356.00
375.83	-249.34
375.86	-181.34
375.88	-262.00
375.91	-224.00
375.93	-147.33
375.96	-166.00
375.98	-229.34
376.01	-133.33
376.03	-164.67
376.05	-193.33
376.08	-282.00
376.10	-288.66
376.13	-315.33
376.15	-254.00
376.18	-292.67
376.20	-284.67
376.23	-172.67
376.25	-160.00
376.27	-260.00
376.30	-286.67
376.32	-256.00
376.35	-296.67
376.37	-201.34
376.40	-221.34
376.42	-187.33
376.44	-188.66
376.47	-240.00
376.49	-254.67
376.52	-247.33
376.54	-362.67
376.57	-240.00
376.59	-180.66
376.62	-271.34
376.64	-239.34
376.66	-183.33
376.69	-191.34
376.71	-264.00
376.74	-318.00
376.76	-252.67
376.79	-134.67
376.81	-182.67
376.84	-112.67
376.86	-126.00
376.88	-98.66
376.91	-216.00
376.93	-166.67
376.96	-109.34
376.98	-252.00
377.01	-305.33
377.03	-166.67
377.05	-120.66
377.08	-166.67
377.10	-158.00
377.13	-162.67
377.15	-124.67
377.18	-192.00
377.20	-133.33
377.23	-233.33
377.25	-148.00
377.27	-186.67
377.30	-164.67
377.32	-104.00
377.35	-147.33
377.37	-275.33
377.40	-272.67
377.42	-189.34
377.45	-217.33
377.47	-294.67
377.49	-173.33
377.52	-98.66
377.54	-200.00
377.57	-276.00
377.59	-209.34
377.62	-232.00
377.64	-219.34
377.66	-133.33
377.69	-50.00
377.71	-132.67
377.74	-192.00
377.76	-222.67
377.79	-128.00
377.81	-86.00
377.84	-126.00
377.86	-80.00
377.88	-76.00
377.91	-132.67
377.93	-114.67
377.96	-92.67
377.98	-45.33
378.01	-196.00
378.03	-204.67
378.05	-101.34
378.08	-111.34
378.10	-121.34
378.13	-82.67
378.15	-28.00
378.18	-32.00
378.20	-138.66
378.23	-150.00
378.25	-120.66
378.27	-135.33
378.30	-124.00
378.32	-80.00
378.35	-110.66
378.37	-168.66
378.40	-116.67
378.42	-10.00
378.45	72.67
378.47	-16.67
378.49	-4.00
378.52	92.67
378.54	182.00
378.57	25.33
378.59	-27.33
378.62	-23.33
378.64	-58.66
378.66	-116.00
378.69	36.67
378.71	140.67
378.74	-4.67
378.76	-5.33
378.79	94.00
378.81	74.67
378.84	4.00
378.86	100.67
378.88	51.33
378.91	184.00
378.93	234.00
378.96	191.33
378.98	202.00
379.01	240.00
379.03	123.33
379.06	25.33
379.08	103.33
379.10	50.00
379.13	-7.33
379.15	45.33
379.18	158.67
379.20	166.00
379.23	128.67
379.25	166.00
379.27	238.67
379.30	180.00
379.32	176.67
379.35	196.00
379.37	156.67
379.40	78.00
379.42	76.00
379.45	187.33
379.47	307.33
379.49	264.00
379.52	292.67
379.54	259.33
379.57	406.00
379.59	332.67
379.62	386.67
379.64	366.67
379.66	364.67
379.69	361.33
379.71	476.00
379.74	532.00
379.76	374.00
379.79	466.00
379.81	556.00
379.84	559.33
379.86	503.33
379.88	588.67
379.91	552.67
379.93	514.67
379.96	536.00
379.98	495.33
380.01	555.33
380.03	518.00
380.06	538.67
380.08	664.00
380.10	669.33
380.13	577.33
380.15	532.67
380.18	688.67
380.20	736.00
380.23	674.00
380.25	732.67
380.27	716.67
380.30	723.33
380.32	706.67
380.35	686.00
380.37	603.33
380.40	604.00
380.42	462.67
380.45	557.33
380.47	585.33
380.49	514.00
380.52	586.67
380.54	483.33
380.57	472.00
380.59	480.67
380.62	526.67
380.64	513.33
380.67	571.33
380.69	586.00
380.71	512.00
380.74	455.33
380.76	347.33
380.79	291.33
380.81	259.33
380.84	248.67
380.86	44.00
380.88	-29.33
380.91	18.00
380.93	20.67
380.96	-130.00
380.98	-188.00
381.01	-219.34
381.03	-196.67
381.06	-321.34
381.08	-381.34
381.10	-313.33
381.13	-379.34
381.15	-512.00
381.18	-511.34
381.20	-458.00
381.23	-514.67
381.25	-616.67
381.28	-676.67
381.30	-713.33
381.32	-786.67
381.35	-862.00
381.37	-1036.67
381.40	-1016.00
381.42	-941.34
381.45	-962.67
381.47	-1025.33
381.49	-981.34
381.52	-997.33
381.54	-1116.00
381.57	-1059.34
381.59	-1098.00
381.62	-1185.33
381.64	-1117.33
381.67	-1002.67
381.69	-984.67
381.71	-1079.34
381.74	-1080.66
381.76	-1188.66
381.79	-1269.34
381.81	-1234.00
381.84	-1142.00
381.86	-1185.33
381.88	-1251.34
381.91	-1184.67
381.93	-1101.34
381.96	-1130.66
381.98	-1088.66
382.01	-1136.00
382.03	-1044.00
382.06	-1026.67
382.08	-1024.67
382.10	-918.66
382.13	-878.66
382.15	-985.33
382.18	-1058.00
382.20	-1018.66
382.23	-887.33
382.25	-1002.00
382.28	-1012.67
382.30	-954.67
382.32	-917.33
382.35	-903.33
382.37	-863.33
382.40	-926.00
382.42	-846.00
382.45	-813.33
382.47	-750.66
382.49	-740.66
382.52	-810.00
382.54	-868.66
382.57	-804.67
382.59	-750.66
382.62	-850.00
382.64	-886.00
382.67	-922.67
382.69	-744.00
382.71	-671.34
382.74	-602.00
382.76	-674.67
382.79	-705.33
382.81	-792.00
382.84	-800.00
382.86	-638.00
382.89	-590.66
382.91	-664.67
382.93	-604.00
382.96	-542.00
382.98	-649.34
383.01	-612.67
383.03	-552.00
383.06	-562.67
383.08	-616.00
383.10	-642.00
383.13	-546.67
383.15	-542.00
383.18	-591.34
383.20	-608.00
383.23	-548.00
383.25	-601.34
383.28	-619.34
383.30	-586.00
383.32	-611.34
383.35	-485.33
383.37	-523.33
383.40	-521.34
383.42	-439.34
383.45	-477.33
383.47	-500.66
383.49	-477.33
383.52	-414.67
383.54	-451.34
383.57	-412.67
383.59	-386.67
383.62	-527.33
383.64	-556.67
383.67	-488.00
383.69	-366.67
383.71	-404.00
383.74	-414.67
383.76	-463.33
383.79	-500.66
383.81	-376.67
383.84	-402.67
383.86	-474.67
383.89	-490.00
383.91	-388.00
383.93	-385.33
383.96	-474.67
383.98	-382.00
384.01	-466.67
384.03	-558.00
384.06	-520.66
384.08	-402.67
384.10	-467.33
384.13	-433.33
384.15	-310.66
384.18	-363.33
384.20	-378.00
384.23	-335.33
384.25	-334.67
384.28	-380.66
384.30	-433.33
384.32	-375.33
384.35	-369.34
384.37	-454.67
384.40	-422.67
384.42	-383.33
384.45	-282.00
384.47	-423.33
384.50	-376.67
384.52	-226.00
384.54	-263.33
384.57	-351.34
384.59	-425.33
384.62	-344.00
384.64	-172.67
384.67	-199.34
384.69	-158.66
384.71	-215.33
384.74	-346.67
384.76	-421.34
384.79	-306.00
384.81	-250.66
384.84	-346.00
384.86	-409.34
384.89	-384.67
384.91	-379.34
384.93	-421.34
384.96	-362.00
384.98	-294.00
385.01	-326.67
385.03	-265.33
385.06	-258.00
385.08	-263.33
385.11	-218.00
385.13	-366.00
385.15	-401.34
385.18	-396.00
385.20	-400.00
385.23	-469.34
385.25	-462.00
385.28	-330.66
385.30	-414.67
385.32	-284.67
385.35	-204.67
385.37	-192.67
385.40	-202.67
385.42	-156.67
385.45	-178.66
385.47	-304.67
385.50	-238.00
385.52	-206.00
385.54	-247.33
385.57	-255.33
385.59	-272.00
385.62	-220.66
385.64	-128.66
385.67	-222.00
385.69	-322.67
385.71	-302.67
385.74	-281.34
385.76	-269.34
385.79	-274.00
385.81	-290.66
385.84	-188.00
385.86	-390.66
385.89	-371.34
385.91	-289.34
385.93	-364.00
385.96	-468.00
385.98	-376.00
386.01	-355.33
386.03	-354.00
386.06	-298.66
386.08	-266.00
386.11	-214.00
386.13	-218.66
386.15	-200.00
386.18	-222.00
386.20	-183.33
386.23	-292.00
386.25	-326.00
386.28	-262.00
386.30	-266.00
386.32	-261.34
386.35	-170.00
386.37	-230.00
386.40	-300.00
386.42	-336.00
386.45	-276.67
386.47	-303.33
386.50	-360.66
386.52	-359.34
386.54	-266.00
386.57	-180.00
386.59	-276.00
386.62	-304.00
386.64	-222.00
386.67	-194.00
386.69	-265.33
386.72	-241.34
386.74	-166.67
386.76	-220.66
386.79	-224.00
386.81	-194.00
386.84	-247.33
386.86	-262.00
386.89	-291.34
386.91	-320.00
386.93	-225.33
386.96	-208.00
386.98	-210.66
387.01	-247.33
387.03	-335.33
387.06	-324.67
387.08	-248.66
387.11	-130.66
387.13	-250.00
387.15	-346.00
387.18	-362.67
387.20	-236.67
387.23	-198.00
387.25	-187.33
387.28	-204.67
387.30	-124.67
387.32	-247.33
387.35	-244.00
387.37	-215.33
387.40	-254.67
387.42	-328.66
387.45	-272.67
387.47	-176.67
387.50	-262.67
387.52	-350.00
387.54	-329.34
387.57	-156.00
387.59	-72.00
387.62	-230.66
387.64	-205.33
387.67	-84.00
387.69	-173.33
387.72	-275.33
387.74	-240.00
387.76	-208.66
387.79	-182.67
387.81	-232.00
387.84	-247.33
387.86	-229.34
387.89	-207.33
387.91	-230.00
387.93	-258.66
387.96	-195.33
387.98	-278.00
388.01	-246.00
388.03	-215.33
388.06	-297.33
388.08	-291.34
388.11	-342.00
388.13	-374.00
388.15	-261.34
388.18	-370.66
388.20	-330.66
388.23	-270.00
388.25	-242.00
388.28	-196.67
388.30	-215.33
388.33	-238.66
388.35	-351.34
388.37	-426.67
388.40	-368.66
388.42	-307.33
388.45	-242.00
388.47	-264.00
388.50	-264.67
388.52	-262.67
388.54	-248.66
388.57	-319.34
388.59	-322.67
388.62	-297.33
388.64	-244.67
388.67	-186.67
388.69	-175.33
388.72	-282.67
388.74	-379.34
388.76	-368.00
388.79	-195.33
388.81	-302.00
388.84	-327.33
388.86	-254.00
388.89	-208.66
388.91	-246.67
388.94	-103.33
388.96	-102.67
388.98	-168.00
389.01	-236.67
389.03	-273.33
389.06	-242.00
389.08	-336.67
389.11	-322.67
389.13	-290.00
389.15	-264.67
389.18	-277.33
389.20	-270.00
389.23	-253.33
389.25	-166.67
389.28	-136.00
389.30	-196.00
389.33	-172.67
389.35	-186.00
389.37	-316.67
389.40	-387.33
389.42	-313.33
389.45	-286.00
389.47	-344.00
389.50	-279.34
389.52	-219.34
389.54	-302.00
389.57	-380.66
389.59	-334.00
389.62	-329.34
389.64	-376.00
389.67	-307.33
389.69	-336.67
389.72	-299.34
389.74	-262.00
389.76	-252.67
389.79	-178.00
389.81	-302.00
389.84	-279.34
389.86	-244.67
389.89	-200.00
